run_id,seed,attack_scenario,defense_mechanism,controller_config,batch_id,TP,FP,TN,FN,accuracy,precision,recall,f1_score,balanced_accuracy
primary_42_SilentProbing_afp_Base,42,SilentProbing,afp,Base,0,69,0,414,17,0.966,1.0,0.8023255813953488,0.8903225806451612,0.9011627906976745
primary_42_SilentProbing_afp_Base,42,SilentProbing,afp,Base,1,69,0,414,17,0.966,1.0,0.8023255813953488,0.8903225806451612,0.9011627906976745
primary_42_SilentProbing_afp_Base,42,SilentProbing,afp,Base,2,73,1,413,13,0.972,0.9864864864864865,0.8488372093023255,0.9125,0.9232108751825637
primary_42_SilentProbing_afp_Base,42,SilentProbing,afp,Base,3,69,0,414,17,0.966,1.0,0.8023255813953488,0.8903225806451612,0.9011627906976745
primary_42_SilentProbing_afp_Base,42,SilentProbing,afp,Base,4,75,0,414,11,0.978,1.0,0.872093023255814,0.9316770186335404,0.936046511627907
primary_42_SilentProbing_afp_Base,42,SilentProbing,afp,Base,5,70,0,414,16,0.968,1.0,0.813953488372093,0.8974358974358974,0.9069767441860466
primary_42_SilentProbing_afp_Base,42,SilentProbing,afp,Base,6,73,0,414,13,0.974,1.0,0.8488372093023255,0.9182389937106918,0.9244186046511628
primary_42_SilentProbing_afp_Base,42,SilentProbing,afp,Base,7,69,0,414,17,0.966,1.0,0.8023255813953488,0.8903225806451612,0.9011627906976745
primary_42_SilentProbing_afp_Base,42,SilentProbing,afp,Base,8,66,0,414,20,0.96,1.0,0.7674418604651163,0.868421052631579,0.8837209302325582
primary_42_SilentProbing_afp_Base,42,SilentProbing,afp,Base,9,72,0,414,14,0.972,1.0,0.8372093023255814,0.9113924050632911,0.9186046511627908
primary_42_SilentProbing_afp_Base,42,SilentProbing,afp,Base,10,71,0,414,15,0.97,1.0,0.8255813953488372,0.9044585987261146,0.9127906976744187
primary_42_SilentProbing_afp_Base,42,SilentProbing,afp,Base,11,67,0,414,19,0.962,1.0,0.7790697674418605,0.8758169934640523,0.8895348837209303
primary_42_SilentProbing_afp_Base,42,SilentProbing,afp,Base,12,72,0,414,14,0.972,1.0,0.8372093023255814,0.9113924050632911,0.9186046511627908
primary_42_SilentProbing_afp_Base,42,SilentProbing,afp,Base,13,73,0,414,13,0.974,1.0,0.8488372093023255,0.9182389937106918,0.9244186046511628
primary_42_SilentProbing_afp_Base,42,SilentProbing,afp,Base,14,73,1,413,13,0.972,0.9864864864864865,0.8488372093023255,0.9125,0.9232108751825637
primary_42_SilentProbing_afp_Base,42,SilentProbing,afp,Base,15,74,0,414,12,0.976,1.0,0.8604651162790697,0.9249999999999999,0.9302325581395349
primary_42_SilentProbing_afp_Base,42,SilentProbing,afp,Base,16,65,0,414,21,0.958,1.0,0.7558139534883721,0.8609271523178808,0.877906976744186
primary_42_SilentProbing_afp_Base,42,SilentProbing,afp,Base,17,78,0,415,7,0.986,1.0,0.9176470588235294,0.9570552147239264,0.9588235294117646
primary_42_SilentProbing_afp_Base,42,SilentProbing,afp,Base,18,67,0,415,18,0.964,1.0,0.788235294117647,0.8815789473684211,0.8941176470588235
primary_42_SilentProbing_afp_Base,42,SilentProbing,afp,Base,19,72,0,415,13,0.974,1.0,0.8470588235294118,0.9171974522292993,0.9235294117647059
primary_42_SilentProbing_afp_Base,42,SilentProbing,afp,Base,20,65,0,415,20,0.96,1.0,0.7647058823529411,0.8666666666666666,0.8823529411764706
primary_42_SilentProbing_afp_Base,42,SilentProbing,afp,Base,21,67,1,414,18,0.962,0.9852941176470589,0.788235294117647,0.8758169934640523,0.8929128277817151
primary_42_SilentProbing_afp_Base,42,SilentProbing,afp,Base,22,71,0,415,14,0.972,1.0,0.8352941176470589,0.9102564102564102,0.9176470588235295
primary_42_SilentProbing_afp_Base,42,SilentProbing,afp,Base,23,70,0,415,15,0.97,1.0,0.8235294117647058,0.9032258064516129,0.9117647058823529
primary_42_SilentProbing_afp_Base,42,SilentProbing,afp,Base,24,68,0,415,17,0.966,1.0,0.8,0.888888888888889,0.9
primary_42_SilentProbing_afp_Base,42,SilentProbing,afp,Base,25,68,0,415,17,0.966,1.0,0.8,0.888888888888889,0.9
primary_42_SilentProbing_afp_Base,42,SilentProbing,afp,Base,26,63,0,415,22,0.956,1.0,0.7411764705882353,0.8513513513513514,0.8705882352941177
primary_42_SilentProbing_afp_Base,42,SilentProbing,afp,Base,27,64,0,415,21,0.958,1.0,0.7529411764705882,0.8590604026845637,0.8764705882352941
primary_42_SilentProbing_afp_Base,42,SilentProbing,afp,Base,28,71,0,415,14,0.972,1.0,0.8352941176470589,0.9102564102564102,0.9176470588235295
primary_42_SilentProbing_afp_Base,42,SilentProbing,afp,Base,29,65,0,415,20,0.96,1.0,0.7647058823529411,0.8666666666666666,0.8823529411764706
primary_42_SilentProbing_afp_Base,42,SilentProbing,afp,Base,30,73,0,415,12,0.976,1.0,0.8588235294117647,0.9240506329113923,0.9294117647058824
primary_42_SilentProbing_afp_Base,42,SilentProbing,afp,Base,31,68,0,415,17,0.966,1.0,0.8,0.888888888888889,0.9
primary_42_SilentProbing_afp_Base,42,SilentProbing,afp,Base,32,68,0,415,17,0.966,1.0,0.8,0.888888888888889,0.9
primary_42_SilentProbing_afp_Base,42,SilentProbing,afp,Base,33,65,0,415,20,0.96,1.0,0.7647058823529411,0.8666666666666666,0.8823529411764706
primary_42_SilentProbing_afp_Base,42,SilentProbing,afp,Base,34,66,0,415,19,0.962,1.0,0.7764705882352941,0.8741721854304636,0.888235294117647
primary_42_SilentProbing_afp_Base,42,SilentProbing,afp,Base,35,62,0,415,23,0.954,1.0,0.7294117647058823,0.8435374149659863,0.8647058823529412
primary_42_SilentProbing_afp_Base,42,SilentProbing,afp,Base,36,66,0,415,19,0.962,1.0,0.7764705882352941,0.8741721854304636,0.888235294117647
primary_42_SilentProbing_afp_Base,42,SilentProbing,afp,Base,37,74,0,415,11,0.978,1.0,0.8705882352941177,0.9308176100628931,0.9352941176470588
primary_42_SilentProbing_afp_Base,42,SilentProbing,afp,Base,38,70,0,415,15,0.97,1.0,0.8235294117647058,0.9032258064516129,0.9117647058823529
primary_42_SilentProbing_afp_Base,42,SilentProbing,afp,Base,39,63,0,415,22,0.956,1.0,0.7411764705882353,0.8513513513513514,0.8705882352941177
primary_42_SilentProbing_afp_Base,42,SilentProbing,afp,Base,40,74,0,415,11,0.978,1.0,0.8705882352941177,0.9308176100628931,0.9352941176470588
primary_42_SilentProbing_afp_Base,42,SilentProbing,afp,Base,41,73,0,415,12,0.976,1.0,0.8588235294117647,0.9240506329113923,0.9294117647058824
primary_42_SilentProbing_afp_Base,42,SilentProbing,afp,Base,42,67,0,415,18,0.964,1.0,0.788235294117647,0.8815789473684211,0.8941176470588235
primary_42_SilentProbing_afp_Base,42,SilentProbing,afp,Base,43,65,0,415,20,0.96,1.0,0.7647058823529411,0.8666666666666666,0.8823529411764706
primary_42_SilentProbing_afp_Base,42,SilentProbing,afp,Base,44,68,0,415,17,0.966,1.0,0.8,0.888888888888889,0.9
primary_42_SilentProbing_afp_Base,42,SilentProbing,afp,Base,45,71,0,415,14,0.972,1.0,0.8352941176470589,0.9102564102564102,0.9176470588235295
primary_42_SilentProbing_afp_Base,42,SilentProbing,afp,Base,46,72,0,415,13,0.974,1.0,0.8470588235294118,0.9171974522292993,0.9235294117647059
primary_42_SilentProbing_afp_Base,42,SilentProbing,afp,Base,47,66,0,415,19,0.962,1.0,0.7764705882352941,0.8741721854304636,0.888235294117647
primary_42_SilentProbing_afp_Base,42,SilentProbing,afp,Base,48,74,0,415,11,0.978,1.0,0.8705882352941177,0.9308176100628931,0.9352941176470588
primary_42_SilentProbing_afp_Base,42,SilentProbing,afp,Base,49,70,0,415,15,0.97,1.0,0.8235294117647058,0.9032258064516129,0.9117647058823529
primary_42_SilentProbing_afp_Base,42,SilentProbing,afp,Base,50,71,0,415,14,0.972,1.0,0.8352941176470589,0.9102564102564102,0.9176470588235295
primary_42_SilentProbing_afp_Base,42,SilentProbing,afp,Base,51,73,1,414,12,0.974,0.9864864864864865,0.8588235294117647,0.9182389937106918,0.9282069454287739
primary_42_SilentProbing_afp_Base,42,SilentProbing,afp,Base,52,65,0,415,20,0.96,1.0,0.7647058823529411,0.8666666666666666,0.8823529411764706
primary_42_SilentProbing_afp_Base,42,SilentProbing,afp,Base,53,58,0,415,27,0.946,1.0,0.6823529411764706,0.8111888111888113,0.8411764705882353
primary_42_SilentProbing_afp_Base,42,SilentProbing,afp,Base,54,69,0,415,16,0.968,1.0,0.8117647058823529,0.8961038961038961,0.9058823529411765
primary_42_SilentProbing_afp_Base,42,SilentProbing,afp,Base,55,64,0,415,21,0.958,1.0,0.7529411764705882,0.8590604026845637,0.8764705882352941
primary_42_SilentProbing_afp_Base,42,SilentProbing,afp,Base,56,68,0,415,17,0.966,1.0,0.8,0.888888888888889,0.9
primary_42_SilentProbing_afp_Base,42,SilentProbing,afp,Base,57,67,0,415,18,0.964,1.0,0.788235294117647,0.8815789473684211,0.8941176470588235
primary_42_SilentProbing_afp_Base,42,SilentProbing,afp,Base,58,69,1,414,16,0.966,0.9857142857142858,0.8117647058823529,0.8903225806451613,0.904677533664068
primary_42_SilentProbing_afp_Base,42,SilentProbing,afp,Base,59,69,0,415,16,0.968,1.0,0.8117647058823529,0.8961038961038961,0.9058823529411765
primary_42_SilentProbing_afp_Base,42,SilentProbing,afp,Base,60,68,0,415,17,0.966,1.0,0.8,0.888888888888889,0.9
primary_42_SilentProbing_afp_Base,42,SilentProbing,afp,Base,61,66,0,415,19,0.962,1.0,0.7764705882352941,0.8741721854304636,0.888235294117647
primary_42_SilentProbing_afp_Base,42,SilentProbing,afp,Base,62,66,0,415,19,0.962,1.0,0.7764705882352941,0.8741721854304636,0.888235294117647
primary_42_SilentProbing_afp_Base,42,SilentProbing,afp,Base,63,66,0,415,19,0.962,1.0,0.7764705882352941,0.8741721854304636,0.888235294117647
primary_42_SilentProbing_afp_Base,42,SilentProbing,afp,Base,64,65,0,415,20,0.96,1.0,0.7647058823529411,0.8666666666666666,0.8823529411764706
primary_42_SilentProbing_afp_Base,42,SilentProbing,afp,Base,65,64,0,415,21,0.958,1.0,0.7529411764705882,0.8590604026845637,0.8764705882352941
primary_42_SilentProbing_afp_Base,42,SilentProbing,afp,Base,66,68,0,415,17,0.966,1.0,0.8,0.888888888888889,0.9
primary_42_SilentProbing_afp_Base,42,SilentProbing,afp,Base,67,71,0,415,14,0.972,1.0,0.8352941176470589,0.9102564102564102,0.9176470588235295
primary_42_SilentProbing_afp_Base,42,SilentProbing,afp,Base,68,69,0,415,16,0.968,1.0,0.8117647058823529,0.8961038961038961,0.9058823529411765
primary_42_SilentProbing_afp_Base,42,SilentProbing,afp,Base,69,67,1,414,18,0.962,0.9852941176470589,0.788235294117647,0.8758169934640523,0.8929128277817151
primary_42_SilentProbing_afp_Base,42,SilentProbing,afp,Base,70,71,0,415,14,0.972,1.0,0.8352941176470589,0.9102564102564102,0.9176470588235295
primary_42_SilentProbing_afp_Base,42,SilentProbing,afp,Base,71,70,0,415,15,0.97,1.0,0.8235294117647058,0.9032258064516129,0.9117647058823529
primary_42_SilentProbing_afp_Base,42,SilentProbing,afp,Base,72,69,0,415,16,0.968,1.0,0.8117647058823529,0.8961038961038961,0.9058823529411765
primary_42_SilentProbing_afp_Base,42,SilentProbing,afp,Base,73,66,0,415,19,0.962,1.0,0.7764705882352941,0.8741721854304636,0.888235294117647
primary_42_SilentProbing_afp_Base,42,SilentProbing,afp,Base,74,77,0,415,8,0.984,1.0,0.9058823529411765,0.9506172839506173,0.9529411764705882
primary_42_SilentProbing_afp_Base,42,SilentProbing,afp,Base,75,68,0,415,17,0.966,1.0,0.8,0.888888888888889,0.9
primary_42_SilentProbing_afp_Base,42,SilentProbing,afp,Base,76,72,0,415,13,0.974,1.0,0.8470588235294118,0.9171974522292993,0.9235294117647059
primary_42_SilentProbing_afp_Base,42,SilentProbing,afp,Base,77,68,0,415,17,0.966,1.0,0.8,0.888888888888889,0.9
primary_42_SilentProbing_afp_Base,42,SilentProbing,afp,Base,78,71,0,415,14,0.972,1.0,0.8352941176470589,0.9102564102564102,0.9176470588235295
primary_42_SilentProbing_afp_Base,42,SilentProbing,afp,Base,79,67,0,415,18,0.964,1.0,0.788235294117647,0.8815789473684211,0.8941176470588235
primary_42_SilentProbing_afp_Base,42,SilentProbing,afp,Base,80,65,0,415,20,0.96,1.0,0.7647058823529411,0.8666666666666666,0.8823529411764706
primary_42_SilentProbing_afp_Base,42,SilentProbing,afp,Base,81,67,0,415,18,0.964,1.0,0.788235294117647,0.8815789473684211,0.8941176470588235
primary_42_SilentProbing_afp_Base,42,SilentProbing,afp,Base,82,70,0,415,15,0.97,1.0,0.8235294117647058,0.9032258064516129,0.9117647058823529
primary_42_SilentProbing_afp_Base,42,SilentProbing,afp,Base,83,62,0,415,23,0.954,1.0,0.7294117647058823,0.8435374149659863,0.8647058823529412
primary_42_SilentProbing_afp_Base,42,SilentProbing,afp,Base,84,71,0,415,14,0.972,1.0,0.8352941176470589,0.9102564102564102,0.9176470588235295
primary_42_SilentProbing_afp_Base,42,SilentProbing,afp,Base,85,69,0,415,16,0.968,1.0,0.8117647058823529,0.8961038961038961,0.9058823529411765
primary_42_SilentProbing_afp_Base,42,SilentProbing,afp,Base,86,68,1,414,17,0.964,0.9855072463768116,0.8,0.8831168831168831,0.8987951807228916
primary_42_SilentProbing_afp_Base,42,SilentProbing,afp,Base,87,64,0,415,21,0.958,1.0,0.7529411764705882,0.8590604026845637,0.8764705882352941
primary_42_SilentProbing_afp_Base,42,SilentProbing,afp,Base,88,65,0,415,20,0.96,1.0,0.7647058823529411,0.8666666666666666,0.8823529411764706
primary_42_SilentProbing_afp_Base,42,SilentProbing,afp,Base,89,69,0,415,16,0.968,1.0,0.8117647058823529,0.8961038961038961,0.9058823529411765
primary_42_SilentProbing_afp_Base,42,SilentProbing,afp,Base,90,70,1,414,15,0.968,0.9859154929577465,0.8235294117647058,0.8974358974358974,0.9105598866052445
primary_42_SilentProbing_afp_Base,42,SilentProbing,afp,Base,91,66,0,415,19,0.962,1.0,0.7764705882352941,0.8741721854304636,0.888235294117647
primary_42_SilentProbing_afp_Base,42,SilentProbing,afp,Base,92,62,0,415,23,0.954,1.0,0.7294117647058823,0.8435374149659863,0.8647058823529412
primary_42_SilentProbing_afp_Base,42,SilentProbing,afp,Base,93,70,0,415,15,0.97,1.0,0.8235294117647058,0.9032258064516129,0.9117647058823529
primary_42_SilentProbing_afp_Base,42,SilentProbing,afp,Base,94,70,0,415,15,0.97,1.0,0.8235294117647058,0.9032258064516129,0.9117647058823529
primary_42_SilentProbing_afp_Base,42,SilentProbing,afp,Base,95,70,0,415,15,0.97,1.0,0.8235294117647058,0.9032258064516129,0.9117647058823529
primary_42_SilentProbing_afp_Base,42,SilentProbing,afp,Base,96,69,0,415,16,0.968,1.0,0.8117647058823529,0.8961038961038961,0.9058823529411765
primary_42_SilentProbing_afp_Base,42,SilentProbing,afp,Base,97,63,0,415,22,0.956,1.0,0.7411764705882353,0.8513513513513514,0.8705882352941177
primary_42_SilentProbing_afp_Base,42,SilentProbing,afp,Base,98,70,0,415,15,0.97,1.0,0.8235294117647058,0.9032258064516129,0.9117647058823529
primary_42_SilentProbing_afp_Base,42,SilentProbing,afp,Base,99,62,0,415,23,0.954,1.0,0.7294117647058823,0.8435374149659863,0.8647058823529412
primary_42_SilentProbing_afp_Base,42,SilentProbing,afp,Base,100,73,0,415,12,0.976,1.0,0.8588235294117647,0.9240506329113923,0.9294117647058824
primary_42_SilentProbing_afp_Base,42,SilentProbing,afp,Base,101,68,0,415,17,0.966,1.0,0.8,0.888888888888889,0.9
primary_42_SilentProbing_afp_Base,42,SilentProbing,afp,Base,102,69,0,415,16,0.968,1.0,0.8117647058823529,0.8961038961038961,0.9058823529411765
primary_42_SilentProbing_afp_Base,42,SilentProbing,afp,Base,103,74,0,415,11,0.978,1.0,0.8705882352941177,0.9308176100628931,0.9352941176470588
primary_42_SilentProbing_afp_Base,42,SilentProbing,afp,Base,104,74,0,415,11,0.978,1.0,0.8705882352941177,0.9308176100628931,0.9352941176470588
primary_42_SilentProbing_afp_Base,42,SilentProbing,afp,Base,105,71,0,415,14,0.972,1.0,0.8352941176470589,0.9102564102564102,0.9176470588235295
primary_42_SilentProbing_afp_Base,42,SilentProbing,afp,Base,106,68,0,415,17,0.966,1.0,0.8,0.888888888888889,0.9
primary_42_SilentProbing_afp_Base,42,SilentProbing,afp,Base,107,63,0,415,22,0.956,1.0,0.7411764705882353,0.8513513513513514,0.8705882352941177
primary_42_SilentProbing_afp_Base,42,SilentProbing,afp,Base,108,70,0,415,15,0.97,1.0,0.8235294117647058,0.9032258064516129,0.9117647058823529
primary_42_SilentProbing_afp_Base,42,SilentProbing,afp,Base,109,66,0,415,19,0.962,1.0,0.7764705882352941,0.8741721854304636,0.888235294117647
primary_42_SilentProbing_afp_Base,42,SilentProbing,afp,Base,110,63,1,414,22,0.954,0.984375,0.7411764705882353,0.8456375838926175,0.8693834160170093
primary_42_SilentProbing_afp_Base,42,SilentProbing,afp,Base,111,71,0,415,14,0.972,1.0,0.8352941176470589,0.9102564102564102,0.9176470588235295
primary_42_SilentProbing_afp_Base,42,SilentProbing,afp,Base,112,70,0,415,15,0.97,1.0,0.8235294117647058,0.9032258064516129,0.9117647058823529
primary_42_SilentProbing_afp_Base,42,SilentProbing,afp,Base,113,68,0,415,17,0.966,1.0,0.8,0.888888888888889,0.9
primary_42_SilentProbing_afp_Base,42,SilentProbing,afp,Base,114,64,0,415,21,0.958,1.0,0.7529411764705882,0.8590604026845637,0.8764705882352941
primary_42_SilentProbing_afp_Base,42,SilentProbing,afp,Base,115,67,0,415,18,0.964,1.0,0.788235294117647,0.8815789473684211,0.8941176470588235
primary_42_SilentProbing_afp_Base,42,SilentProbing,afp,Base,116,62,0,415,23,0.954,1.0,0.7294117647058823,0.8435374149659863,0.8647058823529412
primary_42_SilentProbing_afp_Base,42,SilentProbing,afp,Base,117,69,1,414,16,0.966,0.9857142857142858,0.8117647058823529,0.8903225806451613,0.904677533664068
primary_42_SilentProbing_afp_Base,42,SilentProbing,afp,Base,118,69,0,415,16,0.968,1.0,0.8117647058823529,0.8961038961038961,0.9058823529411765
primary_42_SilentProbing_afp_Base,42,SilentProbing,afp,Base,119,69,0,415,16,0.968,1.0,0.8117647058823529,0.8961038961038961,0.9058823529411765
primary_42_SilentProbing_afp_Base,42,SilentProbing,afp,Base,120,76,0,415,9,0.982,1.0,0.8941176470588236,0.9440993788819877,0.9470588235294117
primary_42_SilentProbing_afp_Base,42,SilentProbing,afp,Base,121,70,0,415,15,0.97,1.0,0.8235294117647058,0.9032258064516129,0.9117647058823529
primary_42_SilentProbing_afp_Base,42,SilentProbing,afp,Base,122,73,0,415,12,0.976,1.0,0.8588235294117647,0.9240506329113923,0.9294117647058824
primary_42_SilentProbing_afp_Base,42,SilentProbing,afp,Base,123,69,0,415,16,0.968,1.0,0.8117647058823529,0.8961038961038961,0.9058823529411765
primary_42_SilentProbing_afp_Base,42,SilentProbing,afp,Base,124,68,0,415,17,0.966,1.0,0.8,0.888888888888889,0.9
primary_42_SilentProbing_afp_Base,42,SilentProbing,afp,Base,125,70,0,415,15,0.97,1.0,0.8235294117647058,0.9032258064516129,0.9117647058823529
primary_42_SilentProbing_afp_Base,42,SilentProbing,afp,Base,126,78,0,415,7,0.986,1.0,0.9176470588235294,0.9570552147239264,0.9588235294117646
primary_42_SilentProbing_afp_Base,42,SilentProbing,afp,Base,127,65,0,415,20,0.96,1.0,0.7647058823529411,0.8666666666666666,0.8823529411764706
primary_42_SilentProbing_afp_Base,42,SilentProbing,afp,Base,128,72,0,415,13,0.974,1.0,0.8470588235294118,0.9171974522292993,0.9235294117647059
primary_42_SilentProbing_afp_Base,42,SilentProbing,afp,Base,129,68,0,415,17,0.966,1.0,0.8,0.888888888888889,0.9
primary_42_SilentProbing_afp_Base,42,SilentProbing,afp,Base,130,75,0,415,10,0.98,1.0,0.8823529411764706,0.9375,0.9411764705882353
primary_42_SilentProbing_afp_Base,42,SilentProbing,afp,Base,131,66,0,415,19,0.962,1.0,0.7764705882352941,0.8741721854304636,0.888235294117647
primary_42_SilentProbing_afp_Base,42,SilentProbing,afp,Base,132,66,0,415,19,0.962,1.0,0.7764705882352941,0.8741721854304636,0.888235294117647
primary_42_SilentProbing_afp_Base,42,SilentProbing,afp,Base,133,68,0,415,17,0.966,1.0,0.8,0.888888888888889,0.9
primary_42_SilentProbing_afp_Base,42,SilentProbing,afp,Base,134,63,0,415,22,0.956,1.0,0.7411764705882353,0.8513513513513514,0.8705882352941177
primary_42_SilentProbing_afp_Base,42,SilentProbing,afp,Base,135,73,0,415,12,0.976,1.0,0.8588235294117647,0.9240506329113923,0.9294117647058824
primary_42_SilentProbing_afp_Base,42,SilentProbing,afp,Base,136,70,0,415,15,0.97,1.0,0.8235294117647058,0.9032258064516129,0.9117647058823529
primary_42_SilentProbing_afp_Base,42,SilentProbing,afp,Base,137,70,0,415,15,0.97,1.0,0.8235294117647058,0.9032258064516129,0.9117647058823529
primary_42_SilentProbing_afp_Base,42,SilentProbing,afp,Base,138,73,0,415,12,0.976,1.0,0.8588235294117647,0.9240506329113923,0.9294117647058824
primary_42_SilentProbing_afp_Base,42,SilentProbing,afp,Base,139,67,0,415,18,0.964,1.0,0.788235294117647,0.8815789473684211,0.8941176470588235
primary_42_SilentProbing_afp_Base,42,SilentProbing,afp,Base,140,70,0,415,15,0.97,1.0,0.8235294117647058,0.9032258064516129,0.9117647058823529
primary_42_SilentProbing_afp_Base,42,SilentProbing,afp,Base,141,69,0,415,16,0.968,1.0,0.8117647058823529,0.8961038961038961,0.9058823529411765
primary_42_SilentProbing_afp_Base,42,SilentProbing,afp,Base,142,72,0,415,13,0.974,1.0,0.8470588235294118,0.9171974522292993,0.9235294117647059
primary_42_SilentProbing_afp_Base,42,SilentProbing,afp,Base,143,74,0,415,11,0.978,1.0,0.8705882352941177,0.9308176100628931,0.9352941176470588
primary_42_SilentProbing_afp_C1,42,SilentProbing,afp,C1,0,69,0,414,17,0.966,1.0,0.8023255813953488,0.8903225806451612,0.9011627906976745
primary_42_SilentProbing_afp_C1,42,SilentProbing,afp,C1,1,71,0,414,15,0.97,1.0,0.8255813953488372,0.9044585987261146,0.9127906976744187
primary_42_SilentProbing_afp_C1,42,SilentProbing,afp,C1,2,79,1,413,7,0.984,0.9875,0.9186046511627907,0.9518072289156626,0.9580945961127962
primary_42_SilentProbing_afp_C1,42,SilentProbing,afp,C1,3,82,0,414,4,0.992,1.0,0.9534883720930233,0.9761904761904763,0.9767441860465116
primary_42_SilentProbing_afp_C1,42,SilentProbing,afp,C1,4,82,1,413,4,0.99,0.9879518072289156,0.9534883720930233,0.9704142011834319,0.9755364565779125
primary_42_SilentProbing_afp_C1,42,SilentProbing,afp,C1,5,83,0,414,3,0.994,1.0,0.9651162790697675,0.9822485207100593,0.9825581395348837
primary_42_SilentProbing_afp_C1,42,SilentProbing,afp,C1,6,81,0,414,5,0.99,1.0,0.9418604651162791,0.970059880239521,0.9709302325581395
primary_42_SilentProbing_afp_C1,42,SilentProbing,afp,C1,7,79,0,414,7,0.986,1.0,0.9186046511627907,0.9575757575757576,0.9593023255813953
primary_42_SilentProbing_afp_C1,42,SilentProbing,afp,C1,8,80,0,414,6,0.988,1.0,0.9302325581395349,0.963855421686747,0.9651162790697674
primary_42_SilentProbing_afp_C1,42,SilentProbing,afp,C1,9,84,0,414,2,0.996,1.0,0.9767441860465116,0.988235294117647,0.9883720930232558
primary_42_SilentProbing_afp_C1,42,SilentProbing,afp,C1,10,80,1,413,6,0.986,0.9876543209876543,0.9302325581395349,0.9580838323353293,0.9639085496011683
primary_42_SilentProbing_afp_C1,42,SilentProbing,afp,C1,11,80,0,414,6,0.988,1.0,0.9302325581395349,0.963855421686747,0.9651162790697674
primary_42_SilentProbing_afp_C1,42,SilentProbing,afp,C1,12,83,0,414,3,0.994,1.0,0.9651162790697675,0.9822485207100593,0.9825581395348837
primary_42_SilentProbing_afp_C1,42,SilentProbing,afp,C1,13,83,0,414,3,0.994,1.0,0.9651162790697675,0.9822485207100593,0.9825581395348837
primary_42_SilentProbing_afp_C1,42,SilentProbing,afp,C1,14,83,0,414,3,0.994,1.0,0.9651162790697675,0.9822485207100593,0.9825581395348837
primary_42_SilentProbing_afp_C1,42,SilentProbing,afp,C1,15,83,0,414,3,0.994,1.0,0.9651162790697675,0.9822485207100593,0.9825581395348837
primary_42_SilentProbing_afp_C1,42,SilentProbing,afp,C1,16,79,1,413,7,0.984,0.9875,0.9186046511627907,0.9518072289156626,0.9580945961127962
primary_42_SilentProbing_afp_C1,42,SilentProbing,afp,C1,17,84,0,415,1,0.998,1.0,0.9882352941176471,0.9940828402366864,0.9941176470588236
primary_42_SilentProbing_afp_C1,42,SilentProbing,afp,C1,18,80,0,415,5,0.99,1.0,0.9411764705882353,0.9696969696969697,0.9705882352941176
primary_42_SilentProbing_afp_C1,42,SilentProbing,afp,C1,19,83,0,415,2,0.996,1.0,0.9764705882352941,0.988095238095238,0.9882352941176471
primary_42_SilentProbing_afp_C1,42,SilentProbing,afp,C1,20,75,1,414,10,0.978,0.9868421052631579,0.8823529411764706,0.9316770186335402,0.9399716513111269
primary_42_SilentProbing_afp_C1,42,SilentProbing,afp,C1,21,76,1,414,9,0.98,0.987012987012987,0.8941176470588236,0.9382716049382716,0.9458540042523034
primary_42_SilentProbing_afp_C1,42,SilentProbing,afp,C1,22,78,0,415,7,0.986,1.0,0.9176470588235294,0.9570552147239264,0.9588235294117646
primary_42_SilentProbing_afp_C1,42,SilentProbing,afp,C1,23,81,0,415,4,0.992,1.0,0.9529411764705882,0.9759036144578312,0.9764705882352941
primary_42_SilentProbing_afp_C1,42,SilentProbing,afp,C1,24,80,0,415,5,0.99,1.0,0.9411764705882353,0.9696969696969697,0.9705882352941176
primary_42_SilentProbing_afp_C1,42,SilentProbing,afp,C1,25,77,0,415,8,0.984,1.0,0.9058823529411765,0.9506172839506173,0.9529411764705882
primary_42_SilentProbing_afp_C1,42,SilentProbing,afp,C1,26,77,0,415,8,0.984,1.0,0.9058823529411765,0.9506172839506173,0.9529411764705882
primary_42_SilentProbing_afp_C1,42,SilentProbing,afp,C1,27,77,0,415,8,0.984,1.0,0.9058823529411765,0.9506172839506173,0.9529411764705882
primary_42_SilentProbing_afp_C1,42,SilentProbing,afp,C1,28,79,0,415,6,0.988,1.0,0.9294117647058824,0.9634146341463414,0.9647058823529412
primary_42_SilentProbing_afp_C1,42,SilentProbing,afp,C1,29,79,0,415,6,0.988,1.0,0.9294117647058824,0.9634146341463414,0.9647058823529412
primary_42_SilentProbing_afp_C1,42,SilentProbing,afp,C1,30,79,0,415,6,0.988,1.0,0.9294117647058824,0.9634146341463414,0.9647058823529412
primary_42_SilentProbing_afp_C1,42,SilentProbing,afp,C1,31,78,1,414,7,0.984,0.9873417721518988,0.9176470588235294,0.9512195121951219,0.9576187101346563
primary_42_SilentProbing_afp_C1,42,SilentProbing,afp,C1,32,80,0,415,5,0.99,1.0,0.9411764705882353,0.9696969696969697,0.9705882352941176
primary_42_SilentProbing_afp_C1,42,SilentProbing,afp,C1,33,81,0,415,4,0.992,1.0,0.9529411764705882,0.9759036144578312,0.9764705882352941
primary_42_SilentProbing_afp_C1,42,SilentProbing,afp,C1,34,79,1,414,6,0.986,0.9875,0.9294117647058824,0.9575757575757576,0.9635010630758327
primary_42_SilentProbing_afp_C1,42,SilentProbing,afp,C1,35,75,0,415,10,0.98,1.0,0.8823529411764706,0.9375,0.9411764705882353
primary_42_SilentProbing_afp_C1,42,SilentProbing,afp,C1,36,79,0,415,6,0.988,1.0,0.9294117647058824,0.9634146341463414,0.9647058823529412
primary_42_SilentProbing_afp_C1,42,SilentProbing,afp,C1,37,81,1,414,4,0.99,0.9878048780487805,0.9529411764705882,0.9700598802395209,0.9752657689581856
primary_42_SilentProbing_afp_C1,42,SilentProbing,afp,C1,38,81,0,415,4,0.992,1.0,0.9529411764705882,0.9759036144578312,0.9764705882352941
primary_42_SilentProbing_afp_C1,42,SilentProbing,afp,C1,39,81,0,415,4,0.992,1.0,0.9529411764705882,0.9759036144578312,0.9764705882352941
primary_42_SilentProbing_afp_C1,42,SilentProbing,afp,C1,40,82,0,415,3,0.994,1.0,0.9647058823529412,0.9820359281437125,0.9823529411764707
primary_42_SilentProbing_afp_C1,42,SilentProbing,afp,C1,41,82,1,414,3,0.992,0.9879518072289156,0.9647058823529412,0.9761904761904762,0.9811481218993622
primary_42_SilentProbing_afp_C1,42,SilentProbing,afp,C1,42,81,0,415,4,0.992,1.0,0.9529411764705882,0.9759036144578312,0.9764705882352941
primary_42_SilentProbing_afp_C1,42,SilentProbing,afp,C1,43,78,1,414,7,0.984,0.9873417721518988,0.9176470588235294,0.9512195121951219,0.9576187101346563
primary_42_SilentProbing_afp_C1,42,SilentProbing,afp,C1,44,79,0,415,6,0.988,1.0,0.9294117647058824,0.9634146341463414,0.9647058823529412
primary_42_SilentProbing_afp_C1,42,SilentProbing,afp,C1,45,81,0,415,4,0.992,1.0,0.9529411764705882,0.9759036144578312,0.9764705882352941
primary_42_SilentProbing_afp_C1,42,SilentProbing,afp,C1,46,81,1,414,4,0.99,0.9878048780487805,0.9529411764705882,0.9700598802395209,0.9752657689581856
primary_42_SilentProbing_afp_C1,42,SilentProbing,afp,C1,47,76,0,415,9,0.982,1.0,0.8941176470588236,0.9440993788819877,0.9470588235294117
primary_42_SilentProbing_afp_C1,42,SilentProbing,afp,C1,48,81,0,415,4,0.992,1.0,0.9529411764705882,0.9759036144578312,0.9764705882352941
primary_42_SilentProbing_afp_C1,42,SilentProbing,afp,C1,49,77,1,414,8,0.982,0.9871794871794872,0.9058823529411765,0.9447852760736197,0.9517363571934798
primary_42_SilentProbing_afp_C1,42,SilentProbing,afp,C1,50,81,0,415,4,0.992,1.0,0.9529411764705882,0.9759036144578312,0.9764705882352941
primary_42_SilentProbing_afp_C1,42,SilentProbing,afp,C1,51,80,2,413,5,0.986,0.975609756097561,0.9411764705882353,0.9580838323353293,0.9681785967399008
primary_42_SilentProbing_afp_C1,42,SilentProbing,afp,C1,52,80,1,414,5,0.988,0.9876543209876543,0.9411764705882353,0.963855421686747,0.9693834160170092
primary_42_SilentProbing_afp_C1,42,SilentProbing,afp,C1,53,77,1,414,8,0.982,0.9871794871794872,0.9058823529411765,0.9447852760736197,0.9517363571934798
primary_42_SilentProbing_afp_C1,42,SilentProbing,afp,C1,54,82,0,415,3,0.994,1.0,0.9647058823529412,0.9820359281437125,0.9823529411764707
primary_42_SilentProbing_afp_C1,42,SilentProbing,afp,C1,55,78,0,415,7,0.986,1.0,0.9176470588235294,0.9570552147239264,0.9588235294117646
primary_42_SilentProbing_afp_C1,42,SilentProbing,afp,C1,56,78,0,415,7,0.986,1.0,0.9176470588235294,0.9570552147239264,0.9588235294117646
primary_42_SilentProbing_afp_C1,42,SilentProbing,afp,C1,57,81,0,415,4,0.992,1.0,0.9529411764705882,0.9759036144578312,0.9764705882352941
primary_42_SilentProbing_afp_C1,42,SilentProbing,afp,C1,58,82,2,413,3,0.99,0.9761904761904762,0.9647058823529412,0.9704142011834319,0.9799433026222537
primary_42_SilentProbing_afp_C1,42,SilentProbing,afp,C1,59,78,1,414,7,0.984,0.9873417721518988,0.9176470588235294,0.9512195121951219,0.9576187101346563
primary_42_SilentProbing_afp_C1,42,SilentProbing,afp,C1,60,81,0,415,4,0.992,1.0,0.9529411764705882,0.9759036144578312,0.9764705882352941
primary_42_SilentProbing_afp_C1,42,SilentProbing,afp,C1,61,79,0,415,6,0.988,1.0,0.9294117647058824,0.9634146341463414,0.9647058823529412
primary_42_SilentProbing_afp_C1,42,SilentProbing,afp,C1,62,81,0,415,4,0.992,1.0,0.9529411764705882,0.9759036144578312,0.9764705882352941
primary_42_SilentProbing_afp_C1,42,SilentProbing,afp,C1,63,76,0,415,9,0.982,1.0,0.8941176470588236,0.9440993788819877,0.9470588235294117
primary_42_SilentProbing_afp_C1,42,SilentProbing,afp,C1,64,77,0,415,8,0.984,1.0,0.9058823529411765,0.9506172839506173,0.9529411764705882
primary_42_SilentProbing_afp_C1,42,SilentProbing,afp,C1,65,78,0,415,7,0.986,1.0,0.9176470588235294,0.9570552147239264,0.9588235294117646
primary_42_SilentProbing_afp_C1,42,SilentProbing,afp,C1,66,81,0,415,4,0.992,1.0,0.9529411764705882,0.9759036144578312,0.9764705882352941
primary_42_SilentProbing_afp_C1,42,SilentProbing,afp,C1,67,81,0,415,4,0.992,1.0,0.9529411764705882,0.9759036144578312,0.9764705882352941
primary_42_SilentProbing_afp_C1,42,SilentProbing,afp,C1,68,79,0,415,6,0.988,1.0,0.9294117647058824,0.9634146341463414,0.9647058823529412
primary_42_SilentProbing_afp_C1,42,SilentProbing,afp,C1,69,80,2,413,5,0.986,0.975609756097561,0.9411764705882353,0.9580838323353293,0.9681785967399008
primary_42_SilentProbing_afp_C1,42,SilentProbing,afp,C1,70,82,0,415,3,0.994,1.0,0.9647058823529412,0.9820359281437125,0.9823529411764707
primary_42_SilentProbing_afp_C1,42,SilentProbing,afp,C1,71,77,0,415,8,0.984,1.0,0.9058823529411765,0.9506172839506173,0.9529411764705882
primary_42_SilentProbing_afp_C1,42,SilentProbing,afp,C1,72,78,0,415,7,0.986,1.0,0.9176470588235294,0.9570552147239264,0.9588235294117646
primary_42_SilentProbing_afp_C1,42,SilentProbing,afp,C1,73,77,1,414,8,0.982,0.9871794871794872,0.9058823529411765,0.9447852760736197,0.9517363571934798
primary_42_SilentProbing_afp_C1,42,SilentProbing,afp,C1,74,82,0,415,3,0.994,1.0,0.9647058823529412,0.9820359281437125,0.9823529411764707
primary_42_SilentProbing_afp_C1,42,SilentProbing,afp,C1,75,78,0,415,7,0.986,1.0,0.9176470588235294,0.9570552147239264,0.9588235294117646
primary_42_SilentProbing_afp_C1,42,SilentProbing,afp,C1,76,82,1,414,3,0.992,0.9879518072289156,0.9647058823529412,0.9761904761904762,0.9811481218993622
primary_42_SilentProbing_afp_C1,42,SilentProbing,afp,C1,77,80,0,415,5,0.99,1.0,0.9411764705882353,0.9696969696969697,0.9705882352941176
primary_42_SilentProbing_afp_C1,42,SilentProbing,afp,C1,78,83,1,414,2,0.994,0.9880952380952381,0.9764705882352941,0.9822485207100591,0.9870304748405386
primary_42_SilentProbing_afp_C1,42,SilentProbing,afp,C1,79,81,0,415,4,0.992,1.0,0.9529411764705882,0.9759036144578312,0.9764705882352941
primary_42_SilentProbing_afp_C1,42,SilentProbing,afp,C1,80,79,0,415,6,0.988,1.0,0.9294117647058824,0.9634146341463414,0.9647058823529412
primary_42_SilentProbing_afp_C1,42,SilentProbing,afp,C1,81,76,0,415,9,0.982,1.0,0.8941176470588236,0.9440993788819877,0.9470588235294117
primary_42_SilentProbing_afp_C1,42,SilentProbing,afp,C1,82,80,0,415,5,0.99,1.0,0.9411764705882353,0.9696969696969697,0.9705882352941176
primary_42_SilentProbing_afp_C1,42,SilentProbing,afp,C1,83,78,0,415,7,0.986,1.0,0.9176470588235294,0.9570552147239264,0.9588235294117646
primary_42_SilentProbing_afp_C1,42,SilentProbing,afp,C1,84,79,0,415,6,0.988,1.0,0.9294117647058824,0.9634146341463414,0.9647058823529412
primary_42_SilentProbing_afp_C1,42,SilentProbing,afp,C1,85,82,1,414,3,0.992,0.9879518072289156,0.9647058823529412,0.9761904761904762,0.9811481218993622
primary_42_SilentProbing_afp_C1,42,SilentProbing,afp,C1,86,76,2,413,9,0.978,0.9743589743589743,0.8941176470588236,0.9325153374233129,0.9446491849751949
primary_42_SilentProbing_afp_C1,42,SilentProbing,afp,C1,87,78,0,415,7,0.986,1.0,0.9176470588235294,0.9570552147239264,0.9588235294117646
primary_42_SilentProbing_afp_C1,42,SilentProbing,afp,C1,88,81,0,415,4,0.992,1.0,0.9529411764705882,0.9759036144578312,0.9764705882352941
primary_42_SilentProbing_afp_C1,42,SilentProbing,afp,C1,89,79,1,414,6,0.986,0.9875,0.9294117647058824,0.9575757575757576,0.9635010630758327
primary_42_SilentProbing_afp_C1,42,SilentProbing,afp,C1,90,82,1,414,3,0.992,0.9879518072289156,0.9647058823529412,0.9761904761904762,0.9811481218993622
primary_42_SilentProbing_afp_C1,42,SilentProbing,afp,C1,91,80,2,413,5,0.986,0.975609756097561,0.9411764705882353,0.9580838323353293,0.9681785967399008
primary_42_SilentProbing_afp_C1,42,SilentProbing,afp,C1,92,80,0,415,5,0.99,1.0,0.9411764705882353,0.9696969696969697,0.9705882352941176
primary_42_SilentProbing_afp_C1,42,SilentProbing,afp,C1,93,79,0,415,6,0.988,1.0,0.9294117647058824,0.9634146341463414,0.9647058823529412
primary_42_SilentProbing_afp_C1,42,SilentProbing,afp,C1,94,82,0,415,3,0.994,1.0,0.9647058823529412,0.9820359281437125,0.9823529411764707
primary_42_SilentProbing_afp_C1,42,SilentProbing,afp,C1,95,82,1,414,3,0.992,0.9879518072289156,0.9647058823529412,0.9761904761904762,0.9811481218993622
primary_42_SilentProbing_afp_C1,42,SilentProbing,afp,C1,96,84,0,415,1,0.998,1.0,0.9882352941176471,0.9940828402366864,0.9941176470588236
primary_42_SilentProbing_afp_C1,42,SilentProbing,afp,C1,97,76,1,414,9,0.98,0.987012987012987,0.8941176470588236,0.9382716049382716,0.9458540042523034
primary_42_SilentProbing_afp_C1,42,SilentProbing,afp,C1,98,80,0,415,5,0.99,1.0,0.9411764705882353,0.9696969696969697,0.9705882352941176
primary_42_SilentProbing_afp_C1,42,SilentProbing,afp,C1,99,82,1,414,3,0.992,0.9879518072289156,0.9647058823529412,0.9761904761904762,0.9811481218993622
primary_42_SilentProbing_afp_C1,42,SilentProbing,afp,C1,100,81,1,414,4,0.99,0.9878048780487805,0.9529411764705882,0.9700598802395209,0.9752657689581856
primary_42_SilentProbing_afp_C1,42,SilentProbing,afp,C1,101,81,0,415,4,0.992,1.0,0.9529411764705882,0.9759036144578312,0.9764705882352941
primary_42_SilentProbing_afp_C1,42,SilentProbing,afp,C1,102,82,0,415,3,0.994,1.0,0.9647058823529412,0.9820359281437125,0.9823529411764707
primary_42_SilentProbing_afp_C1,42,SilentProbing,afp,C1,103,81,0,415,4,0.992,1.0,0.9529411764705882,0.9759036144578312,0.9764705882352941
primary_42_SilentProbing_afp_C1,42,SilentProbing,afp,C1,104,82,0,415,3,0.994,1.0,0.9647058823529412,0.9820359281437125,0.9823529411764707
primary_42_SilentProbing_afp_C1,42,SilentProbing,afp,C1,105,82,0,415,3,0.994,1.0,0.9647058823529412,0.9820359281437125,0.9823529411764707
primary_42_SilentProbing_afp_C1,42,SilentProbing,afp,C1,106,79,0,415,6,0.988,1.0,0.9294117647058824,0.9634146341463414,0.9647058823529412
primary_42_SilentProbing_afp_C1,42,SilentProbing,afp,C1,107,79,0,415,6,0.988,1.0,0.9294117647058824,0.9634146341463414,0.9647058823529412
primary_42_SilentProbing_afp_C1,42,SilentProbing,afp,C1,108,81,0,415,4,0.992,1.0,0.9529411764705882,0.9759036144578312,0.9764705882352941
primary_42_SilentProbing_afp_C1,42,SilentProbing,afp,C1,109,78,0,415,7,0.986,1.0,0.9176470588235294,0.9570552147239264,0.9588235294117646
primary_42_SilentProbing_afp_C1,42,SilentProbing,afp,C1,110,78,1,414,7,0.984,0.9873417721518988,0.9176470588235294,0.9512195121951219,0.9576187101346563
primary_42_SilentProbing_afp_C1,42,SilentProbing,afp,C1,111,84,1,414,1,0.996,0.9882352941176471,0.9882352941176471,0.9882352941176471,0.9929128277817152
primary_42_SilentProbing_afp_C1,42,SilentProbing,afp,C1,112,81,1,414,4,0.99,0.9878048780487805,0.9529411764705882,0.9700598802395209,0.9752657689581856
primary_42_SilentProbing_afp_C1,42,SilentProbing,afp,C1,113,79,1,414,6,0.986,0.9875,0.9294117647058824,0.9575757575757576,0.9635010630758327
primary_42_SilentProbing_afp_C1,42,SilentProbing,afp,C1,114,80,0,415,5,0.99,1.0,0.9411764705882353,0.9696969696969697,0.9705882352941176
primary_42_SilentProbing_afp_C1,42,SilentProbing,afp,C1,115,78,0,415,7,0.986,1.0,0.9176470588235294,0.9570552147239264,0.9588235294117646
primary_42_SilentProbing_afp_C1,42,SilentProbing,afp,C1,116,78,1,414,7,0.984,0.9873417721518988,0.9176470588235294,0.9512195121951219,0.9576187101346563
primary_42_SilentProbing_afp_C1,42,SilentProbing,afp,C1,117,80,0,415,5,0.99,1.0,0.9411764705882353,0.9696969696969697,0.9705882352941176
primary_42_SilentProbing_afp_C1,42,SilentProbing,afp,C1,118,79,1,414,6,0.986,0.9875,0.9294117647058824,0.9575757575757576,0.9635010630758327
primary_42_SilentProbing_afp_C1,42,SilentProbing,afp,C1,119,80,0,415,5,0.99,1.0,0.9411764705882353,0.9696969696969697,0.9705882352941176
primary_42_SilentProbing_afp_C1,42,SilentProbing,afp,C1,120,82,0,415,3,0.994,1.0,0.9647058823529412,0.9820359281437125,0.9823529411764707
primary_42_SilentProbing_afp_C1,42,SilentProbing,afp,C1,121,81,0,415,4,0.992,1.0,0.9529411764705882,0.9759036144578312,0.9764705882352941
primary_42_SilentProbing_afp_C1,42,SilentProbing,afp,C1,122,80,0,415,5,0.99,1.0,0.9411764705882353,0.9696969696969697,0.9705882352941176
primary_42_SilentProbing_afp_C1,42,SilentProbing,afp,C1,123,76,0,415,9,0.982,1.0,0.8941176470588236,0.9440993788819877,0.9470588235294117
primary_42_SilentProbing_afp_C1,42,SilentProbing,afp,C1,124,80,1,414,5,0.988,0.9876543209876543,0.9411764705882353,0.963855421686747,0.9693834160170092
primary_42_SilentProbing_afp_C1,42,SilentProbing,afp,C1,125,82,2,413,3,0.99,0.9761904761904762,0.9647058823529412,0.9704142011834319,0.9799433026222537
primary_42_SilentProbing_afp_C1,42,SilentProbing,afp,C1,126,83,0,415,2,0.996,1.0,0.9764705882352941,0.988095238095238,0.9882352941176471
primary_42_SilentProbing_afp_C1,42,SilentProbing,afp,C1,127,77,0,415,8,0.984,1.0,0.9058823529411765,0.9506172839506173,0.9529411764705882
primary_42_SilentProbing_afp_C1,42,SilentProbing,afp,C1,128,83,0,415,2,0.996,1.0,0.9764705882352941,0.988095238095238,0.9882352941176471
primary_42_SilentProbing_afp_C1,42,SilentProbing,afp,C1,129,79,0,415,6,0.988,1.0,0.9294117647058824,0.9634146341463414,0.9647058823529412
primary_42_SilentProbing_afp_C1,42,SilentProbing,afp,C1,130,83,0,415,2,0.996,1.0,0.9764705882352941,0.988095238095238,0.9882352941176471
primary_42_SilentProbing_afp_C1,42,SilentProbing,afp,C1,131,80,1,414,5,0.988,0.9876543209876543,0.9411764705882353,0.963855421686747,0.9693834160170092
primary_42_SilentProbing_afp_C1,42,SilentProbing,afp,C1,132,78,0,415,7,0.986,1.0,0.9176470588235294,0.9570552147239264,0.9588235294117646
primary_42_SilentProbing_afp_C1,42,SilentProbing,afp,C1,133,81,1,414,4,0.99,0.9878048780487805,0.9529411764705882,0.9700598802395209,0.9752657689581856
primary_42_SilentProbing_afp_C1,42,SilentProbing,afp,C1,134,78,0,415,7,0.986,1.0,0.9176470588235294,0.9570552147239264,0.9588235294117646
primary_42_SilentProbing_afp_C1,42,SilentProbing,afp,C1,135,83,0,415,2,0.996,1.0,0.9764705882352941,0.988095238095238,0.9882352941176471
primary_42_SilentProbing_afp_C1,42,SilentProbing,afp,C1,136,82,0,415,3,0.994,1.0,0.9647058823529412,0.9820359281437125,0.9823529411764707
primary_42_SilentProbing_afp_C1,42,SilentProbing,afp,C1,137,79,2,413,6,0.984,0.9753086419753086,0.9294117647058824,0.9518072289156626,0.9622962437987244
primary_42_SilentProbing_afp_C1,42,SilentProbing,afp,C1,138,82,0,415,3,0.994,1.0,0.9647058823529412,0.9820359281437125,0.9823529411764707
primary_42_SilentProbing_afp_C1,42,SilentProbing,afp,C1,139,78,1,414,7,0.984,0.9873417721518988,0.9176470588235294,0.9512195121951219,0.9576187101346563
primary_42_SilentProbing_afp_C1,42,SilentProbing,afp,C1,140,79,0,415,6,0.988,1.0,0.9294117647058824,0.9634146341463414,0.9647058823529412
primary_42_SilentProbing_afp_C1,42,SilentProbing,afp,C1,141,78,0,415,7,0.986,1.0,0.9176470588235294,0.9570552147239264,0.9588235294117646
primary_42_SilentProbing_afp_C1,42,SilentProbing,afp,C1,142,84,0,415,1,0.998,1.0,0.9882352941176471,0.9940828402366864,0.9941176470588236
primary_42_SilentProbing_afp_C1,42,SilentProbing,afp,C1,143,81,0,415,4,0.992,1.0,0.9529411764705882,0.9759036144578312,0.9764705882352941
primary_42_SilentProbing_feature_squeezing_Base,42,SilentProbing,feature_squeezing,Base,0,80,0,414,6,0.988,1.0,0.9302325581395349,0.963855421686747,0.9651162790697674
primary_42_SilentProbing_feature_squeezing_Base,42,SilentProbing,feature_squeezing,Base,1,78,0,414,8,0.984,1.0,0.9069767441860465,0.951219512195122,0.9534883720930232
primary_42_SilentProbing_feature_squeezing_Base,42,SilentProbing,feature_squeezing,Base,2,82,1,413,4,0.99,0.9879518072289156,0.9534883720930233,0.9704142011834319,0.9755364565779125
primary_42_SilentProbing_feature_squeezing_Base,42,SilentProbing,feature_squeezing,Base,3,83,0,414,3,0.994,1.0,0.9651162790697675,0.9822485207100593,0.9825581395348837
primary_42_SilentProbing_feature_squeezing_Base,42,SilentProbing,feature_squeezing,Base,4,84,0,414,2,0.996,1.0,0.9767441860465116,0.988235294117647,0.9883720930232558
primary_42_SilentProbing_feature_squeezing_Base,42,SilentProbing,feature_squeezing,Base,5,82,1,413,4,0.99,0.9879518072289156,0.9534883720930233,0.9704142011834319,0.9755364565779125
primary_42_SilentProbing_feature_squeezing_Base,42,SilentProbing,feature_squeezing,Base,6,81,0,414,5,0.99,1.0,0.9418604651162791,0.970059880239521,0.9709302325581395
primary_42_SilentProbing_feature_squeezing_Base,42,SilentProbing,feature_squeezing,Base,7,79,0,414,7,0.986,1.0,0.9186046511627907,0.9575757575757576,0.9593023255813953
primary_42_SilentProbing_feature_squeezing_Base,42,SilentProbing,feature_squeezing,Base,8,80,0,414,6,0.988,1.0,0.9302325581395349,0.963855421686747,0.9651162790697674
primary_42_SilentProbing_feature_squeezing_Base,42,SilentProbing,feature_squeezing,Base,9,84,0,414,2,0.996,1.0,0.9767441860465116,0.988235294117647,0.9883720930232558
primary_42_SilentProbing_feature_squeezing_Base,42,SilentProbing,feature_squeezing,Base,10,81,0,414,5,0.99,1.0,0.9418604651162791,0.970059880239521,0.9709302325581395
primary_42_SilentProbing_feature_squeezing_Base,42,SilentProbing,feature_squeezing,Base,11,80,0,414,6,0.988,1.0,0.9302325581395349,0.963855421686747,0.9651162790697674
primary_42_SilentProbing_feature_squeezing_Base,42,SilentProbing,feature_squeezing,Base,12,83,0,414,3,0.994,1.0,0.9651162790697675,0.9822485207100593,0.9825581395348837
primary_42_SilentProbing_feature_squeezing_Base,42,SilentProbing,feature_squeezing,Base,13,83,0,414,3,0.994,1.0,0.9651162790697675,0.9822485207100593,0.9825581395348837
primary_42_SilentProbing_feature_squeezing_Base,42,SilentProbing,feature_squeezing,Base,14,83,1,413,3,0.992,0.9880952380952381,0.9651162790697675,0.9764705882352942,0.9813504100662847
primary_42_SilentProbing_feature_squeezing_Base,42,SilentProbing,feature_squeezing,Base,15,81,0,414,5,0.99,1.0,0.9418604651162791,0.970059880239521,0.9709302325581395
primary_42_SilentProbing_feature_squeezing_Base,42,SilentProbing,feature_squeezing,Base,16,78,0,414,8,0.984,1.0,0.9069767441860465,0.951219512195122,0.9534883720930232
primary_42_SilentProbing_feature_squeezing_Base,42,SilentProbing,feature_squeezing,Base,17,84,0,415,1,0.998,1.0,0.9882352941176471,0.9940828402366864,0.9941176470588236
primary_42_SilentProbing_feature_squeezing_Base,42,SilentProbing,feature_squeezing,Base,18,80,0,415,5,0.99,1.0,0.9411764705882353,0.9696969696969697,0.9705882352941176
primary_42_SilentProbing_feature_squeezing_Base,42,SilentProbing,feature_squeezing,Base,19,83,0,415,2,0.996,1.0,0.9764705882352941,0.988095238095238,0.9882352941176471
primary_42_SilentProbing_feature_squeezing_Base,42,SilentProbing,feature_squeezing,Base,20,74,0,415,11,0.978,1.0,0.8705882352941177,0.9308176100628931,0.9352941176470588
primary_42_SilentProbing_feature_squeezing_Base,42,SilentProbing,feature_squeezing,Base,21,75,0,415,10,0.98,1.0,0.8823529411764706,0.9375,0.9411764705882353
primary_42_SilentProbing_feature_squeezing_Base,42,SilentProbing,feature_squeezing,Base,22,76,0,415,9,0.982,1.0,0.8941176470588236,0.9440993788819877,0.9470588235294117
primary_42_SilentProbing_feature_squeezing_Base,42,SilentProbing,feature_squeezing,Base,23,81,0,415,4,0.992,1.0,0.9529411764705882,0.9759036144578312,0.9764705882352941
primary_42_SilentProbing_feature_squeezing_Base,42,SilentProbing,feature_squeezing,Base,24,80,0,415,5,0.99,1.0,0.9411764705882353,0.9696969696969697,0.9705882352941176
primary_42_SilentProbing_feature_squeezing_Base,42,SilentProbing,feature_squeezing,Base,25,77,0,415,8,0.984,1.0,0.9058823529411765,0.9506172839506173,0.9529411764705882
primary_42_SilentProbing_feature_squeezing_Base,42,SilentProbing,feature_squeezing,Base,26,76,0,415,9,0.982,1.0,0.8941176470588236,0.9440993788819877,0.9470588235294117
primary_42_SilentProbing_feature_squeezing_Base,42,SilentProbing,feature_squeezing,Base,27,76,0,415,9,0.982,1.0,0.8941176470588236,0.9440993788819877,0.9470588235294117
primary_42_SilentProbing_feature_squeezing_Base,42,SilentProbing,feature_squeezing,Base,28,79,0,415,6,0.988,1.0,0.9294117647058824,0.9634146341463414,0.9647058823529412
primary_42_SilentProbing_feature_squeezing_Base,42,SilentProbing,feature_squeezing,Base,29,80,0,415,5,0.99,1.0,0.9411764705882353,0.9696969696969697,0.9705882352941176
primary_42_SilentProbing_feature_squeezing_Base,42,SilentProbing,feature_squeezing,Base,30,79,0,415,6,0.988,1.0,0.9294117647058824,0.9634146341463414,0.9647058823529412
primary_42_SilentProbing_feature_squeezing_Base,42,SilentProbing,feature_squeezing,Base,31,77,0,415,8,0.984,1.0,0.9058823529411765,0.9506172839506173,0.9529411764705882
primary_42_SilentProbing_feature_squeezing_Base,42,SilentProbing,feature_squeezing,Base,32,78,0,415,7,0.986,1.0,0.9176470588235294,0.9570552147239264,0.9588235294117646
primary_42_SilentProbing_feature_squeezing_Base,42,SilentProbing,feature_squeezing,Base,33,81,0,415,4,0.992,1.0,0.9529411764705882,0.9759036144578312,0.9764705882352941
primary_42_SilentProbing_feature_squeezing_Base,42,SilentProbing,feature_squeezing,Base,34,78,1,414,7,0.984,0.9873417721518988,0.9176470588235294,0.9512195121951219,0.9576187101346563
primary_42_SilentProbing_feature_squeezing_Base,42,SilentProbing,feature_squeezing,Base,35,74,0,415,11,0.978,1.0,0.8705882352941177,0.9308176100628931,0.9352941176470588
primary_42_SilentProbing_feature_squeezing_Base,42,SilentProbing,feature_squeezing,Base,36,79,0,415,6,0.988,1.0,0.9294117647058824,0.9634146341463414,0.9647058823529412
primary_42_SilentProbing_feature_squeezing_Base,42,SilentProbing,feature_squeezing,Base,37,80,1,414,5,0.988,0.9876543209876543,0.9411764705882353,0.963855421686747,0.9693834160170092
primary_42_SilentProbing_feature_squeezing_Base,42,SilentProbing,feature_squeezing,Base,38,81,0,415,4,0.992,1.0,0.9529411764705882,0.9759036144578312,0.9764705882352941
primary_42_SilentProbing_feature_squeezing_Base,42,SilentProbing,feature_squeezing,Base,39,79,0,415,6,0.988,1.0,0.9294117647058824,0.9634146341463414,0.9647058823529412
primary_42_SilentProbing_feature_squeezing_Base,42,SilentProbing,feature_squeezing,Base,40,82,0,415,3,0.994,1.0,0.9647058823529412,0.9820359281437125,0.9823529411764707
primary_42_SilentProbing_feature_squeezing_Base,42,SilentProbing,feature_squeezing,Base,41,80,0,415,5,0.99,1.0,0.9411764705882353,0.9696969696969697,0.9705882352941176
primary_42_SilentProbing_feature_squeezing_Base,42,SilentProbing,feature_squeezing,Base,42,80,0,415,5,0.99,1.0,0.9411764705882353,0.9696969696969697,0.9705882352941176
primary_42_SilentProbing_feature_squeezing_Base,42,SilentProbing,feature_squeezing,Base,43,77,1,414,8,0.982,0.9871794871794872,0.9058823529411765,0.9447852760736197,0.9517363571934798
primary_42_SilentProbing_feature_squeezing_Base,42,SilentProbing,feature_squeezing,Base,44,79,0,415,6,0.988,1.0,0.9294117647058824,0.9634146341463414,0.9647058823529412
primary_42_SilentProbing_feature_squeezing_Base,42,SilentProbing,feature_squeezing,Base,45,81,0,415,4,0.992,1.0,0.9529411764705882,0.9759036144578312,0.9764705882352941
primary_42_SilentProbing_feature_squeezing_Base,42,SilentProbing,feature_squeezing,Base,46,81,1,414,4,0.99,0.9878048780487805,0.9529411764705882,0.9700598802395209,0.9752657689581856
primary_42_SilentProbing_feature_squeezing_Base,42,SilentProbing,feature_squeezing,Base,47,75,0,415,10,0.98,1.0,0.8823529411764706,0.9375,0.9411764705882353
primary_42_SilentProbing_feature_squeezing_Base,42,SilentProbing,feature_squeezing,Base,48,81,0,415,4,0.992,1.0,0.9529411764705882,0.9759036144578312,0.9764705882352941
primary_42_SilentProbing_feature_squeezing_Base,42,SilentProbing,feature_squeezing,Base,49,77,0,415,8,0.984,1.0,0.9058823529411765,0.9506172839506173,0.9529411764705882
primary_42_SilentProbing_feature_squeezing_Base,42,SilentProbing,feature_squeezing,Base,50,79,0,415,6,0.988,1.0,0.9294117647058824,0.9634146341463414,0.9647058823529412
primary_42_SilentProbing_feature_squeezing_Base,42,SilentProbing,feature_squeezing,Base,51,80,1,414,5,0.988,0.9876543209876543,0.9411764705882353,0.963855421686747,0.9693834160170092
primary_42_SilentProbing_feature_squeezing_Base,42,SilentProbing,feature_squeezing,Base,52,79,0,415,6,0.988,1.0,0.9294117647058824,0.9634146341463414,0.9647058823529412
primary_42_SilentProbing_feature_squeezing_Base,42,SilentProbing,feature_squeezing,Base,53,76,0,415,9,0.982,1.0,0.8941176470588236,0.9440993788819877,0.9470588235294117
primary_42_SilentProbing_feature_squeezing_Base,42,SilentProbing,feature_squeezing,Base,54,82,0,415,3,0.994,1.0,0.9647058823529412,0.9820359281437125,0.9823529411764707
primary_42_SilentProbing_feature_squeezing_Base,42,SilentProbing,feature_squeezing,Base,55,78,0,415,7,0.986,1.0,0.9176470588235294,0.9570552147239264,0.9588235294117646
primary_42_SilentProbing_feature_squeezing_Base,42,SilentProbing,feature_squeezing,Base,56,78,0,415,7,0.986,1.0,0.9176470588235294,0.9570552147239264,0.9588235294117646
primary_42_SilentProbing_feature_squeezing_Base,42,SilentProbing,feature_squeezing,Base,57,81,0,415,4,0.992,1.0,0.9529411764705882,0.9759036144578312,0.9764705882352941
primary_42_SilentProbing_feature_squeezing_Base,42,SilentProbing,feature_squeezing,Base,58,82,0,415,3,0.994,1.0,0.9647058823529412,0.9820359281437125,0.9823529411764707
primary_42_SilentProbing_feature_squeezing_Base,42,SilentProbing,feature_squeezing,Base,59,77,0,415,8,0.984,1.0,0.9058823529411765,0.9506172839506173,0.9529411764705882
primary_42_SilentProbing_feature_squeezing_Base,42,SilentProbing,feature_squeezing,Base,60,79,0,415,6,0.988,1.0,0.9294117647058824,0.9634146341463414,0.9647058823529412
primary_42_SilentProbing_feature_squeezing_Base,42,SilentProbing,feature_squeezing,Base,61,77,0,415,8,0.984,1.0,0.9058823529411765,0.9506172839506173,0.9529411764705882
primary_42_SilentProbing_feature_squeezing_Base,42,SilentProbing,feature_squeezing,Base,62,81,0,415,4,0.992,1.0,0.9529411764705882,0.9759036144578312,0.9764705882352941
primary_42_SilentProbing_feature_squeezing_Base,42,SilentProbing,feature_squeezing,Base,63,76,0,415,9,0.982,1.0,0.8941176470588236,0.9440993788819877,0.9470588235294117
primary_42_SilentProbing_feature_squeezing_Base,42,SilentProbing,feature_squeezing,Base,64,77,0,415,8,0.984,1.0,0.9058823529411765,0.9506172839506173,0.9529411764705882
primary_42_SilentProbing_feature_squeezing_Base,42,SilentProbing,feature_squeezing,Base,65,77,0,415,8,0.984,1.0,0.9058823529411765,0.9506172839506173,0.9529411764705882
primary_42_SilentProbing_feature_squeezing_Base,42,SilentProbing,feature_squeezing,Base,66,79,0,415,6,0.988,1.0,0.9294117647058824,0.9634146341463414,0.9647058823529412
primary_42_SilentProbing_feature_squeezing_Base,42,SilentProbing,feature_squeezing,Base,67,81,0,415,4,0.992,1.0,0.9529411764705882,0.9759036144578312,0.9764705882352941
primary_42_SilentProbing_feature_squeezing_Base,42,SilentProbing,feature_squeezing,Base,68,79,0,415,6,0.988,1.0,0.9294117647058824,0.9634146341463414,0.9647058823529412
primary_42_SilentProbing_feature_squeezing_Base,42,SilentProbing,feature_squeezing,Base,69,76,1,414,9,0.98,0.987012987012987,0.8941176470588236,0.9382716049382716,0.9458540042523034
primary_42_SilentProbing_feature_squeezing_Base,42,SilentProbing,feature_squeezing,Base,70,82,0,415,3,0.994,1.0,0.9647058823529412,0.9820359281437125,0.9823529411764707
primary_42_SilentProbing_feature_squeezing_Base,42,SilentProbing,feature_squeezing,Base,71,77,0,415,8,0.984,1.0,0.9058823529411765,0.9506172839506173,0.9529411764705882
primary_42_SilentProbing_feature_squeezing_Base,42,SilentProbing,feature_squeezing,Base,72,78,0,415,7,0.986,1.0,0.9176470588235294,0.9570552147239264,0.9588235294117646
primary_42_SilentProbing_feature_squeezing_Base,42,SilentProbing,feature_squeezing,Base,73,77,0,415,8,0.984,1.0,0.9058823529411765,0.9506172839506173,0.9529411764705882
primary_42_SilentProbing_feature_squeezing_Base,42,SilentProbing,feature_squeezing,Base,74,82,0,415,3,0.994,1.0,0.9647058823529412,0.9820359281437125,0.9823529411764707
primary_42_SilentProbing_feature_squeezing_Base,42,SilentProbing,feature_squeezing,Base,75,78,0,415,7,0.986,1.0,0.9176470588235294,0.9570552147239264,0.9588235294117646
primary_42_SilentProbing_feature_squeezing_Base,42,SilentProbing,feature_squeezing,Base,76,82,1,414,3,0.992,0.9879518072289156,0.9647058823529412,0.9761904761904762,0.9811481218993622
primary_42_SilentProbing_feature_squeezing_Base,42,SilentProbing,feature_squeezing,Base,77,80,0,415,5,0.99,1.0,0.9411764705882353,0.9696969696969697,0.9705882352941176
primary_42_SilentProbing_feature_squeezing_Base,42,SilentProbing,feature_squeezing,Base,78,79,0,415,6,0.988,1.0,0.9294117647058824,0.9634146341463414,0.9647058823529412
primary_42_SilentProbing_feature_squeezing_Base,42,SilentProbing,feature_squeezing,Base,79,80,0,415,5,0.99,1.0,0.9411764705882353,0.9696969696969697,0.9705882352941176
primary_42_SilentProbing_feature_squeezing_Base,42,SilentProbing,feature_squeezing,Base,80,77,0,415,8,0.984,1.0,0.9058823529411765,0.9506172839506173,0.9529411764705882
primary_42_SilentProbing_feature_squeezing_Base,42,SilentProbing,feature_squeezing,Base,81,75,0,415,10,0.98,1.0,0.8823529411764706,0.9375,0.9411764705882353
primary_42_SilentProbing_feature_squeezing_Base,42,SilentProbing,feature_squeezing,Base,82,79,0,415,6,0.988,1.0,0.9294117647058824,0.9634146341463414,0.9647058823529412
primary_42_SilentProbing_feature_squeezing_Base,42,SilentProbing,feature_squeezing,Base,83,76,0,415,9,0.982,1.0,0.8941176470588236,0.9440993788819877,0.9470588235294117
primary_42_SilentProbing_feature_squeezing_Base,42,SilentProbing,feature_squeezing,Base,84,79,0,415,6,0.988,1.0,0.9294117647058824,0.9634146341463414,0.9647058823529412
primary_42_SilentProbing_feature_squeezing_Base,42,SilentProbing,feature_squeezing,Base,85,81,0,415,4,0.992,1.0,0.9529411764705882,0.9759036144578312,0.9764705882352941
primary_42_SilentProbing_feature_squeezing_Base,42,SilentProbing,feature_squeezing,Base,86,75,1,414,10,0.978,0.9868421052631579,0.8823529411764706,0.9316770186335402,0.9399716513111269
primary_42_SilentProbing_feature_squeezing_Base,42,SilentProbing,feature_squeezing,Base,87,78,0,415,7,0.986,1.0,0.9176470588235294,0.9570552147239264,0.9588235294117646
primary_42_SilentProbing_feature_squeezing_Base,42,SilentProbing,feature_squeezing,Base,88,81,0,415,4,0.992,1.0,0.9529411764705882,0.9759036144578312,0.9764705882352941
primary_42_SilentProbing_feature_squeezing_Base,42,SilentProbing,feature_squeezing,Base,89,79,0,415,6,0.988,1.0,0.9294117647058824,0.9634146341463414,0.9647058823529412
primary_42_SilentProbing_feature_squeezing_Base,42,SilentProbing,feature_squeezing,Base,90,80,1,414,5,0.988,0.9876543209876543,0.9411764705882353,0.963855421686747,0.9693834160170092
primary_42_SilentProbing_feature_squeezing_Base,42,SilentProbing,feature_squeezing,Base,91,80,0,415,5,0.99,1.0,0.9411764705882353,0.9696969696969697,0.9705882352941176
primary_42_SilentProbing_feature_squeezing_Base,42,SilentProbing,feature_squeezing,Base,92,79,0,415,6,0.988,1.0,0.9294117647058824,0.9634146341463414,0.9647058823529412
primary_42_SilentProbing_feature_squeezing_Base,42,SilentProbing,feature_squeezing,Base,93,78,0,415,7,0.986,1.0,0.9176470588235294,0.9570552147239264,0.9588235294117646
primary_42_SilentProbing_feature_squeezing_Base,42,SilentProbing,feature_squeezing,Base,94,81,0,415,4,0.992,1.0,0.9529411764705882,0.9759036144578312,0.9764705882352941
primary_42_SilentProbing_feature_squeezing_Base,42,SilentProbing,feature_squeezing,Base,95,81,0,415,4,0.992,1.0,0.9529411764705882,0.9759036144578312,0.9764705882352941
primary_42_SilentProbing_feature_squeezing_Base,42,SilentProbing,feature_squeezing,Base,96,84,0,415,1,0.998,1.0,0.9882352941176471,0.9940828402366864,0.9941176470588236
primary_42_SilentProbing_feature_squeezing_Base,42,SilentProbing,feature_squeezing,Base,97,74,1,414,11,0.976,0.9866666666666667,0.8705882352941177,0.925,0.9340892983699505
primary_42_SilentProbing_feature_squeezing_Base,42,SilentProbing,feature_squeezing,Base,98,79,0,415,6,0.988,1.0,0.9294117647058824,0.9634146341463414,0.9647058823529412
primary_42_SilentProbing_feature_squeezing_Base,42,SilentProbing,feature_squeezing,Base,99,80,0,415,5,0.99,1.0,0.9411764705882353,0.9696969696969697,0.9705882352941176
primary_42_SilentProbing_feature_squeezing_Base,42,SilentProbing,feature_squeezing,Base,100,81,0,415,4,0.992,1.0,0.9529411764705882,0.9759036144578312,0.9764705882352941
primary_42_SilentProbing_feature_squeezing_Base,42,SilentProbing,feature_squeezing,Base,101,80,0,415,5,0.99,1.0,0.9411764705882353,0.9696969696969697,0.9705882352941176
primary_42_SilentProbing_feature_squeezing_Base,42,SilentProbing,feature_squeezing,Base,102,81,0,415,4,0.992,1.0,0.9529411764705882,0.9759036144578312,0.9764705882352941
primary_42_SilentProbing_feature_squeezing_Base,42,SilentProbing,feature_squeezing,Base,103,81,0,415,4,0.992,1.0,0.9529411764705882,0.9759036144578312,0.9764705882352941
primary_42_SilentProbing_feature_squeezing_Base,42,SilentProbing,feature_squeezing,Base,104,80,0,415,5,0.99,1.0,0.9411764705882353,0.9696969696969697,0.9705882352941176
primary_42_SilentProbing_feature_squeezing_Base,42,SilentProbing,feature_squeezing,Base,105,81,0,415,4,0.992,1.0,0.9529411764705882,0.9759036144578312,0.9764705882352941
primary_42_SilentProbing_feature_squeezing_Base,42,SilentProbing,feature_squeezing,Base,106,78,0,415,7,0.986,1.0,0.9176470588235294,0.9570552147239264,0.9588235294117646
primary_42_SilentProbing_feature_squeezing_Base,42,SilentProbing,feature_squeezing,Base,107,78,0,415,7,0.986,1.0,0.9176470588235294,0.9570552147239264,0.9588235294117646
primary_42_SilentProbing_feature_squeezing_Base,42,SilentProbing,feature_squeezing,Base,108,81,0,415,4,0.992,1.0,0.9529411764705882,0.9759036144578312,0.9764705882352941
primary_42_SilentProbing_feature_squeezing_Base,42,SilentProbing,feature_squeezing,Base,109,77,0,415,8,0.984,1.0,0.9058823529411765,0.9506172839506173,0.9529411764705882
primary_42_SilentProbing_feature_squeezing_Base,42,SilentProbing,feature_squeezing,Base,110,77,1,414,8,0.982,0.9871794871794872,0.9058823529411765,0.9447852760736197,0.9517363571934798
primary_42_SilentProbing_feature_squeezing_Base,42,SilentProbing,feature_squeezing,Base,111,83,0,415,2,0.996,1.0,0.9764705882352941,0.988095238095238,0.9882352941176471
primary_42_SilentProbing_feature_squeezing_Base,42,SilentProbing,feature_squeezing,Base,112,81,1,414,4,0.99,0.9878048780487805,0.9529411764705882,0.9700598802395209,0.9752657689581856
primary_42_SilentProbing_feature_squeezing_Base,42,SilentProbing,feature_squeezing,Base,113,79,0,415,6,0.988,1.0,0.9294117647058824,0.9634146341463414,0.9647058823529412
primary_42_SilentProbing_feature_squeezing_Base,42,SilentProbing,feature_squeezing,Base,114,78,0,415,7,0.986,1.0,0.9176470588235294,0.9570552147239264,0.9588235294117646
primary_42_SilentProbing_feature_squeezing_Base,42,SilentProbing,feature_squeezing,Base,115,77,0,415,8,0.984,1.0,0.9058823529411765,0.9506172839506173,0.9529411764705882
primary_42_SilentProbing_feature_squeezing_Base,42,SilentProbing,feature_squeezing,Base,116,77,0,415,8,0.984,1.0,0.9058823529411765,0.9506172839506173,0.9529411764705882
primary_42_SilentProbing_feature_squeezing_Base,42,SilentProbing,feature_squeezing,Base,117,80,1,414,5,0.988,0.9876543209876543,0.9411764705882353,0.963855421686747,0.9693834160170092
primary_42_SilentProbing_feature_squeezing_Base,42,SilentProbing,feature_squeezing,Base,118,78,0,415,7,0.986,1.0,0.9176470588235294,0.9570552147239264,0.9588235294117646
primary_42_SilentProbing_feature_squeezing_Base,42,SilentProbing,feature_squeezing,Base,119,80,0,415,5,0.99,1.0,0.9411764705882353,0.9696969696969697,0.9705882352941176
primary_42_SilentProbing_feature_squeezing_Base,42,SilentProbing,feature_squeezing,Base,120,81,0,415,4,0.992,1.0,0.9529411764705882,0.9759036144578312,0.9764705882352941
primary_42_SilentProbing_feature_squeezing_Base,42,SilentProbing,feature_squeezing,Base,121,81,0,415,4,0.992,1.0,0.9529411764705882,0.9759036144578312,0.9764705882352941
primary_42_SilentProbing_feature_squeezing_Base,42,SilentProbing,feature_squeezing,Base,122,80,0,415,5,0.99,1.0,0.9411764705882353,0.9696969696969697,0.9705882352941176
primary_42_SilentProbing_feature_squeezing_Base,42,SilentProbing,feature_squeezing,Base,123,75,0,415,10,0.98,1.0,0.8823529411764706,0.9375,0.9411764705882353
primary_42_SilentProbing_feature_squeezing_Base,42,SilentProbing,feature_squeezing,Base,124,78,0,415,7,0.986,1.0,0.9176470588235294,0.9570552147239264,0.9588235294117646
primary_42_SilentProbing_feature_squeezing_Base,42,SilentProbing,feature_squeezing,Base,125,79,0,415,6,0.988,1.0,0.9294117647058824,0.9634146341463414,0.9647058823529412
primary_42_SilentProbing_feature_squeezing_Base,42,SilentProbing,feature_squeezing,Base,126,82,0,415,3,0.994,1.0,0.9647058823529412,0.9820359281437125,0.9823529411764707
primary_42_SilentProbing_feature_squeezing_Base,42,SilentProbing,feature_squeezing,Base,127,75,0,415,10,0.98,1.0,0.8823529411764706,0.9375,0.9411764705882353
primary_42_SilentProbing_feature_squeezing_Base,42,SilentProbing,feature_squeezing,Base,128,82,0,415,3,0.994,1.0,0.9647058823529412,0.9820359281437125,0.9823529411764707
primary_42_SilentProbing_feature_squeezing_Base,42,SilentProbing,feature_squeezing,Base,129,79,0,415,6,0.988,1.0,0.9294117647058824,0.9634146341463414,0.9647058823529412
primary_42_SilentProbing_feature_squeezing_Base,42,SilentProbing,feature_squeezing,Base,130,83,0,415,2,0.996,1.0,0.9764705882352941,0.988095238095238,0.9882352941176471
primary_42_SilentProbing_feature_squeezing_Base,42,SilentProbing,feature_squeezing,Base,131,78,0,415,7,0.986,1.0,0.9176470588235294,0.9570552147239264,0.9588235294117646
primary_42_SilentProbing_feature_squeezing_Base,42,SilentProbing,feature_squeezing,Base,132,78,0,415,7,0.986,1.0,0.9176470588235294,0.9570552147239264,0.9588235294117646
primary_42_SilentProbing_feature_squeezing_Base,42,SilentProbing,feature_squeezing,Base,133,81,0,415,4,0.992,1.0,0.9529411764705882,0.9759036144578312,0.9764705882352941
primary_42_SilentProbing_feature_squeezing_Base,42,SilentProbing,feature_squeezing,Base,134,77,0,415,8,0.984,1.0,0.9058823529411765,0.9506172839506173,0.9529411764705882
primary_42_SilentProbing_feature_squeezing_Base,42,SilentProbing,feature_squeezing,Base,135,83,0,415,2,0.996,1.0,0.9764705882352941,0.988095238095238,0.9882352941176471
primary_42_SilentProbing_feature_squeezing_Base,42,SilentProbing,feature_squeezing,Base,136,80,0,415,5,0.99,1.0,0.9411764705882353,0.9696969696969697,0.9705882352941176
primary_42_SilentProbing_feature_squeezing_Base,42,SilentProbing,feature_squeezing,Base,137,78,0,415,7,0.986,1.0,0.9176470588235294,0.9570552147239264,0.9588235294117646
primary_42_SilentProbing_feature_squeezing_Base,42,SilentProbing,feature_squeezing,Base,138,81,0,415,4,0.992,1.0,0.9529411764705882,0.9759036144578312,0.9764705882352941
primary_42_SilentProbing_feature_squeezing_Base,42,SilentProbing,feature_squeezing,Base,139,78,0,415,7,0.986,1.0,0.9176470588235294,0.9570552147239264,0.9588235294117646
primary_42_SilentProbing_feature_squeezing_Base,42,SilentProbing,feature_squeezing,Base,140,77,0,415,8,0.984,1.0,0.9058823529411765,0.9506172839506173,0.9529411764705882
primary_42_SilentProbing_feature_squeezing_Base,42,SilentProbing,feature_squeezing,Base,141,77,0,415,8,0.984,1.0,0.9058823529411765,0.9506172839506173,0.9529411764705882
primary_42_SilentProbing_feature_squeezing_Base,42,SilentProbing,feature_squeezing,Base,142,84,0,415,1,0.998,1.0,0.9882352941176471,0.9940828402366864,0.9941176470588236
primary_42_SilentProbing_feature_squeezing_Base,42,SilentProbing,feature_squeezing,Base,143,80,0,415,5,0.99,1.0,0.9411764705882353,0.9696969696969697,0.9705882352941176
primary_42_SilentProbing_feature_squeezing_C1,42,SilentProbing,feature_squeezing,C1,0,80,0,414,6,0.988,1.0,0.9302325581395349,0.963855421686747,0.9651162790697674
primary_42_SilentProbing_feature_squeezing_C1,42,SilentProbing,feature_squeezing,C1,1,79,0,414,7,0.986,1.0,0.9186046511627907,0.9575757575757576,0.9593023255813953
primary_42_SilentProbing_feature_squeezing_C1,42,SilentProbing,feature_squeezing,C1,2,83,1,413,3,0.992,0.9880952380952381,0.9651162790697675,0.9764705882352942,0.9813504100662847
primary_42_SilentProbing_feature_squeezing_C1,42,SilentProbing,feature_squeezing,C1,3,84,0,414,2,0.996,1.0,0.9767441860465116,0.988235294117647,0.9883720930232558
primary_42_SilentProbing_feature_squeezing_C1,42,SilentProbing,feature_squeezing,C1,4,84,1,413,2,0.994,0.9882352941176471,0.9767441860465116,0.9824561403508771,0.9871643635546568
primary_42_SilentProbing_feature_squeezing_C1,42,SilentProbing,feature_squeezing,C1,5,83,0,414,3,0.994,1.0,0.9651162790697675,0.9822485207100593,0.9825581395348837
primary_42_SilentProbing_feature_squeezing_C1,42,SilentProbing,feature_squeezing,C1,6,82,0,414,4,0.992,1.0,0.9534883720930233,0.9761904761904763,0.9767441860465116
primary_42_SilentProbing_feature_squeezing_C1,42,SilentProbing,feature_squeezing,C1,7,81,1,413,5,0.988,0.9878048780487805,0.9418604651162791,0.9642857142857143,0.9697225030895404
primary_42_SilentProbing_feature_squeezing_C1,42,SilentProbing,feature_squeezing,C1,8,81,1,413,5,0.988,0.9878048780487805,0.9418604651162791,0.9642857142857143,0.9697225030895404
primary_42_SilentProbing_feature_squeezing_C1,42,SilentProbing,feature_squeezing,C1,9,84,0,414,2,0.996,1.0,0.9767441860465116,0.988235294117647,0.9883720930232558
primary_42_SilentProbing_feature_squeezing_C1,42,SilentProbing,feature_squeezing,C1,10,81,1,413,5,0.988,0.9878048780487805,0.9418604651162791,0.9642857142857143,0.9697225030895404
primary_42_SilentProbing_feature_squeezing_C1,42,SilentProbing,feature_squeezing,C1,11,80,0,414,6,0.988,1.0,0.9302325581395349,0.963855421686747,0.9651162790697674
primary_42_SilentProbing_feature_squeezing_C1,42,SilentProbing,feature_squeezing,C1,12,83,0,414,3,0.994,1.0,0.9651162790697675,0.9822485207100593,0.9825581395348837
primary_42_SilentProbing_feature_squeezing_C1,42,SilentProbing,feature_squeezing,C1,13,84,0,414,2,0.996,1.0,0.9767441860465116,0.988235294117647,0.9883720930232558
primary_42_SilentProbing_feature_squeezing_C1,42,SilentProbing,feature_squeezing,C1,14,84,1,413,2,0.994,0.9882352941176471,0.9767441860465116,0.9824561403508771,0.9871643635546568
primary_42_SilentProbing_feature_squeezing_C1,42,SilentProbing,feature_squeezing,C1,15,83,0,414,3,0.994,1.0,0.9651162790697675,0.9822485207100593,0.9825581395348837
primary_42_SilentProbing_feature_squeezing_C1,42,SilentProbing,feature_squeezing,C1,16,78,0,414,8,0.984,1.0,0.9069767441860465,0.951219512195122,0.9534883720930232
primary_42_SilentProbing_feature_squeezing_C1,42,SilentProbing,feature_squeezing,C1,17,84,0,415,1,0.998,1.0,0.9882352941176471,0.9940828402366864,0.9941176470588236
primary_42_SilentProbing_feature_squeezing_C1,42,SilentProbing,feature_squeezing,C1,18,80,0,415,5,0.99,1.0,0.9411764705882353,0.9696969696969697,0.9705882352941176
primary_42_SilentProbing_feature_squeezing_C1,42,SilentProbing,feature_squeezing,C1,19,83,0,415,2,0.996,1.0,0.9764705882352941,0.988095238095238,0.9882352941176471
primary_42_SilentProbing_feature_squeezing_C1,42,SilentProbing,feature_squeezing,C1,20,74,0,415,11,0.978,1.0,0.8705882352941177,0.9308176100628931,0.9352941176470588
primary_42_SilentProbing_feature_squeezing_C1,42,SilentProbing,feature_squeezing,C1,21,76,1,414,9,0.98,0.987012987012987,0.8941176470588236,0.9382716049382716,0.9458540042523034
primary_42_SilentProbing_feature_squeezing_C1,42,SilentProbing,feature_squeezing,C1,22,78,0,415,7,0.986,1.0,0.9176470588235294,0.9570552147239264,0.9588235294117646
primary_42_SilentProbing_feature_squeezing_C1,42,SilentProbing,feature_squeezing,C1,23,81,0,415,4,0.992,1.0,0.9529411764705882,0.9759036144578312,0.9764705882352941
primary_42_SilentProbing_feature_squeezing_C1,42,SilentProbing,feature_squeezing,C1,24,80,1,414,5,0.988,0.9876543209876543,0.9411764705882353,0.963855421686747,0.9693834160170092
primary_42_SilentProbing_feature_squeezing_C1,42,SilentProbing,feature_squeezing,C1,25,77,0,415,8,0.984,1.0,0.9058823529411765,0.9506172839506173,0.9529411764705882
primary_42_SilentProbing_feature_squeezing_C1,42,SilentProbing,feature_squeezing,C1,26,77,0,415,8,0.984,1.0,0.9058823529411765,0.9506172839506173,0.9529411764705882
primary_42_SilentProbing_feature_squeezing_C1,42,SilentProbing,feature_squeezing,C1,27,77,0,415,8,0.984,1.0,0.9058823529411765,0.9506172839506173,0.9529411764705882
primary_42_SilentProbing_feature_squeezing_C1,42,SilentProbing,feature_squeezing,C1,28,79,0,415,6,0.988,1.0,0.9294117647058824,0.9634146341463414,0.9647058823529412
primary_42_SilentProbing_feature_squeezing_C1,42,SilentProbing,feature_squeezing,C1,29,80,0,415,5,0.99,1.0,0.9411764705882353,0.9696969696969697,0.9705882352941176
primary_42_SilentProbing_feature_squeezing_C1,42,SilentProbing,feature_squeezing,C1,30,79,0,415,6,0.988,1.0,0.9294117647058824,0.9634146341463414,0.9647058823529412
primary_42_SilentProbing_feature_squeezing_C1,42,SilentProbing,feature_squeezing,C1,31,78,1,414,7,0.984,0.9873417721518988,0.9176470588235294,0.9512195121951219,0.9576187101346563
primary_42_SilentProbing_feature_squeezing_C1,42,SilentProbing,feature_squeezing,C1,32,80,0,415,5,0.99,1.0,0.9411764705882353,0.9696969696969697,0.9705882352941176
primary_42_SilentProbing_feature_squeezing_C1,42,SilentProbing,feature_squeezing,C1,33,81,0,415,4,0.992,1.0,0.9529411764705882,0.9759036144578312,0.9764705882352941
primary_42_SilentProbing_feature_squeezing_C1,42,SilentProbing,feature_squeezing,C1,34,79,1,414,6,0.986,0.9875,0.9294117647058824,0.9575757575757576,0.9635010630758327
primary_42_SilentProbing_feature_squeezing_C1,42,SilentProbing,feature_squeezing,C1,35,75,0,415,10,0.98,1.0,0.8823529411764706,0.9375,0.9411764705882353
primary_42_SilentProbing_feature_squeezing_C1,42,SilentProbing,feature_squeezing,C1,36,80,0,415,5,0.99,1.0,0.9411764705882353,0.9696969696969697,0.9705882352941176
primary_42_SilentProbing_feature_squeezing_C1,42,SilentProbing,feature_squeezing,C1,37,81,1,414,4,0.99,0.9878048780487805,0.9529411764705882,0.9700598802395209,0.9752657689581856
primary_42_SilentProbing_feature_squeezing_C1,42,SilentProbing,feature_squeezing,C1,38,81,0,415,4,0.992,1.0,0.9529411764705882,0.9759036144578312,0.9764705882352941
primary_42_SilentProbing_feature_squeezing_C1,42,SilentProbing,feature_squeezing,C1,39,81,0,415,4,0.992,1.0,0.9529411764705882,0.9759036144578312,0.9764705882352941
primary_42_SilentProbing_feature_squeezing_C1,42,SilentProbing,feature_squeezing,C1,40,82,0,415,3,0.994,1.0,0.9647058823529412,0.9820359281437125,0.9823529411764707
primary_42_SilentProbing_feature_squeezing_C1,42,SilentProbing,feature_squeezing,C1,41,82,0,415,3,0.994,1.0,0.9647058823529412,0.9820359281437125,0.9823529411764707
primary_42_SilentProbing_feature_squeezing_C1,42,SilentProbing,feature_squeezing,C1,42,81,0,415,4,0.992,1.0,0.9529411764705882,0.9759036144578312,0.9764705882352941
primary_42_SilentProbing_feature_squeezing_C1,42,SilentProbing,feature_squeezing,C1,43,78,1,414,7,0.984,0.9873417721518988,0.9176470588235294,0.9512195121951219,0.9576187101346563
primary_42_SilentProbing_feature_squeezing_C1,42,SilentProbing,feature_squeezing,C1,44,79,0,415,6,0.988,1.0,0.9294117647058824,0.9634146341463414,0.9647058823529412
primary_42_SilentProbing_feature_squeezing_C1,42,SilentProbing,feature_squeezing,C1,45,81,0,415,4,0.992,1.0,0.9529411764705882,0.9759036144578312,0.9764705882352941
primary_42_SilentProbing_feature_squeezing_C1,42,SilentProbing,feature_squeezing,C1,46,81,1,414,4,0.99,0.9878048780487805,0.9529411764705882,0.9700598802395209,0.9752657689581856
primary_42_SilentProbing_feature_squeezing_C1,42,SilentProbing,feature_squeezing,C1,47,76,0,415,9,0.982,1.0,0.8941176470588236,0.9440993788819877,0.9470588235294117
primary_42_SilentProbing_feature_squeezing_C1,42,SilentProbing,feature_squeezing,C1,48,81,0,415,4,0.992,1.0,0.9529411764705882,0.9759036144578312,0.9764705882352941
primary_42_SilentProbing_feature_squeezing_C1,42,SilentProbing,feature_squeezing,C1,49,77,0,415,8,0.984,1.0,0.9058823529411765,0.9506172839506173,0.9529411764705882
primary_42_SilentProbing_feature_squeezing_C1,42,SilentProbing,feature_squeezing,C1,50,81,0,415,4,0.992,1.0,0.9529411764705882,0.9759036144578312,0.9764705882352941
primary_42_SilentProbing_feature_squeezing_C1,42,SilentProbing,feature_squeezing,C1,51,80,1,414,5,0.988,0.9876543209876543,0.9411764705882353,0.963855421686747,0.9693834160170092
primary_42_SilentProbing_feature_squeezing_C1,42,SilentProbing,feature_squeezing,C1,52,80,1,414,5,0.988,0.9876543209876543,0.9411764705882353,0.963855421686747,0.9693834160170092
primary_42_SilentProbing_feature_squeezing_C1,42,SilentProbing,feature_squeezing,C1,53,77,1,414,8,0.982,0.9871794871794872,0.9058823529411765,0.9447852760736197,0.9517363571934798
primary_42_SilentProbing_feature_squeezing_C1,42,SilentProbing,feature_squeezing,C1,54,82,0,415,3,0.994,1.0,0.9647058823529412,0.9820359281437125,0.9823529411764707
primary_42_SilentProbing_feature_squeezing_C1,42,SilentProbing,feature_squeezing,C1,55,78,0,415,7,0.986,1.0,0.9176470588235294,0.9570552147239264,0.9588235294117646
primary_42_SilentProbing_feature_squeezing_C1,42,SilentProbing,feature_squeezing,C1,56,78,0,415,7,0.986,1.0,0.9176470588235294,0.9570552147239264,0.9588235294117646
primary_42_SilentProbing_feature_squeezing_C1,42,SilentProbing,feature_squeezing,C1,57,81,0,415,4,0.992,1.0,0.9529411764705882,0.9759036144578312,0.9764705882352941
primary_42_SilentProbing_feature_squeezing_C1,42,SilentProbing,feature_squeezing,C1,58,82,1,414,3,0.992,0.9879518072289156,0.9647058823529412,0.9761904761904762,0.9811481218993622
primary_42_SilentProbing_feature_squeezing_C1,42,SilentProbing,feature_squeezing,C1,59,78,0,415,7,0.986,1.0,0.9176470588235294,0.9570552147239264,0.9588235294117646
primary_42_SilentProbing_feature_squeezing_C1,42,SilentProbing,feature_squeezing,C1,60,81,0,415,4,0.992,1.0,0.9529411764705882,0.9759036144578312,0.9764705882352941
primary_42_SilentProbing_feature_squeezing_C1,42,SilentProbing,feature_squeezing,C1,61,79,0,415,6,0.988,1.0,0.9294117647058824,0.9634146341463414,0.9647058823529412
primary_42_SilentProbing_feature_squeezing_C1,42,SilentProbing,feature_squeezing,C1,62,81,0,415,4,0.992,1.0,0.9529411764705882,0.9759036144578312,0.9764705882352941
primary_42_SilentProbing_feature_squeezing_C1,42,SilentProbing,feature_squeezing,C1,63,77,0,415,8,0.984,1.0,0.9058823529411765,0.9506172839506173,0.9529411764705882
primary_42_SilentProbing_feature_squeezing_C1,42,SilentProbing,feature_squeezing,C1,64,77,0,415,8,0.984,1.0,0.9058823529411765,0.9506172839506173,0.9529411764705882
primary_42_SilentProbing_feature_squeezing_C1,42,SilentProbing,feature_squeezing,C1,65,78,0,415,7,0.986,1.0,0.9176470588235294,0.9570552147239264,0.9588235294117646
primary_42_SilentProbing_feature_squeezing_C1,42,SilentProbing,feature_squeezing,C1,66,80,0,415,5,0.99,1.0,0.9411764705882353,0.9696969696969697,0.9705882352941176
primary_42_SilentProbing_feature_squeezing_C1,42,SilentProbing,feature_squeezing,C1,67,81,0,415,4,0.992,1.0,0.9529411764705882,0.9759036144578312,0.9764705882352941
primary_42_SilentProbing_feature_squeezing_C1,42,SilentProbing,feature_squeezing,C1,68,79,0,415,6,0.988,1.0,0.9294117647058824,0.9634146341463414,0.9647058823529412
primary_42_SilentProbing_feature_squeezing_C1,42,SilentProbing,feature_squeezing,C1,69,80,1,414,5,0.988,0.9876543209876543,0.9411764705882353,0.963855421686747,0.9693834160170092
primary_42_SilentProbing_feature_squeezing_C1,42,SilentProbing,feature_squeezing,C1,70,82,0,415,3,0.994,1.0,0.9647058823529412,0.9820359281437125,0.9823529411764707
primary_42_SilentProbing_feature_squeezing_C1,42,SilentProbing,feature_squeezing,C1,71,77,0,415,8,0.984,1.0,0.9058823529411765,0.9506172839506173,0.9529411764705882
primary_42_SilentProbing_feature_squeezing_C1,42,SilentProbing,feature_squeezing,C1,72,78,0,415,7,0.986,1.0,0.9176470588235294,0.9570552147239264,0.9588235294117646
primary_42_SilentProbing_feature_squeezing_C1,42,SilentProbing,feature_squeezing,C1,73,77,0,415,8,0.984,1.0,0.9058823529411765,0.9506172839506173,0.9529411764705882
primary_42_SilentProbing_feature_squeezing_C1,42,SilentProbing,feature_squeezing,C1,74,82,0,415,3,0.994,1.0,0.9647058823529412,0.9820359281437125,0.9823529411764707
primary_42_SilentProbing_feature_squeezing_C1,42,SilentProbing,feature_squeezing,C1,75,78,0,415,7,0.986,1.0,0.9176470588235294,0.9570552147239264,0.9588235294117646
primary_42_SilentProbing_feature_squeezing_C1,42,SilentProbing,feature_squeezing,C1,76,82,0,415,3,0.994,1.0,0.9647058823529412,0.9820359281437125,0.9823529411764707
primary_42_SilentProbing_feature_squeezing_C1,42,SilentProbing,feature_squeezing,C1,77,80,0,415,5,0.99,1.0,0.9411764705882353,0.9696969696969697,0.9705882352941176
primary_42_SilentProbing_feature_squeezing_C1,42,SilentProbing,feature_squeezing,C1,78,83,0,415,2,0.996,1.0,0.9764705882352941,0.988095238095238,0.9882352941176471
primary_42_SilentProbing_feature_squeezing_C1,42,SilentProbing,feature_squeezing,C1,79,81,0,415,4,0.992,1.0,0.9529411764705882,0.9759036144578312,0.9764705882352941
primary_42_SilentProbing_feature_squeezing_C1,42,SilentProbing,feature_squeezing,C1,80,78,0,415,7,0.986,1.0,0.9176470588235294,0.9570552147239264,0.9588235294117646
primary_42_SilentProbing_feature_squeezing_C1,42,SilentProbing,feature_squeezing,C1,81,76,0,415,9,0.982,1.0,0.8941176470588236,0.9440993788819877,0.9470588235294117
primary_42_SilentProbing_feature_squeezing_C1,42,SilentProbing,feature_squeezing,C1,82,79,0,415,6,0.988,1.0,0.9294117647058824,0.9634146341463414,0.9647058823529412
primary_42_SilentProbing_feature_squeezing_C1,42,SilentProbing,feature_squeezing,C1,83,78,0,415,7,0.986,1.0,0.9176470588235294,0.9570552147239264,0.9588235294117646
primary_42_SilentProbing_feature_squeezing_C1,42,SilentProbing,feature_squeezing,C1,84,79,0,415,6,0.988,1.0,0.9294117647058824,0.9634146341463414,0.9647058823529412
primary_42_SilentProbing_feature_squeezing_C1,42,SilentProbing,feature_squeezing,C1,85,82,1,414,3,0.992,0.9879518072289156,0.9647058823529412,0.9761904761904762,0.9811481218993622
primary_42_SilentProbing_feature_squeezing_C1,42,SilentProbing,feature_squeezing,C1,86,76,1,414,9,0.98,0.987012987012987,0.8941176470588236,0.9382716049382716,0.9458540042523034
primary_42_SilentProbing_feature_squeezing_C1,42,SilentProbing,feature_squeezing,C1,87,78,0,415,7,0.986,1.0,0.9176470588235294,0.9570552147239264,0.9588235294117646
primary_42_SilentProbing_feature_squeezing_C1,42,SilentProbing,feature_squeezing,C1,88,81,0,415,4,0.992,1.0,0.9529411764705882,0.9759036144578312,0.9764705882352941
primary_42_SilentProbing_feature_squeezing_C1,42,SilentProbing,feature_squeezing,C1,89,79,1,414,6,0.986,0.9875,0.9294117647058824,0.9575757575757576,0.9635010630758327
primary_42_SilentProbing_feature_squeezing_C1,42,SilentProbing,feature_squeezing,C1,90,81,1,414,4,0.99,0.9878048780487805,0.9529411764705882,0.9700598802395209,0.9752657689581856
primary_42_SilentProbing_feature_squeezing_C1,42,SilentProbing,feature_squeezing,C1,91,80,1,414,5,0.988,0.9876543209876543,0.9411764705882353,0.963855421686747,0.9693834160170092
primary_42_SilentProbing_feature_squeezing_C1,42,SilentProbing,feature_squeezing,C1,92,80,0,415,5,0.99,1.0,0.9411764705882353,0.9696969696969697,0.9705882352941176
primary_42_SilentProbing_feature_squeezing_C1,42,SilentProbing,feature_squeezing,C1,93,79,0,415,6,0.988,1.0,0.9294117647058824,0.9634146341463414,0.9647058823529412
primary_42_SilentProbing_feature_squeezing_C1,42,SilentProbing,feature_squeezing,C1,94,81,0,415,4,0.992,1.0,0.9529411764705882,0.9759036144578312,0.9764705882352941
primary_42_SilentProbing_feature_squeezing_C1,42,SilentProbing,feature_squeezing,C1,95,81,0,415,4,0.992,1.0,0.9529411764705882,0.9759036144578312,0.9764705882352941
primary_42_SilentProbing_feature_squeezing_C1,42,SilentProbing,feature_squeezing,C1,96,84,0,415,1,0.998,1.0,0.9882352941176471,0.9940828402366864,0.9941176470588236
primary_42_SilentProbing_feature_squeezing_C1,42,SilentProbing,feature_squeezing,C1,97,75,1,414,10,0.978,0.9868421052631579,0.8823529411764706,0.9316770186335402,0.9399716513111269
primary_42_SilentProbing_feature_squeezing_C1,42,SilentProbing,feature_squeezing,C1,98,80,0,415,5,0.99,1.0,0.9411764705882353,0.9696969696969697,0.9705882352941176
primary_42_SilentProbing_feature_squeezing_C1,42,SilentProbing,feature_squeezing,C1,99,81,0,415,4,0.992,1.0,0.9529411764705882,0.9759036144578312,0.9764705882352941
primary_42_SilentProbing_feature_squeezing_C1,42,SilentProbing,feature_squeezing,C1,100,81,0,415,4,0.992,1.0,0.9529411764705882,0.9759036144578312,0.9764705882352941
primary_42_SilentProbing_feature_squeezing_C1,42,SilentProbing,feature_squeezing,C1,101,81,0,415,4,0.992,1.0,0.9529411764705882,0.9759036144578312,0.9764705882352941
primary_42_SilentProbing_feature_squeezing_C1,42,SilentProbing,feature_squeezing,C1,102,82,0,415,3,0.994,1.0,0.9647058823529412,0.9820359281437125,0.9823529411764707
primary_42_SilentProbing_feature_squeezing_C1,42,SilentProbing,feature_squeezing,C1,103,81,0,415,4,0.992,1.0,0.9529411764705882,0.9759036144578312,0.9764705882352941
primary_42_SilentProbing_feature_squeezing_C1,42,SilentProbing,feature_squeezing,C1,104,81,0,415,4,0.992,1.0,0.9529411764705882,0.9759036144578312,0.9764705882352941
primary_42_SilentProbing_feature_squeezing_C1,42,SilentProbing,feature_squeezing,C1,105,82,0,415,3,0.994,1.0,0.9647058823529412,0.9820359281437125,0.9823529411764707
primary_42_SilentProbing_feature_squeezing_C1,42,SilentProbing,feature_squeezing,C1,106,79,0,415,6,0.988,1.0,0.9294117647058824,0.9634146341463414,0.9647058823529412
primary_42_SilentProbing_feature_squeezing_C1,42,SilentProbing,feature_squeezing,C1,107,79,0,415,6,0.988,1.0,0.9294117647058824,0.9634146341463414,0.9647058823529412
primary_42_SilentProbing_feature_squeezing_C1,42,SilentProbing,feature_squeezing,C1,108,81,0,415,4,0.992,1.0,0.9529411764705882,0.9759036144578312,0.9764705882352941
primary_42_SilentProbing_feature_squeezing_C1,42,SilentProbing,feature_squeezing,C1,109,78,0,415,7,0.986,1.0,0.9176470588235294,0.9570552147239264,0.9588235294117646
primary_42_SilentProbing_feature_squeezing_C1,42,SilentProbing,feature_squeezing,C1,110,78,1,414,7,0.984,0.9873417721518988,0.9176470588235294,0.9512195121951219,0.9576187101346563
primary_42_SilentProbing_feature_squeezing_C1,42,SilentProbing,feature_squeezing,C1,111,84,0,415,1,0.998,1.0,0.9882352941176471,0.9940828402366864,0.9941176470588236
primary_42_SilentProbing_feature_squeezing_C1,42,SilentProbing,feature_squeezing,C1,112,81,1,414,4,0.99,0.9878048780487805,0.9529411764705882,0.9700598802395209,0.9752657689581856
primary_42_SilentProbing_feature_squeezing_C1,42,SilentProbing,feature_squeezing,C1,113,79,1,414,6,0.986,0.9875,0.9294117647058824,0.9575757575757576,0.9635010630758327
primary_42_SilentProbing_feature_squeezing_C1,42,SilentProbing,feature_squeezing,C1,114,79,0,415,6,0.988,1.0,0.9294117647058824,0.9634146341463414,0.9647058823529412
primary_42_SilentProbing_feature_squeezing_C1,42,SilentProbing,feature_squeezing,C1,115,77,0,415,8,0.984,1.0,0.9058823529411765,0.9506172839506173,0.9529411764705882
primary_42_SilentProbing_feature_squeezing_C1,42,SilentProbing,feature_squeezing,C1,116,78,0,415,7,0.986,1.0,0.9176470588235294,0.9570552147239264,0.9588235294117646
primary_42_SilentProbing_feature_squeezing_C1,42,SilentProbing,feature_squeezing,C1,117,80,0,415,5,0.99,1.0,0.9411764705882353,0.9696969696969697,0.9705882352941176
primary_42_SilentProbing_feature_squeezing_C1,42,SilentProbing,feature_squeezing,C1,118,78,1,414,7,0.984,0.9873417721518988,0.9176470588235294,0.9512195121951219,0.9576187101346563
primary_42_SilentProbing_feature_squeezing_C1,42,SilentProbing,feature_squeezing,C1,119,80,0,415,5,0.99,1.0,0.9411764705882353,0.9696969696969697,0.9705882352941176
primary_42_SilentProbing_feature_squeezing_C1,42,SilentProbing,feature_squeezing,C1,120,81,0,415,4,0.992,1.0,0.9529411764705882,0.9759036144578312,0.9764705882352941
primary_42_SilentProbing_feature_squeezing_C1,42,SilentProbing,feature_squeezing,C1,121,81,0,415,4,0.992,1.0,0.9529411764705882,0.9759036144578312,0.9764705882352941
primary_42_SilentProbing_feature_squeezing_C1,42,SilentProbing,feature_squeezing,C1,122,80,0,415,5,0.99,1.0,0.9411764705882353,0.9696969696969697,0.9705882352941176
primary_42_SilentProbing_feature_squeezing_C1,42,SilentProbing,feature_squeezing,C1,123,76,0,415,9,0.982,1.0,0.8941176470588236,0.9440993788819877,0.9470588235294117
primary_42_SilentProbing_feature_squeezing_C1,42,SilentProbing,feature_squeezing,C1,124,80,0,415,5,0.99,1.0,0.9411764705882353,0.9696969696969697,0.9705882352941176
primary_42_SilentProbing_feature_squeezing_C1,42,SilentProbing,feature_squeezing,C1,125,80,1,414,5,0.988,0.9876543209876543,0.9411764705882353,0.963855421686747,0.9693834160170092
primary_42_SilentProbing_feature_squeezing_C1,42,SilentProbing,feature_squeezing,C1,126,83,0,415,2,0.996,1.0,0.9764705882352941,0.988095238095238,0.9882352941176471
primary_42_SilentProbing_feature_squeezing_C1,42,SilentProbing,feature_squeezing,C1,127,77,0,415,8,0.984,1.0,0.9058823529411765,0.9506172839506173,0.9529411764705882
primary_42_SilentProbing_feature_squeezing_C1,42,SilentProbing,feature_squeezing,C1,128,83,0,415,2,0.996,1.0,0.9764705882352941,0.988095238095238,0.9882352941176471
primary_42_SilentProbing_feature_squeezing_C1,42,SilentProbing,feature_squeezing,C1,129,79,0,415,6,0.988,1.0,0.9294117647058824,0.9634146341463414,0.9647058823529412
primary_42_SilentProbing_feature_squeezing_C1,42,SilentProbing,feature_squeezing,C1,130,83,0,415,2,0.996,1.0,0.9764705882352941,0.988095238095238,0.9882352941176471
primary_42_SilentProbing_feature_squeezing_C1,42,SilentProbing,feature_squeezing,C1,131,80,0,415,5,0.99,1.0,0.9411764705882353,0.9696969696969697,0.9705882352941176
primary_42_SilentProbing_feature_squeezing_C1,42,SilentProbing,feature_squeezing,C1,132,78,0,415,7,0.986,1.0,0.9176470588235294,0.9570552147239264,0.9588235294117646
primary_42_SilentProbing_feature_squeezing_C1,42,SilentProbing,feature_squeezing,C1,133,81,0,415,4,0.992,1.0,0.9529411764705882,0.9759036144578312,0.9764705882352941
primary_42_SilentProbing_feature_squeezing_C1,42,SilentProbing,feature_squeezing,C1,134,78,0,415,7,0.986,1.0,0.9176470588235294,0.9570552147239264,0.9588235294117646
primary_42_SilentProbing_feature_squeezing_C1,42,SilentProbing,feature_squeezing,C1,135,83,0,415,2,0.996,1.0,0.9764705882352941,0.988095238095238,0.9882352941176471
primary_42_SilentProbing_feature_squeezing_C1,42,SilentProbing,feature_squeezing,C1,136,82,0,415,3,0.994,1.0,0.9647058823529412,0.9820359281437125,0.9823529411764707
primary_42_SilentProbing_feature_squeezing_C1,42,SilentProbing,feature_squeezing,C1,137,79,1,414,6,0.986,0.9875,0.9294117647058824,0.9575757575757576,0.9635010630758327
primary_42_SilentProbing_feature_squeezing_C1,42,SilentProbing,feature_squeezing,C1,138,82,0,415,3,0.994,1.0,0.9647058823529412,0.9820359281437125,0.9823529411764707
primary_42_SilentProbing_feature_squeezing_C1,42,SilentProbing,feature_squeezing,C1,139,78,0,415,7,0.986,1.0,0.9176470588235294,0.9570552147239264,0.9588235294117646
primary_42_SilentProbing_feature_squeezing_C1,42,SilentProbing,feature_squeezing,C1,140,78,0,415,7,0.986,1.0,0.9176470588235294,0.9570552147239264,0.9588235294117646
primary_42_SilentProbing_feature_squeezing_C1,42,SilentProbing,feature_squeezing,C1,141,77,0,415,8,0.984,1.0,0.9058823529411765,0.9506172839506173,0.9529411764705882
primary_42_SilentProbing_feature_squeezing_C1,42,SilentProbing,feature_squeezing,C1,142,84,0,415,1,0.998,1.0,0.9882352941176471,0.9940828402366864,0.9941176470588236
primary_42_SilentProbing_feature_squeezing_C1,42,SilentProbing,feature_squeezing,C1,143,81,0,415,4,0.992,1.0,0.9529411764705882,0.9759036144578312,0.9764705882352941
primary_42_SilentProbing_randomized_smoothing_Base,42,SilentProbing,randomized_smoothing,Base,0,73,0,414,13,0.974,1.0,0.8488372093023255,0.9182389937106918,0.9244186046511628
primary_42_SilentProbing_randomized_smoothing_Base,42,SilentProbing,randomized_smoothing,Base,1,66,0,414,20,0.96,1.0,0.7674418604651163,0.868421052631579,0.8837209302325582
primary_42_SilentProbing_randomized_smoothing_Base,42,SilentProbing,randomized_smoothing,Base,2,73,1,413,13,0.972,0.9864864864864865,0.8488372093023255,0.9125,0.9232108751825637
primary_42_SilentProbing_randomized_smoothing_Base,42,SilentProbing,randomized_smoothing,Base,3,68,0,414,18,0.964,1.0,0.7906976744186046,0.8831168831168831,0.8953488372093024
primary_42_SilentProbing_randomized_smoothing_Base,42,SilentProbing,randomized_smoothing,Base,4,74,0,414,12,0.976,1.0,0.8604651162790697,0.9249999999999999,0.9302325581395349
primary_42_SilentProbing_randomized_smoothing_Base,42,SilentProbing,randomized_smoothing,Base,5,70,0,414,16,0.968,1.0,0.813953488372093,0.8974358974358974,0.9069767441860466
primary_42_SilentProbing_randomized_smoothing_Base,42,SilentProbing,randomized_smoothing,Base,6,74,0,414,12,0.976,1.0,0.8604651162790697,0.9249999999999999,0.9302325581395349
primary_42_SilentProbing_randomized_smoothing_Base,42,SilentProbing,randomized_smoothing,Base,7,71,0,414,15,0.97,1.0,0.8255813953488372,0.9044585987261146,0.9127906976744187
primary_42_SilentProbing_randomized_smoothing_Base,42,SilentProbing,randomized_smoothing,Base,8,63,0,414,23,0.954,1.0,0.7325581395348837,0.8456375838926175,0.8662790697674418
primary_42_SilentProbing_randomized_smoothing_Base,42,SilentProbing,randomized_smoothing,Base,9,70,0,414,16,0.968,1.0,0.813953488372093,0.8974358974358974,0.9069767441860466
primary_42_SilentProbing_randomized_smoothing_Base,42,SilentProbing,randomized_smoothing,Base,10,72,0,414,14,0.972,1.0,0.8372093023255814,0.9113924050632911,0.9186046511627908
primary_42_SilentProbing_randomized_smoothing_Base,42,SilentProbing,randomized_smoothing,Base,11,67,0,414,19,0.962,1.0,0.7790697674418605,0.8758169934640523,0.8895348837209303
primary_42_SilentProbing_randomized_smoothing_Base,42,SilentProbing,randomized_smoothing,Base,12,72,0,414,14,0.972,1.0,0.8372093023255814,0.9113924050632911,0.9186046511627908
primary_42_SilentProbing_randomized_smoothing_Base,42,SilentProbing,randomized_smoothing,Base,13,77,0,414,9,0.982,1.0,0.8953488372093024,0.9447852760736196,0.9476744186046512
primary_42_SilentProbing_randomized_smoothing_Base,42,SilentProbing,randomized_smoothing,Base,14,72,0,414,14,0.972,1.0,0.8372093023255814,0.9113924050632911,0.9186046511627908
primary_42_SilentProbing_randomized_smoothing_Base,42,SilentProbing,randomized_smoothing,Base,15,73,0,414,13,0.974,1.0,0.8488372093023255,0.9182389937106918,0.9244186046511628
primary_42_SilentProbing_randomized_smoothing_Base,42,SilentProbing,randomized_smoothing,Base,16,67,0,414,19,0.962,1.0,0.7790697674418605,0.8758169934640523,0.8895348837209303
primary_42_SilentProbing_randomized_smoothing_Base,42,SilentProbing,randomized_smoothing,Base,17,78,0,415,7,0.986,1.0,0.9176470588235294,0.9570552147239264,0.9588235294117646
primary_42_SilentProbing_randomized_smoothing_Base,42,SilentProbing,randomized_smoothing,Base,18,68,0,415,17,0.966,1.0,0.8,0.888888888888889,0.9
primary_42_SilentProbing_randomized_smoothing_Base,42,SilentProbing,randomized_smoothing,Base,19,73,0,415,12,0.976,1.0,0.8588235294117647,0.9240506329113923,0.9294117647058824
primary_42_SilentProbing_randomized_smoothing_Base,42,SilentProbing,randomized_smoothing,Base,20,65,0,415,20,0.96,1.0,0.7647058823529411,0.8666666666666666,0.8823529411764706
primary_42_SilentProbing_randomized_smoothing_Base,42,SilentProbing,randomized_smoothing,Base,21,67,1,414,18,0.962,0.9852941176470589,0.788235294117647,0.8758169934640523,0.8929128277817151
primary_42_SilentProbing_randomized_smoothing_Base,42,SilentProbing,randomized_smoothing,Base,22,71,0,415,14,0.972,1.0,0.8352941176470589,0.9102564102564102,0.9176470588235295
primary_42_SilentProbing_randomized_smoothing_Base,42,SilentProbing,randomized_smoothing,Base,23,71,0,415,14,0.972,1.0,0.8352941176470589,0.9102564102564102,0.9176470588235295
primary_42_SilentProbing_randomized_smoothing_Base,42,SilentProbing,randomized_smoothing,Base,24,69,0,415,16,0.968,1.0,0.8117647058823529,0.8961038961038961,0.9058823529411765
primary_42_SilentProbing_randomized_smoothing_Base,42,SilentProbing,randomized_smoothing,Base,25,70,0,415,15,0.97,1.0,0.8235294117647058,0.9032258064516129,0.9117647058823529
primary_42_SilentProbing_randomized_smoothing_Base,42,SilentProbing,randomized_smoothing,Base,26,63,0,415,22,0.956,1.0,0.7411764705882353,0.8513513513513514,0.8705882352941177
primary_42_SilentProbing_randomized_smoothing_Base,42,SilentProbing,randomized_smoothing,Base,27,62,0,415,23,0.954,1.0,0.7294117647058823,0.8435374149659863,0.8647058823529412
primary_42_SilentProbing_randomized_smoothing_Base,42,SilentProbing,randomized_smoothing,Base,28,72,0,415,13,0.974,1.0,0.8470588235294118,0.9171974522292993,0.9235294117647059
primary_42_SilentProbing_randomized_smoothing_Base,42,SilentProbing,randomized_smoothing,Base,29,67,0,415,18,0.964,1.0,0.788235294117647,0.8815789473684211,0.8941176470588235
primary_42_SilentProbing_randomized_smoothing_Base,42,SilentProbing,randomized_smoothing,Base,30,71,0,415,14,0.972,1.0,0.8352941176470589,0.9102564102564102,0.9176470588235295
primary_42_SilentProbing_randomized_smoothing_Base,42,SilentProbing,randomized_smoothing,Base,31,67,0,415,18,0.964,1.0,0.788235294117647,0.8815789473684211,0.8941176470588235
primary_42_SilentProbing_randomized_smoothing_Base,42,SilentProbing,randomized_smoothing,Base,32,68,0,415,17,0.966,1.0,0.8,0.888888888888889,0.9
primary_42_SilentProbing_randomized_smoothing_Base,42,SilentProbing,randomized_smoothing,Base,33,68,0,415,17,0.966,1.0,0.8,0.888888888888889,0.9
primary_42_SilentProbing_randomized_smoothing_Base,42,SilentProbing,randomized_smoothing,Base,34,66,1,414,19,0.96,0.9850746268656716,0.7764705882352941,0.8684210526315789,0.8870304748405387
primary_42_SilentProbing_randomized_smoothing_Base,42,SilentProbing,randomized_smoothing,Base,35,63,0,415,22,0.956,1.0,0.7411764705882353,0.8513513513513514,0.8705882352941177
primary_42_SilentProbing_randomized_smoothing_Base,42,SilentProbing,randomized_smoothing,Base,36,66,0,415,19,0.962,1.0,0.7764705882352941,0.8741721854304636,0.888235294117647
primary_42_SilentProbing_randomized_smoothing_Base,42,SilentProbing,randomized_smoothing,Base,37,74,0,415,11,0.978,1.0,0.8705882352941177,0.9308176100628931,0.9352941176470588
primary_42_SilentProbing_randomized_smoothing_Base,42,SilentProbing,randomized_smoothing,Base,38,70,0,415,15,0.97,1.0,0.8235294117647058,0.9032258064516129,0.9117647058823529
primary_42_SilentProbing_randomized_smoothing_Base,42,SilentProbing,randomized_smoothing,Base,39,65,0,415,20,0.96,1.0,0.7647058823529411,0.8666666666666666,0.8823529411764706
primary_42_SilentProbing_randomized_smoothing_Base,42,SilentProbing,randomized_smoothing,Base,40,75,0,415,10,0.98,1.0,0.8823529411764706,0.9375,0.9411764705882353
primary_42_SilentProbing_randomized_smoothing_Base,42,SilentProbing,randomized_smoothing,Base,41,71,0,415,14,0.972,1.0,0.8352941176470589,0.9102564102564102,0.9176470588235295
primary_42_SilentProbing_randomized_smoothing_Base,42,SilentProbing,randomized_smoothing,Base,42,68,0,415,17,0.966,1.0,0.8,0.888888888888889,0.9
primary_42_SilentProbing_randomized_smoothing_Base,42,SilentProbing,randomized_smoothing,Base,43,66,0,415,19,0.962,1.0,0.7764705882352941,0.8741721854304636,0.888235294117647
primary_42_SilentProbing_randomized_smoothing_Base,42,SilentProbing,randomized_smoothing,Base,44,64,0,415,21,0.958,1.0,0.7529411764705882,0.8590604026845637,0.8764705882352941
primary_42_SilentProbing_randomized_smoothing_Base,42,SilentProbing,randomized_smoothing,Base,45,73,0,415,12,0.976,1.0,0.8588235294117647,0.9240506329113923,0.9294117647058824
primary_42_SilentProbing_randomized_smoothing_Base,42,SilentProbing,randomized_smoothing,Base,46,73,0,415,12,0.976,1.0,0.8588235294117647,0.9240506329113923,0.9294117647058824
primary_42_SilentProbing_randomized_smoothing_Base,42,SilentProbing,randomized_smoothing,Base,47,69,0,415,16,0.968,1.0,0.8117647058823529,0.8961038961038961,0.9058823529411765
primary_42_SilentProbing_randomized_smoothing_Base,42,SilentProbing,randomized_smoothing,Base,48,74,0,415,11,0.978,1.0,0.8705882352941177,0.9308176100628931,0.9352941176470588
primary_42_SilentProbing_randomized_smoothing_Base,42,SilentProbing,randomized_smoothing,Base,49,69,0,415,16,0.968,1.0,0.8117647058823529,0.8961038961038961,0.9058823529411765
primary_42_SilentProbing_randomized_smoothing_Base,42,SilentProbing,randomized_smoothing,Base,50,71,0,415,14,0.972,1.0,0.8352941176470589,0.9102564102564102,0.9176470588235295
primary_42_SilentProbing_randomized_smoothing_Base,42,SilentProbing,randomized_smoothing,Base,51,72,0,415,13,0.974,1.0,0.8470588235294118,0.9171974522292993,0.9235294117647059
primary_42_SilentProbing_randomized_smoothing_Base,42,SilentProbing,randomized_smoothing,Base,52,68,0,415,17,0.966,1.0,0.8,0.888888888888889,0.9
primary_42_SilentProbing_randomized_smoothing_Base,42,SilentProbing,randomized_smoothing,Base,53,64,0,415,21,0.958,1.0,0.7529411764705882,0.8590604026845637,0.8764705882352941
primary_42_SilentProbing_randomized_smoothing_Base,42,SilentProbing,randomized_smoothing,Base,54,69,0,415,16,0.968,1.0,0.8117647058823529,0.8961038961038961,0.9058823529411765
primary_42_SilentProbing_randomized_smoothing_Base,42,SilentProbing,randomized_smoothing,Base,55,66,0,415,19,0.962,1.0,0.7764705882352941,0.8741721854304636,0.888235294117647
primary_42_SilentProbing_randomized_smoothing_Base,42,SilentProbing,randomized_smoothing,Base,56,68,0,415,17,0.966,1.0,0.8,0.888888888888889,0.9
primary_42_SilentProbing_randomized_smoothing_Base,42,SilentProbing,randomized_smoothing,Base,57,68,0,415,17,0.966,1.0,0.8,0.888888888888889,0.9
primary_42_SilentProbing_randomized_smoothing_Base,42,SilentProbing,randomized_smoothing,Base,58,71,1,414,14,0.97,0.9861111111111112,0.8352941176470589,0.9044585987261147,0.916442239546421
primary_42_SilentProbing_randomized_smoothing_Base,42,SilentProbing,randomized_smoothing,Base,59,69,0,415,16,0.968,1.0,0.8117647058823529,0.8961038961038961,0.9058823529411765
primary_42_SilentProbing_randomized_smoothing_Base,42,SilentProbing,randomized_smoothing,Base,60,63,0,415,22,0.956,1.0,0.7411764705882353,0.8513513513513514,0.8705882352941177
primary_42_SilentProbing_randomized_smoothing_Base,42,SilentProbing,randomized_smoothing,Base,61,69,0,415,16,0.968,1.0,0.8117647058823529,0.8961038961038961,0.9058823529411765
primary_42_SilentProbing_randomized_smoothing_Base,42,SilentProbing,randomized_smoothing,Base,62,68,0,415,17,0.966,1.0,0.8,0.888888888888889,0.9
primary_42_SilentProbing_randomized_smoothing_Base,42,SilentProbing,randomized_smoothing,Base,63,66,0,415,19,0.962,1.0,0.7764705882352941,0.8741721854304636,0.888235294117647
primary_42_SilentProbing_randomized_smoothing_Base,42,SilentProbing,randomized_smoothing,Base,64,68,0,415,17,0.966,1.0,0.8,0.888888888888889,0.9
primary_42_SilentProbing_randomized_smoothing_Base,42,SilentProbing,randomized_smoothing,Base,65,65,0,415,20,0.96,1.0,0.7647058823529411,0.8666666666666666,0.8823529411764706
primary_42_SilentProbing_randomized_smoothing_Base,42,SilentProbing,randomized_smoothing,Base,66,67,0,415,18,0.964,1.0,0.788235294117647,0.8815789473684211,0.8941176470588235
primary_42_SilentProbing_randomized_smoothing_Base,42,SilentProbing,randomized_smoothing,Base,67,70,0,415,15,0.97,1.0,0.8235294117647058,0.9032258064516129,0.9117647058823529
primary_42_SilentProbing_randomized_smoothing_Base,42,SilentProbing,randomized_smoothing,Base,68,68,0,415,17,0.966,1.0,0.8,0.888888888888889,0.9
primary_42_SilentProbing_randomized_smoothing_Base,42,SilentProbing,randomized_smoothing,Base,69,68,1,414,17,0.964,0.9855072463768116,0.8,0.8831168831168831,0.8987951807228916
primary_42_SilentProbing_randomized_smoothing_Base,42,SilentProbing,randomized_smoothing,Base,70,69,0,415,16,0.968,1.0,0.8117647058823529,0.8961038961038961,0.9058823529411765
primary_42_SilentProbing_randomized_smoothing_Base,42,SilentProbing,randomized_smoothing,Base,71,70,0,415,15,0.97,1.0,0.8235294117647058,0.9032258064516129,0.9117647058823529
primary_42_SilentProbing_randomized_smoothing_Base,42,SilentProbing,randomized_smoothing,Base,72,68,0,415,17,0.966,1.0,0.8,0.888888888888889,0.9
primary_42_SilentProbing_randomized_smoothing_Base,42,SilentProbing,randomized_smoothing,Base,73,67,0,415,18,0.964,1.0,0.788235294117647,0.8815789473684211,0.8941176470588235
primary_42_SilentProbing_randomized_smoothing_Base,42,SilentProbing,randomized_smoothing,Base,74,76,0,415,9,0.982,1.0,0.8941176470588236,0.9440993788819877,0.9470588235294117
primary_42_SilentProbing_randomized_smoothing_Base,42,SilentProbing,randomized_smoothing,Base,75,68,0,415,17,0.966,1.0,0.8,0.888888888888889,0.9
primary_42_SilentProbing_randomized_smoothing_Base,42,SilentProbing,randomized_smoothing,Base,76,70,0,415,15,0.97,1.0,0.8235294117647058,0.9032258064516129,0.9117647058823529
primary_42_SilentProbing_randomized_smoothing_Base,42,SilentProbing,randomized_smoothing,Base,77,71,0,415,14,0.972,1.0,0.8352941176470589,0.9102564102564102,0.9176470588235295
primary_42_SilentProbing_randomized_smoothing_Base,42,SilentProbing,randomized_smoothing,Base,78,70,0,415,15,0.97,1.0,0.8235294117647058,0.9032258064516129,0.9117647058823529
primary_42_SilentProbing_randomized_smoothing_Base,42,SilentProbing,randomized_smoothing,Base,79,66,0,415,19,0.962,1.0,0.7764705882352941,0.8741721854304636,0.888235294117647
primary_42_SilentProbing_randomized_smoothing_Base,42,SilentProbing,randomized_smoothing,Base,80,66,0,415,19,0.962,1.0,0.7764705882352941,0.8741721854304636,0.888235294117647
primary_42_SilentProbing_randomized_smoothing_Base,42,SilentProbing,randomized_smoothing,Base,81,69,0,415,16,0.968,1.0,0.8117647058823529,0.8961038961038961,0.9058823529411765
primary_42_SilentProbing_randomized_smoothing_Base,42,SilentProbing,randomized_smoothing,Base,82,71,0,415,14,0.972,1.0,0.8352941176470589,0.9102564102564102,0.9176470588235295
primary_42_SilentProbing_randomized_smoothing_Base,42,SilentProbing,randomized_smoothing,Base,83,63,0,415,22,0.956,1.0,0.7411764705882353,0.8513513513513514,0.8705882352941177
primary_42_SilentProbing_randomized_smoothing_Base,42,SilentProbing,randomized_smoothing,Base,84,72,0,415,13,0.974,1.0,0.8470588235294118,0.9171974522292993,0.9235294117647059
primary_42_SilentProbing_randomized_smoothing_Base,42,SilentProbing,randomized_smoothing,Base,85,69,0,415,16,0.968,1.0,0.8117647058823529,0.8961038961038961,0.9058823529411765
primary_42_SilentProbing_randomized_smoothing_Base,42,SilentProbing,randomized_smoothing,Base,86,70,1,414,15,0.968,0.9859154929577465,0.8235294117647058,0.8974358974358974,0.9105598866052445
primary_42_SilentProbing_randomized_smoothing_Base,42,SilentProbing,randomized_smoothing,Base,87,64,0,415,21,0.958,1.0,0.7529411764705882,0.8590604026845637,0.8764705882352941
primary_42_SilentProbing_randomized_smoothing_Base,42,SilentProbing,randomized_smoothing,Base,88,65,0,415,20,0.96,1.0,0.7647058823529411,0.8666666666666666,0.8823529411764706
primary_42_SilentProbing_randomized_smoothing_Base,42,SilentProbing,randomized_smoothing,Base,89,70,0,415,15,0.97,1.0,0.8235294117647058,0.9032258064516129,0.9117647058823529
primary_42_SilentProbing_randomized_smoothing_Base,42,SilentProbing,randomized_smoothing,Base,90,67,0,415,18,0.964,1.0,0.788235294117647,0.8815789473684211,0.8941176470588235
primary_42_SilentProbing_randomized_smoothing_Base,42,SilentProbing,randomized_smoothing,Base,91,65,0,415,20,0.96,1.0,0.7647058823529411,0.8666666666666666,0.8823529411764706
primary_42_SilentProbing_randomized_smoothing_Base,42,SilentProbing,randomized_smoothing,Base,92,64,0,415,21,0.958,1.0,0.7529411764705882,0.8590604026845637,0.8764705882352941
primary_42_SilentProbing_randomized_smoothing_Base,42,SilentProbing,randomized_smoothing,Base,93,69,0,415,16,0.968,1.0,0.8117647058823529,0.8961038961038961,0.9058823529411765
primary_42_SilentProbing_randomized_smoothing_Base,42,SilentProbing,randomized_smoothing,Base,94,65,0,415,20,0.96,1.0,0.7647058823529411,0.8666666666666666,0.8823529411764706
primary_42_SilentProbing_randomized_smoothing_Base,42,SilentProbing,randomized_smoothing,Base,95,71,0,415,14,0.972,1.0,0.8352941176470589,0.9102564102564102,0.9176470588235295
primary_42_SilentProbing_randomized_smoothing_Base,42,SilentProbing,randomized_smoothing,Base,96,66,0,415,19,0.962,1.0,0.7764705882352941,0.8741721854304636,0.888235294117647
primary_42_SilentProbing_randomized_smoothing_Base,42,SilentProbing,randomized_smoothing,Base,97,63,0,415,22,0.956,1.0,0.7411764705882353,0.8513513513513514,0.8705882352941177
primary_42_SilentProbing_randomized_smoothing_Base,42,SilentProbing,randomized_smoothing,Base,98,71,0,415,14,0.972,1.0,0.8352941176470589,0.9102564102564102,0.9176470588235295
primary_42_SilentProbing_randomized_smoothing_Base,42,SilentProbing,randomized_smoothing,Base,99,63,0,415,22,0.956,1.0,0.7411764705882353,0.8513513513513514,0.8705882352941177
primary_42_SilentProbing_randomized_smoothing_Base,42,SilentProbing,randomized_smoothing,Base,100,74,0,415,11,0.978,1.0,0.8705882352941177,0.9308176100628931,0.9352941176470588
primary_42_SilentProbing_randomized_smoothing_Base,42,SilentProbing,randomized_smoothing,Base,101,69,0,415,16,0.968,1.0,0.8117647058823529,0.8961038961038961,0.9058823529411765
primary_42_SilentProbing_randomized_smoothing_Base,42,SilentProbing,randomized_smoothing,Base,102,70,0,415,15,0.97,1.0,0.8235294117647058,0.9032258064516129,0.9117647058823529
primary_42_SilentProbing_randomized_smoothing_Base,42,SilentProbing,randomized_smoothing,Base,103,70,0,415,15,0.97,1.0,0.8235294117647058,0.9032258064516129,0.9117647058823529
primary_42_SilentProbing_randomized_smoothing_Base,42,SilentProbing,randomized_smoothing,Base,104,73,0,415,12,0.976,1.0,0.8588235294117647,0.9240506329113923,0.9294117647058824
primary_42_SilentProbing_randomized_smoothing_Base,42,SilentProbing,randomized_smoothing,Base,105,73,0,415,12,0.976,1.0,0.8588235294117647,0.9240506329113923,0.9294117647058824
primary_42_SilentProbing_randomized_smoothing_Base,42,SilentProbing,randomized_smoothing,Base,106,67,0,415,18,0.964,1.0,0.788235294117647,0.8815789473684211,0.8941176470588235
primary_42_SilentProbing_randomized_smoothing_Base,42,SilentProbing,randomized_smoothing,Base,107,64,0,415,21,0.958,1.0,0.7529411764705882,0.8590604026845637,0.8764705882352941
primary_42_SilentProbing_randomized_smoothing_Base,42,SilentProbing,randomized_smoothing,Base,108,71,0,415,14,0.972,1.0,0.8352941176470589,0.9102564102564102,0.9176470588235295
primary_42_SilentProbing_randomized_smoothing_Base,42,SilentProbing,randomized_smoothing,Base,109,65,0,415,20,0.96,1.0,0.7647058823529411,0.8666666666666666,0.8823529411764706
primary_42_SilentProbing_randomized_smoothing_Base,42,SilentProbing,randomized_smoothing,Base,110,66,1,414,19,0.96,0.9850746268656716,0.7764705882352941,0.8684210526315789,0.8870304748405387
primary_42_SilentProbing_randomized_smoothing_Base,42,SilentProbing,randomized_smoothing,Base,111,71,0,415,14,0.972,1.0,0.8352941176470589,0.9102564102564102,0.9176470588235295
primary_42_SilentProbing_randomized_smoothing_Base,42,SilentProbing,randomized_smoothing,Base,112,71,0,415,14,0.972,1.0,0.8352941176470589,0.9102564102564102,0.9176470588235295
primary_42_SilentProbing_randomized_smoothing_Base,42,SilentProbing,randomized_smoothing,Base,113,68,0,415,17,0.966,1.0,0.8,0.888888888888889,0.9
primary_42_SilentProbing_randomized_smoothing_Base,42,SilentProbing,randomized_smoothing,Base,114,66,0,415,19,0.962,1.0,0.7764705882352941,0.8741721854304636,0.888235294117647
primary_42_SilentProbing_randomized_smoothing_Base,42,SilentProbing,randomized_smoothing,Base,115,67,0,415,18,0.964,1.0,0.788235294117647,0.8815789473684211,0.8941176470588235
primary_42_SilentProbing_randomized_smoothing_Base,42,SilentProbing,randomized_smoothing,Base,116,59,0,415,26,0.948,1.0,0.6941176470588235,0.8194444444444444,0.8470588235294118
primary_42_SilentProbing_randomized_smoothing_Base,42,SilentProbing,randomized_smoothing,Base,117,70,0,415,15,0.97,1.0,0.8235294117647058,0.9032258064516129,0.9117647058823529
primary_42_SilentProbing_randomized_smoothing_Base,42,SilentProbing,randomized_smoothing,Base,118,70,0,415,15,0.97,1.0,0.8235294117647058,0.9032258064516129,0.9117647058823529
primary_42_SilentProbing_randomized_smoothing_Base,42,SilentProbing,randomized_smoothing,Base,119,71,0,415,14,0.972,1.0,0.8352941176470589,0.9102564102564102,0.9176470588235295
primary_42_SilentProbing_randomized_smoothing_Base,42,SilentProbing,randomized_smoothing,Base,120,77,0,415,8,0.984,1.0,0.9058823529411765,0.9506172839506173,0.9529411764705882
primary_42_SilentProbing_randomized_smoothing_Base,42,SilentProbing,randomized_smoothing,Base,121,71,0,415,14,0.972,1.0,0.8352941176470589,0.9102564102564102,0.9176470588235295
primary_42_SilentProbing_randomized_smoothing_Base,42,SilentProbing,randomized_smoothing,Base,122,73,0,415,12,0.976,1.0,0.8588235294117647,0.9240506329113923,0.9294117647058824
primary_42_SilentProbing_randomized_smoothing_Base,42,SilentProbing,randomized_smoothing,Base,123,68,0,415,17,0.966,1.0,0.8,0.888888888888889,0.9
primary_42_SilentProbing_randomized_smoothing_Base,42,SilentProbing,randomized_smoothing,Base,124,65,0,415,20,0.96,1.0,0.7647058823529411,0.8666666666666666,0.8823529411764706
primary_42_SilentProbing_randomized_smoothing_Base,42,SilentProbing,randomized_smoothing,Base,125,71,0,415,14,0.972,1.0,0.8352941176470589,0.9102564102564102,0.9176470588235295
primary_42_SilentProbing_randomized_smoothing_Base,42,SilentProbing,randomized_smoothing,Base,126,75,0,415,10,0.98,1.0,0.8823529411764706,0.9375,0.9411764705882353
primary_42_SilentProbing_randomized_smoothing_Base,42,SilentProbing,randomized_smoothing,Base,127,63,0,415,22,0.956,1.0,0.7411764705882353,0.8513513513513514,0.8705882352941177
primary_42_SilentProbing_randomized_smoothing_Base,42,SilentProbing,randomized_smoothing,Base,128,72,0,415,13,0.974,1.0,0.8470588235294118,0.9171974522292993,0.9235294117647059
primary_42_SilentProbing_randomized_smoothing_Base,42,SilentProbing,randomized_smoothing,Base,129,67,0,415,18,0.964,1.0,0.788235294117647,0.8815789473684211,0.8941176470588235
primary_42_SilentProbing_randomized_smoothing_Base,42,SilentProbing,randomized_smoothing,Base,130,74,0,415,11,0.978,1.0,0.8705882352941177,0.9308176100628931,0.9352941176470588
primary_42_SilentProbing_randomized_smoothing_Base,42,SilentProbing,randomized_smoothing,Base,131,64,0,415,21,0.958,1.0,0.7529411764705882,0.8590604026845637,0.8764705882352941
primary_42_SilentProbing_randomized_smoothing_Base,42,SilentProbing,randomized_smoothing,Base,132,66,0,415,19,0.962,1.0,0.7764705882352941,0.8741721854304636,0.888235294117647
primary_42_SilentProbing_randomized_smoothing_Base,42,SilentProbing,randomized_smoothing,Base,133,69,0,415,16,0.968,1.0,0.8117647058823529,0.8961038961038961,0.9058823529411765
primary_42_SilentProbing_randomized_smoothing_Base,42,SilentProbing,randomized_smoothing,Base,134,65,0,415,20,0.96,1.0,0.7647058823529411,0.8666666666666666,0.8823529411764706
primary_42_SilentProbing_randomized_smoothing_Base,42,SilentProbing,randomized_smoothing,Base,135,68,0,415,17,0.966,1.0,0.8,0.888888888888889,0.9
primary_42_SilentProbing_randomized_smoothing_Base,42,SilentProbing,randomized_smoothing,Base,136,71,0,415,14,0.972,1.0,0.8352941176470589,0.9102564102564102,0.9176470588235295
primary_42_SilentProbing_randomized_smoothing_Base,42,SilentProbing,randomized_smoothing,Base,137,73,0,415,12,0.976,1.0,0.8588235294117647,0.9240506329113923,0.9294117647058824
primary_42_SilentProbing_randomized_smoothing_Base,42,SilentProbing,randomized_smoothing,Base,138,70,0,415,15,0.97,1.0,0.8235294117647058,0.9032258064516129,0.9117647058823529
primary_42_SilentProbing_randomized_smoothing_Base,42,SilentProbing,randomized_smoothing,Base,139,68,0,415,17,0.966,1.0,0.8,0.888888888888889,0.9
primary_42_SilentProbing_randomized_smoothing_Base,42,SilentProbing,randomized_smoothing,Base,140,68,0,415,17,0.966,1.0,0.8,0.888888888888889,0.9
primary_42_SilentProbing_randomized_smoothing_Base,42,SilentProbing,randomized_smoothing,Base,141,69,0,415,16,0.968,1.0,0.8117647058823529,0.8961038961038961,0.9058823529411765
primary_42_SilentProbing_randomized_smoothing_Base,42,SilentProbing,randomized_smoothing,Base,142,67,0,415,18,0.964,1.0,0.788235294117647,0.8815789473684211,0.8941176470588235
primary_42_SilentProbing_randomized_smoothing_Base,42,SilentProbing,randomized_smoothing,Base,143,72,0,415,13,0.974,1.0,0.8470588235294118,0.9171974522292993,0.9235294117647059
primary_42_SilentProbing_randomized_smoothing_C1,42,SilentProbing,randomized_smoothing,C1,0,73,0,414,13,0.974,1.0,0.8488372093023255,0.9182389937106918,0.9244186046511628
primary_42_SilentProbing_randomized_smoothing_C1,42,SilentProbing,randomized_smoothing,C1,1,71,0,414,15,0.97,1.0,0.8255813953488372,0.9044585987261146,0.9127906976744187
primary_42_SilentProbing_randomized_smoothing_C1,42,SilentProbing,randomized_smoothing,C1,2,80,1,413,6,0.986,0.9876543209876543,0.9302325581395349,0.9580838323353293,0.9639085496011683
primary_42_SilentProbing_randomized_smoothing_C1,42,SilentProbing,randomized_smoothing,C1,3,77,0,414,9,0.982,1.0,0.8953488372093024,0.9447852760736196,0.9476744186046512
primary_42_SilentProbing_randomized_smoothing_C1,42,SilentProbing,randomized_smoothing,C1,4,80,0,414,6,0.988,1.0,0.9302325581395349,0.963855421686747,0.9651162790697674
primary_42_SilentProbing_randomized_smoothing_C1,42,SilentProbing,randomized_smoothing,C1,5,83,0,414,3,0.994,1.0,0.9651162790697675,0.9822485207100593,0.9825581395348837
primary_42_SilentProbing_randomized_smoothing_C1,42,SilentProbing,randomized_smoothing,C1,6,79,0,414,7,0.986,1.0,0.9186046511627907,0.9575757575757576,0.9593023255813953
primary_42_SilentProbing_randomized_smoothing_C1,42,SilentProbing,randomized_smoothing,C1,7,79,0,414,7,0.986,1.0,0.9186046511627907,0.9575757575757576,0.9593023255813953
primary_42_SilentProbing_randomized_smoothing_C1,42,SilentProbing,randomized_smoothing,C1,8,79,0,414,7,0.986,1.0,0.9186046511627907,0.9575757575757576,0.9593023255813953
primary_42_SilentProbing_randomized_smoothing_C1,42,SilentProbing,randomized_smoothing,C1,9,82,0,414,4,0.992,1.0,0.9534883720930233,0.9761904761904763,0.9767441860465116
primary_42_SilentProbing_randomized_smoothing_C1,42,SilentProbing,randomized_smoothing,C1,10,80,1,413,6,0.986,0.9876543209876543,0.9302325581395349,0.9580838323353293,0.9639085496011683
primary_42_SilentProbing_randomized_smoothing_C1,42,SilentProbing,randomized_smoothing,C1,11,80,0,414,6,0.988,1.0,0.9302325581395349,0.963855421686747,0.9651162790697674
primary_42_SilentProbing_randomized_smoothing_C1,42,SilentProbing,randomized_smoothing,C1,12,83,0,414,3,0.994,1.0,0.9651162790697675,0.9822485207100593,0.9825581395348837
primary_42_SilentProbing_randomized_smoothing_C1,42,SilentProbing,randomized_smoothing,C1,13,84,0,414,2,0.996,1.0,0.9767441860465116,0.988235294117647,0.9883720930232558
primary_42_SilentProbing_randomized_smoothing_C1,42,SilentProbing,randomized_smoothing,C1,14,83,1,413,3,0.992,0.9880952380952381,0.9651162790697675,0.9764705882352942,0.9813504100662847
primary_42_SilentProbing_randomized_smoothing_C1,42,SilentProbing,randomized_smoothing,C1,15,82,0,414,4,0.992,1.0,0.9534883720930233,0.9761904761904763,0.9767441860465116
primary_42_SilentProbing_randomized_smoothing_C1,42,SilentProbing,randomized_smoothing,C1,16,78,1,413,8,0.982,0.9873417721518988,0.9069767441860465,0.9454545454545454,0.9522806426244241
primary_42_SilentProbing_randomized_smoothing_C1,42,SilentProbing,randomized_smoothing,C1,17,84,0,415,1,0.998,1.0,0.9882352941176471,0.9940828402366864,0.9941176470588236
primary_42_SilentProbing_randomized_smoothing_C1,42,SilentProbing,randomized_smoothing,C1,18,79,0,415,6,0.988,1.0,0.9294117647058824,0.9634146341463414,0.9647058823529412
primary_42_SilentProbing_randomized_smoothing_C1,42,SilentProbing,randomized_smoothing,C1,19,83,0,415,2,0.996,1.0,0.9764705882352941,0.988095238095238,0.9882352941176471
primary_42_SilentProbing_randomized_smoothing_C1,42,SilentProbing,randomized_smoothing,C1,20,75,0,415,10,0.98,1.0,0.8823529411764706,0.9375,0.9411764705882353
primary_42_SilentProbing_randomized_smoothing_C1,42,SilentProbing,randomized_smoothing,C1,21,76,1,414,9,0.98,0.987012987012987,0.8941176470588236,0.9382716049382716,0.9458540042523034
primary_42_SilentProbing_randomized_smoothing_C1,42,SilentProbing,randomized_smoothing,C1,22,77,0,415,8,0.984,1.0,0.9058823529411765,0.9506172839506173,0.9529411764705882
primary_42_SilentProbing_randomized_smoothing_C1,42,SilentProbing,randomized_smoothing,C1,23,81,0,415,4,0.992,1.0,0.9529411764705882,0.9759036144578312,0.9764705882352941
primary_42_SilentProbing_randomized_smoothing_C1,42,SilentProbing,randomized_smoothing,C1,24,80,0,415,5,0.99,1.0,0.9411764705882353,0.9696969696969697,0.9705882352941176
primary_42_SilentProbing_randomized_smoothing_C1,42,SilentProbing,randomized_smoothing,C1,25,77,0,415,8,0.984,1.0,0.9058823529411765,0.9506172839506173,0.9529411764705882
primary_42_SilentProbing_randomized_smoothing_C1,42,SilentProbing,randomized_smoothing,C1,26,77,0,415,8,0.984,1.0,0.9058823529411765,0.9506172839506173,0.9529411764705882
primary_42_SilentProbing_randomized_smoothing_C1,42,SilentProbing,randomized_smoothing,C1,27,77,0,415,8,0.984,1.0,0.9058823529411765,0.9506172839506173,0.9529411764705882
primary_42_SilentProbing_randomized_smoothing_C1,42,SilentProbing,randomized_smoothing,C1,28,79,0,415,6,0.988,1.0,0.9294117647058824,0.9634146341463414,0.9647058823529412
primary_42_SilentProbing_randomized_smoothing_C1,42,SilentProbing,randomized_smoothing,C1,29,80,0,415,5,0.99,1.0,0.9411764705882353,0.9696969696969697,0.9705882352941176
primary_42_SilentProbing_randomized_smoothing_C1,42,SilentProbing,randomized_smoothing,C1,30,79,0,415,6,0.988,1.0,0.9294117647058824,0.9634146341463414,0.9647058823529412
primary_42_SilentProbing_randomized_smoothing_C1,42,SilentProbing,randomized_smoothing,C1,31,78,0,415,7,0.986,1.0,0.9176470588235294,0.9570552147239264,0.9588235294117646
primary_42_SilentProbing_randomized_smoothing_C1,42,SilentProbing,randomized_smoothing,C1,32,80,0,415,5,0.99,1.0,0.9411764705882353,0.9696969696969697,0.9705882352941176
primary_42_SilentProbing_randomized_smoothing_C1,42,SilentProbing,randomized_smoothing,C1,33,81,0,415,4,0.992,1.0,0.9529411764705882,0.9759036144578312,0.9764705882352941
primary_42_SilentProbing_randomized_smoothing_C1,42,SilentProbing,randomized_smoothing,C1,34,79,1,414,6,0.986,0.9875,0.9294117647058824,0.9575757575757576,0.9635010630758327
primary_42_SilentProbing_randomized_smoothing_C1,42,SilentProbing,randomized_smoothing,C1,35,75,0,415,10,0.98,1.0,0.8823529411764706,0.9375,0.9411764705882353
primary_42_SilentProbing_randomized_smoothing_C1,42,SilentProbing,randomized_smoothing,C1,36,79,0,415,6,0.988,1.0,0.9294117647058824,0.9634146341463414,0.9647058823529412
primary_42_SilentProbing_randomized_smoothing_C1,42,SilentProbing,randomized_smoothing,C1,37,81,1,414,4,0.99,0.9878048780487805,0.9529411764705882,0.9700598802395209,0.9752657689581856
primary_42_SilentProbing_randomized_smoothing_C1,42,SilentProbing,randomized_smoothing,C1,38,81,0,415,4,0.992,1.0,0.9529411764705882,0.9759036144578312,0.9764705882352941
primary_42_SilentProbing_randomized_smoothing_C1,42,SilentProbing,randomized_smoothing,C1,39,81,0,415,4,0.992,1.0,0.9529411764705882,0.9759036144578312,0.9764705882352941
primary_42_SilentProbing_randomized_smoothing_C1,42,SilentProbing,randomized_smoothing,C1,40,82,0,415,3,0.994,1.0,0.9647058823529412,0.9820359281437125,0.9823529411764707
primary_42_SilentProbing_randomized_smoothing_C1,42,SilentProbing,randomized_smoothing,C1,41,82,0,415,3,0.994,1.0,0.9647058823529412,0.9820359281437125,0.9823529411764707
primary_42_SilentProbing_randomized_smoothing_C1,42,SilentProbing,randomized_smoothing,C1,42,81,0,415,4,0.992,1.0,0.9529411764705882,0.9759036144578312,0.9764705882352941
primary_42_SilentProbing_randomized_smoothing_C1,42,SilentProbing,randomized_smoothing,C1,43,78,1,414,7,0.984,0.9873417721518988,0.9176470588235294,0.9512195121951219,0.9576187101346563
primary_42_SilentProbing_randomized_smoothing_C1,42,SilentProbing,randomized_smoothing,C1,44,79,0,415,6,0.988,1.0,0.9294117647058824,0.9634146341463414,0.9647058823529412
primary_42_SilentProbing_randomized_smoothing_C1,42,SilentProbing,randomized_smoothing,C1,45,81,0,415,4,0.992,1.0,0.9529411764705882,0.9759036144578312,0.9764705882352941
primary_42_SilentProbing_randomized_smoothing_C1,42,SilentProbing,randomized_smoothing,C1,46,81,1,414,4,0.99,0.9878048780487805,0.9529411764705882,0.9700598802395209,0.9752657689581856
primary_42_SilentProbing_randomized_smoothing_C1,42,SilentProbing,randomized_smoothing,C1,47,76,0,415,9,0.982,1.0,0.8941176470588236,0.9440993788819877,0.9470588235294117
primary_42_SilentProbing_randomized_smoothing_C1,42,SilentProbing,randomized_smoothing,C1,48,81,0,415,4,0.992,1.0,0.9529411764705882,0.9759036144578312,0.9764705882352941
primary_42_SilentProbing_randomized_smoothing_C1,42,SilentProbing,randomized_smoothing,C1,49,77,0,415,8,0.984,1.0,0.9058823529411765,0.9506172839506173,0.9529411764705882
primary_42_SilentProbing_randomized_smoothing_C1,42,SilentProbing,randomized_smoothing,C1,50,81,0,415,4,0.992,1.0,0.9529411764705882,0.9759036144578312,0.9764705882352941
primary_42_SilentProbing_randomized_smoothing_C1,42,SilentProbing,randomized_smoothing,C1,51,80,2,413,5,0.986,0.975609756097561,0.9411764705882353,0.9580838323353293,0.9681785967399008
primary_42_SilentProbing_randomized_smoothing_C1,42,SilentProbing,randomized_smoothing,C1,52,80,0,415,5,0.99,1.0,0.9411764705882353,0.9696969696969697,0.9705882352941176
primary_42_SilentProbing_randomized_smoothing_C1,42,SilentProbing,randomized_smoothing,C1,53,77,1,414,8,0.982,0.9871794871794872,0.9058823529411765,0.9447852760736197,0.9517363571934798
primary_42_SilentProbing_randomized_smoothing_C1,42,SilentProbing,randomized_smoothing,C1,54,82,0,415,3,0.994,1.0,0.9647058823529412,0.9820359281437125,0.9823529411764707
primary_42_SilentProbing_randomized_smoothing_C1,42,SilentProbing,randomized_smoothing,C1,55,78,0,415,7,0.986,1.0,0.9176470588235294,0.9570552147239264,0.9588235294117646
primary_42_SilentProbing_randomized_smoothing_C1,42,SilentProbing,randomized_smoothing,C1,56,78,0,415,7,0.986,1.0,0.9176470588235294,0.9570552147239264,0.9588235294117646
primary_42_SilentProbing_randomized_smoothing_C1,42,SilentProbing,randomized_smoothing,C1,57,81,0,415,4,0.992,1.0,0.9529411764705882,0.9759036144578312,0.9764705882352941
primary_42_SilentProbing_randomized_smoothing_C1,42,SilentProbing,randomized_smoothing,C1,58,82,2,413,3,0.99,0.9761904761904762,0.9647058823529412,0.9704142011834319,0.9799433026222537
primary_42_SilentProbing_randomized_smoothing_C1,42,SilentProbing,randomized_smoothing,C1,59,78,0,415,7,0.986,1.0,0.9176470588235294,0.9570552147239264,0.9588235294117646
primary_42_SilentProbing_randomized_smoothing_C1,42,SilentProbing,randomized_smoothing,C1,60,81,0,415,4,0.992,1.0,0.9529411764705882,0.9759036144578312,0.9764705882352941
primary_42_SilentProbing_randomized_smoothing_C1,42,SilentProbing,randomized_smoothing,C1,61,79,0,415,6,0.988,1.0,0.9294117647058824,0.9634146341463414,0.9647058823529412
primary_42_SilentProbing_randomized_smoothing_C1,42,SilentProbing,randomized_smoothing,C1,62,81,0,415,4,0.992,1.0,0.9529411764705882,0.9759036144578312,0.9764705882352941
primary_42_SilentProbing_randomized_smoothing_C1,42,SilentProbing,randomized_smoothing,C1,63,77,0,415,8,0.984,1.0,0.9058823529411765,0.9506172839506173,0.9529411764705882
primary_42_SilentProbing_randomized_smoothing_C1,42,SilentProbing,randomized_smoothing,C1,64,77,0,415,8,0.984,1.0,0.9058823529411765,0.9506172839506173,0.9529411764705882
primary_42_SilentProbing_randomized_smoothing_C1,42,SilentProbing,randomized_smoothing,C1,65,78,0,415,7,0.986,1.0,0.9176470588235294,0.9570552147239264,0.9588235294117646
primary_42_SilentProbing_randomized_smoothing_C1,42,SilentProbing,randomized_smoothing,C1,66,81,0,415,4,0.992,1.0,0.9529411764705882,0.9759036144578312,0.9764705882352941
primary_42_SilentProbing_randomized_smoothing_C1,42,SilentProbing,randomized_smoothing,C1,67,81,0,415,4,0.992,1.0,0.9529411764705882,0.9759036144578312,0.9764705882352941
primary_42_SilentProbing_randomized_smoothing_C1,42,SilentProbing,randomized_smoothing,C1,68,79,0,415,6,0.988,1.0,0.9294117647058824,0.9634146341463414,0.9647058823529412
primary_42_SilentProbing_randomized_smoothing_C1,42,SilentProbing,randomized_smoothing,C1,69,80,2,413,5,0.986,0.975609756097561,0.9411764705882353,0.9580838323353293,0.9681785967399008
primary_42_SilentProbing_randomized_smoothing_C1,42,SilentProbing,randomized_smoothing,C1,70,82,0,415,3,0.994,1.0,0.9647058823529412,0.9820359281437125,0.9823529411764707
primary_42_SilentProbing_randomized_smoothing_C1,42,SilentProbing,randomized_smoothing,C1,71,77,0,415,8,0.984,1.0,0.9058823529411765,0.9506172839506173,0.9529411764705882
primary_42_SilentProbing_randomized_smoothing_C1,42,SilentProbing,randomized_smoothing,C1,72,78,0,415,7,0.986,1.0,0.9176470588235294,0.9570552147239264,0.9588235294117646
primary_42_SilentProbing_randomized_smoothing_C1,42,SilentProbing,randomized_smoothing,C1,73,77,0,415,8,0.984,1.0,0.9058823529411765,0.9506172839506173,0.9529411764705882
primary_42_SilentProbing_randomized_smoothing_C1,42,SilentProbing,randomized_smoothing,C1,74,82,0,415,3,0.994,1.0,0.9647058823529412,0.9820359281437125,0.9823529411764707
primary_42_SilentProbing_randomized_smoothing_C1,42,SilentProbing,randomized_smoothing,C1,75,78,0,415,7,0.986,1.0,0.9176470588235294,0.9570552147239264,0.9588235294117646
primary_42_SilentProbing_randomized_smoothing_C1,42,SilentProbing,randomized_smoothing,C1,76,82,1,414,3,0.992,0.9879518072289156,0.9647058823529412,0.9761904761904762,0.9811481218993622
primary_42_SilentProbing_randomized_smoothing_C1,42,SilentProbing,randomized_smoothing,C1,77,80,0,415,5,0.99,1.0,0.9411764705882353,0.9696969696969697,0.9705882352941176
primary_42_SilentProbing_randomized_smoothing_C1,42,SilentProbing,randomized_smoothing,C1,78,83,0,415,2,0.996,1.0,0.9764705882352941,0.988095238095238,0.9882352941176471
primary_42_SilentProbing_randomized_smoothing_C1,42,SilentProbing,randomized_smoothing,C1,79,81,0,415,4,0.992,1.0,0.9529411764705882,0.9759036144578312,0.9764705882352941
primary_42_SilentProbing_randomized_smoothing_C1,42,SilentProbing,randomized_smoothing,C1,80,78,0,415,7,0.986,1.0,0.9176470588235294,0.9570552147239264,0.9588235294117646
primary_42_SilentProbing_randomized_smoothing_C1,42,SilentProbing,randomized_smoothing,C1,81,76,0,415,9,0.982,1.0,0.8941176470588236,0.9440993788819877,0.9470588235294117
primary_42_SilentProbing_randomized_smoothing_C1,42,SilentProbing,randomized_smoothing,C1,82,80,0,415,5,0.99,1.0,0.9411764705882353,0.9696969696969697,0.9705882352941176
primary_42_SilentProbing_randomized_smoothing_C1,42,SilentProbing,randomized_smoothing,C1,83,78,0,415,7,0.986,1.0,0.9176470588235294,0.9570552147239264,0.9588235294117646
primary_42_SilentProbing_randomized_smoothing_C1,42,SilentProbing,randomized_smoothing,C1,84,79,0,415,6,0.988,1.0,0.9294117647058824,0.9634146341463414,0.9647058823529412
primary_42_SilentProbing_randomized_smoothing_C1,42,SilentProbing,randomized_smoothing,C1,85,82,1,414,3,0.992,0.9879518072289156,0.9647058823529412,0.9761904761904762,0.9811481218993622
primary_42_SilentProbing_randomized_smoothing_C1,42,SilentProbing,randomized_smoothing,C1,86,76,2,413,9,0.978,0.9743589743589743,0.8941176470588236,0.9325153374233129,0.9446491849751949
primary_42_SilentProbing_randomized_smoothing_C1,42,SilentProbing,randomized_smoothing,C1,87,78,0,415,7,0.986,1.0,0.9176470588235294,0.9570552147239264,0.9588235294117646
primary_42_SilentProbing_randomized_smoothing_C1,42,SilentProbing,randomized_smoothing,C1,88,81,0,415,4,0.992,1.0,0.9529411764705882,0.9759036144578312,0.9764705882352941
primary_42_SilentProbing_randomized_smoothing_C1,42,SilentProbing,randomized_smoothing,C1,89,79,1,414,6,0.986,0.9875,0.9294117647058824,0.9575757575757576,0.9635010630758327
primary_42_SilentProbing_randomized_smoothing_C1,42,SilentProbing,randomized_smoothing,C1,90,82,1,414,3,0.992,0.9879518072289156,0.9647058823529412,0.9761904761904762,0.9811481218993622
primary_42_SilentProbing_randomized_smoothing_C1,42,SilentProbing,randomized_smoothing,C1,91,80,2,413,5,0.986,0.975609756097561,0.9411764705882353,0.9580838323353293,0.9681785967399008
primary_42_SilentProbing_randomized_smoothing_C1,42,SilentProbing,randomized_smoothing,C1,92,80,0,415,5,0.99,1.0,0.9411764705882353,0.9696969696969697,0.9705882352941176
primary_42_SilentProbing_randomized_smoothing_C1,42,SilentProbing,randomized_smoothing,C1,93,79,0,415,6,0.988,1.0,0.9294117647058824,0.9634146341463414,0.9647058823529412
primary_42_SilentProbing_randomized_smoothing_C1,42,SilentProbing,randomized_smoothing,C1,94,82,0,415,3,0.994,1.0,0.9647058823529412,0.9820359281437125,0.9823529411764707
primary_42_SilentProbing_randomized_smoothing_C1,42,SilentProbing,randomized_smoothing,C1,95,82,1,414,3,0.992,0.9879518072289156,0.9647058823529412,0.9761904761904762,0.9811481218993622
primary_42_SilentProbing_randomized_smoothing_C1,42,SilentProbing,randomized_smoothing,C1,96,84,0,415,1,0.998,1.0,0.9882352941176471,0.9940828402366864,0.9941176470588236
primary_42_SilentProbing_randomized_smoothing_C1,42,SilentProbing,randomized_smoothing,C1,97,76,1,414,9,0.98,0.987012987012987,0.8941176470588236,0.9382716049382716,0.9458540042523034
primary_42_SilentProbing_randomized_smoothing_C1,42,SilentProbing,randomized_smoothing,C1,98,80,0,415,5,0.99,1.0,0.9411764705882353,0.9696969696969697,0.9705882352941176
primary_42_SilentProbing_randomized_smoothing_C1,42,SilentProbing,randomized_smoothing,C1,99,82,1,414,3,0.992,0.9879518072289156,0.9647058823529412,0.9761904761904762,0.9811481218993622
primary_42_SilentProbing_randomized_smoothing_C1,42,SilentProbing,randomized_smoothing,C1,100,81,1,414,4,0.99,0.9878048780487805,0.9529411764705882,0.9700598802395209,0.9752657689581856
primary_42_SilentProbing_randomized_smoothing_C1,42,SilentProbing,randomized_smoothing,C1,101,81,0,415,4,0.992,1.0,0.9529411764705882,0.9759036144578312,0.9764705882352941
primary_42_SilentProbing_randomized_smoothing_C1,42,SilentProbing,randomized_smoothing,C1,102,82,0,415,3,0.994,1.0,0.9647058823529412,0.9820359281437125,0.9823529411764707
primary_42_SilentProbing_randomized_smoothing_C1,42,SilentProbing,randomized_smoothing,C1,103,81,0,415,4,0.992,1.0,0.9529411764705882,0.9759036144578312,0.9764705882352941
primary_42_SilentProbing_randomized_smoothing_C1,42,SilentProbing,randomized_smoothing,C1,104,82,0,415,3,0.994,1.0,0.9647058823529412,0.9820359281437125,0.9823529411764707
primary_42_SilentProbing_randomized_smoothing_C1,42,SilentProbing,randomized_smoothing,C1,105,82,0,415,3,0.994,1.0,0.9647058823529412,0.9820359281437125,0.9823529411764707
primary_42_SilentProbing_randomized_smoothing_C1,42,SilentProbing,randomized_smoothing,C1,106,79,0,415,6,0.988,1.0,0.9294117647058824,0.9634146341463414,0.9647058823529412
primary_42_SilentProbing_randomized_smoothing_C1,42,SilentProbing,randomized_smoothing,C1,107,79,0,415,6,0.988,1.0,0.9294117647058824,0.9634146341463414,0.9647058823529412
primary_42_SilentProbing_randomized_smoothing_C1,42,SilentProbing,randomized_smoothing,C1,108,81,0,415,4,0.992,1.0,0.9529411764705882,0.9759036144578312,0.9764705882352941
primary_42_SilentProbing_randomized_smoothing_C1,42,SilentProbing,randomized_smoothing,C1,109,78,0,415,7,0.986,1.0,0.9176470588235294,0.9570552147239264,0.9588235294117646
primary_42_SilentProbing_randomized_smoothing_C1,42,SilentProbing,randomized_smoothing,C1,110,78,1,414,7,0.984,0.9873417721518988,0.9176470588235294,0.9512195121951219,0.9576187101346563
primary_42_SilentProbing_randomized_smoothing_C1,42,SilentProbing,randomized_smoothing,C1,111,84,1,414,1,0.996,0.9882352941176471,0.9882352941176471,0.9882352941176471,0.9929128277817152
primary_42_SilentProbing_randomized_smoothing_C1,42,SilentProbing,randomized_smoothing,C1,112,81,1,414,4,0.99,0.9878048780487805,0.9529411764705882,0.9700598802395209,0.9752657689581856
primary_42_SilentProbing_randomized_smoothing_C1,42,SilentProbing,randomized_smoothing,C1,113,79,1,414,6,0.986,0.9875,0.9294117647058824,0.9575757575757576,0.9635010630758327
primary_42_SilentProbing_randomized_smoothing_C1,42,SilentProbing,randomized_smoothing,C1,114,80,0,415,5,0.99,1.0,0.9411764705882353,0.9696969696969697,0.9705882352941176
primary_42_SilentProbing_randomized_smoothing_C1,42,SilentProbing,randomized_smoothing,C1,115,78,0,415,7,0.986,1.0,0.9176470588235294,0.9570552147239264,0.9588235294117646
primary_42_SilentProbing_randomized_smoothing_C1,42,SilentProbing,randomized_smoothing,C1,116,78,1,414,7,0.984,0.9873417721518988,0.9176470588235294,0.9512195121951219,0.9576187101346563
primary_42_SilentProbing_randomized_smoothing_C1,42,SilentProbing,randomized_smoothing,C1,117,80,0,415,5,0.99,1.0,0.9411764705882353,0.9696969696969697,0.9705882352941176
primary_42_SilentProbing_randomized_smoothing_C1,42,SilentProbing,randomized_smoothing,C1,118,79,1,414,6,0.986,0.9875,0.9294117647058824,0.9575757575757576,0.9635010630758327
primary_42_SilentProbing_randomized_smoothing_C1,42,SilentProbing,randomized_smoothing,C1,119,80,0,415,5,0.99,1.0,0.9411764705882353,0.9696969696969697,0.9705882352941176
primary_42_SilentProbing_randomized_smoothing_C1,42,SilentProbing,randomized_smoothing,C1,120,82,0,415,3,0.994,1.0,0.9647058823529412,0.9820359281437125,0.9823529411764707
primary_42_SilentProbing_randomized_smoothing_C1,42,SilentProbing,randomized_smoothing,C1,121,81,0,415,4,0.992,1.0,0.9529411764705882,0.9759036144578312,0.9764705882352941
primary_42_SilentProbing_randomized_smoothing_C1,42,SilentProbing,randomized_smoothing,C1,122,80,0,415,5,0.99,1.0,0.9411764705882353,0.9696969696969697,0.9705882352941176
primary_42_SilentProbing_randomized_smoothing_C1,42,SilentProbing,randomized_smoothing,C1,123,76,0,415,9,0.982,1.0,0.8941176470588236,0.9440993788819877,0.9470588235294117
primary_42_SilentProbing_randomized_smoothing_C1,42,SilentProbing,randomized_smoothing,C1,124,80,1,414,5,0.988,0.9876543209876543,0.9411764705882353,0.963855421686747,0.9693834160170092
primary_42_SilentProbing_randomized_smoothing_C1,42,SilentProbing,randomized_smoothing,C1,125,82,2,413,3,0.99,0.9761904761904762,0.9647058823529412,0.9704142011834319,0.9799433026222537
primary_42_SilentProbing_randomized_smoothing_C1,42,SilentProbing,randomized_smoothing,C1,126,83,0,415,2,0.996,1.0,0.9764705882352941,0.988095238095238,0.9882352941176471
primary_42_SilentProbing_randomized_smoothing_C1,42,SilentProbing,randomized_smoothing,C1,127,77,0,415,8,0.984,1.0,0.9058823529411765,0.9506172839506173,0.9529411764705882
primary_42_SilentProbing_randomized_smoothing_C1,42,SilentProbing,randomized_smoothing,C1,128,83,0,415,2,0.996,1.0,0.9764705882352941,0.988095238095238,0.9882352941176471
primary_42_SilentProbing_randomized_smoothing_C1,42,SilentProbing,randomized_smoothing,C1,129,79,0,415,6,0.988,1.0,0.9294117647058824,0.9634146341463414,0.9647058823529412
primary_42_SilentProbing_randomized_smoothing_C1,42,SilentProbing,randomized_smoothing,C1,130,83,0,415,2,0.996,1.0,0.9764705882352941,0.988095238095238,0.9882352941176471
primary_42_SilentProbing_randomized_smoothing_C1,42,SilentProbing,randomized_smoothing,C1,131,80,1,414,5,0.988,0.9876543209876543,0.9411764705882353,0.963855421686747,0.9693834160170092
primary_42_SilentProbing_randomized_smoothing_C1,42,SilentProbing,randomized_smoothing,C1,132,78,0,415,7,0.986,1.0,0.9176470588235294,0.9570552147239264,0.9588235294117646
primary_42_SilentProbing_randomized_smoothing_C1,42,SilentProbing,randomized_smoothing,C1,133,81,1,414,4,0.99,0.9878048780487805,0.9529411764705882,0.9700598802395209,0.9752657689581856
primary_42_SilentProbing_randomized_smoothing_C1,42,SilentProbing,randomized_smoothing,C1,134,78,0,415,7,0.986,1.0,0.9176470588235294,0.9570552147239264,0.9588235294117646
primary_42_SilentProbing_randomized_smoothing_C1,42,SilentProbing,randomized_smoothing,C1,135,83,0,415,2,0.996,1.0,0.9764705882352941,0.988095238095238,0.9882352941176471
primary_42_SilentProbing_randomized_smoothing_C1,42,SilentProbing,randomized_smoothing,C1,136,82,0,415,3,0.994,1.0,0.9647058823529412,0.9820359281437125,0.9823529411764707
primary_42_SilentProbing_randomized_smoothing_C1,42,SilentProbing,randomized_smoothing,C1,137,79,2,413,6,0.984,0.9753086419753086,0.9294117647058824,0.9518072289156626,0.9622962437987244
primary_42_SilentProbing_randomized_smoothing_C1,42,SilentProbing,randomized_smoothing,C1,138,82,0,415,3,0.994,1.0,0.9647058823529412,0.9820359281437125,0.9823529411764707
primary_42_SilentProbing_randomized_smoothing_C1,42,SilentProbing,randomized_smoothing,C1,139,78,1,414,7,0.984,0.9873417721518988,0.9176470588235294,0.9512195121951219,0.9576187101346563
primary_42_SilentProbing_randomized_smoothing_C1,42,SilentProbing,randomized_smoothing,C1,140,79,0,415,6,0.988,1.0,0.9294117647058824,0.9634146341463414,0.9647058823529412
primary_42_SilentProbing_randomized_smoothing_C1,42,SilentProbing,randomized_smoothing,C1,141,78,0,415,7,0.986,1.0,0.9176470588235294,0.9570552147239264,0.9588235294117646
primary_42_SilentProbing_randomized_smoothing_C1,42,SilentProbing,randomized_smoothing,C1,142,84,0,415,1,0.998,1.0,0.9882352941176471,0.9940828402366864,0.9941176470588236
primary_42_SilentProbing_randomized_smoothing_C1,42,SilentProbing,randomized_smoothing,C1,143,81,0,415,4,0.992,1.0,0.9529411764705882,0.9759036144578312,0.9764705882352941
primary_42_SurrogateTransfer_afp_Base,42,SurrogateTransfer,afp,Base,0,69,0,414,17,0.966,1.0,0.8023255813953488,0.8903225806451612,0.9011627906976745
primary_42_SurrogateTransfer_afp_Base,42,SurrogateTransfer,afp,Base,1,64,0,414,22,0.956,1.0,0.7441860465116279,0.8533333333333333,0.872093023255814
primary_42_SurrogateTransfer_afp_Base,42,SurrogateTransfer,afp,Base,2,73,1,413,13,0.972,0.9864864864864865,0.8488372093023255,0.9125,0.9232108751825637
primary_42_SurrogateTransfer_afp_Base,42,SurrogateTransfer,afp,Base,3,69,0,414,17,0.966,1.0,0.8023255813953488,0.8903225806451612,0.9011627906976745
primary_42_SurrogateTransfer_afp_Base,42,SurrogateTransfer,afp,Base,4,70,0,414,16,0.968,1.0,0.813953488372093,0.8974358974358974,0.9069767441860466
primary_42_SurrogateTransfer_afp_Base,42,SurrogateTransfer,afp,Base,5,71,0,414,15,0.97,1.0,0.8255813953488372,0.9044585987261146,0.9127906976744187
primary_42_SurrogateTransfer_afp_Base,42,SurrogateTransfer,afp,Base,6,75,0,414,11,0.978,1.0,0.872093023255814,0.9316770186335404,0.936046511627907
primary_42_SurrogateTransfer_afp_Base,42,SurrogateTransfer,afp,Base,7,71,0,414,15,0.97,1.0,0.8255813953488372,0.9044585987261146,0.9127906976744187
primary_42_SurrogateTransfer_afp_Base,42,SurrogateTransfer,afp,Base,8,63,0,414,23,0.954,1.0,0.7325581395348837,0.8456375838926175,0.8662790697674418
primary_42_SurrogateTransfer_afp_Base,42,SurrogateTransfer,afp,Base,9,74,0,414,12,0.976,1.0,0.8604651162790697,0.9249999999999999,0.9302325581395349
primary_42_SurrogateTransfer_afp_Base,42,SurrogateTransfer,afp,Base,10,72,0,414,14,0.972,1.0,0.8372093023255814,0.9113924050632911,0.9186046511627908
primary_42_SurrogateTransfer_afp_Base,42,SurrogateTransfer,afp,Base,11,68,0,414,18,0.964,1.0,0.7906976744186046,0.8831168831168831,0.8953488372093024
primary_42_SurrogateTransfer_afp_Base,42,SurrogateTransfer,afp,Base,12,74,0,414,12,0.976,1.0,0.8604651162790697,0.9249999999999999,0.9302325581395349
primary_42_SurrogateTransfer_afp_Base,42,SurrogateTransfer,afp,Base,13,74,0,414,12,0.976,1.0,0.8604651162790697,0.9249999999999999,0.9302325581395349
primary_42_SurrogateTransfer_afp_Base,42,SurrogateTransfer,afp,Base,14,72,0,414,14,0.972,1.0,0.8372093023255814,0.9113924050632911,0.9186046511627908
primary_42_SurrogateTransfer_afp_Base,42,SurrogateTransfer,afp,Base,15,71,0,414,15,0.97,1.0,0.8255813953488372,0.9044585987261146,0.9127906976744187
primary_42_SurrogateTransfer_afp_Base,42,SurrogateTransfer,afp,Base,16,68,0,414,18,0.964,1.0,0.7906976744186046,0.8831168831168831,0.8953488372093024
primary_42_SurrogateTransfer_afp_Base,42,SurrogateTransfer,afp,Base,17,77,0,415,8,0.984,1.0,0.9058823529411765,0.9506172839506173,0.9529411764705882
primary_42_SurrogateTransfer_afp_Base,42,SurrogateTransfer,afp,Base,18,65,0,415,20,0.96,1.0,0.7647058823529411,0.8666666666666666,0.8823529411764706
primary_42_SurrogateTransfer_afp_Base,42,SurrogateTransfer,afp,Base,19,74,0,415,11,0.978,1.0,0.8705882352941177,0.9308176100628931,0.9352941176470588
primary_42_SurrogateTransfer_afp_Base,42,SurrogateTransfer,afp,Base,20,65,0,415,20,0.96,1.0,0.7647058823529411,0.8666666666666666,0.8823529411764706
primary_42_SurrogateTransfer_afp_Base,42,SurrogateTransfer,afp,Base,21,67,1,414,18,0.962,0.9852941176470589,0.788235294117647,0.8758169934640523,0.8929128277817151
primary_42_SurrogateTransfer_afp_Base,42,SurrogateTransfer,afp,Base,22,70,0,415,15,0.97,1.0,0.8235294117647058,0.9032258064516129,0.9117647058823529
primary_42_SurrogateTransfer_afp_Base,42,SurrogateTransfer,afp,Base,23,69,0,415,16,0.968,1.0,0.8117647058823529,0.8961038961038961,0.9058823529411765
primary_42_SurrogateTransfer_afp_Base,42,SurrogateTransfer,afp,Base,24,71,0,415,14,0.972,1.0,0.8352941176470589,0.9102564102564102,0.9176470588235295
primary_42_SurrogateTransfer_afp_Base,42,SurrogateTransfer,afp,Base,25,71,0,415,14,0.972,1.0,0.8352941176470589,0.9102564102564102,0.9176470588235295
primary_42_SurrogateTransfer_afp_Base,42,SurrogateTransfer,afp,Base,26,67,0,415,18,0.964,1.0,0.788235294117647,0.8815789473684211,0.8941176470588235
primary_42_SurrogateTransfer_afp_Base,42,SurrogateTransfer,afp,Base,27,62,0,415,23,0.954,1.0,0.7294117647058823,0.8435374149659863,0.8647058823529412
primary_42_SurrogateTransfer_afp_Base,42,SurrogateTransfer,afp,Base,28,71,0,415,14,0.972,1.0,0.8352941176470589,0.9102564102564102,0.9176470588235295
primary_42_SurrogateTransfer_afp_Base,42,SurrogateTransfer,afp,Base,29,69,0,415,16,0.968,1.0,0.8117647058823529,0.8961038961038961,0.9058823529411765
primary_42_SurrogateTransfer_afp_Base,42,SurrogateTransfer,afp,Base,30,70,0,415,15,0.97,1.0,0.8235294117647058,0.9032258064516129,0.9117647058823529
primary_42_SurrogateTransfer_afp_Base,42,SurrogateTransfer,afp,Base,31,67,0,415,18,0.964,1.0,0.788235294117647,0.8815789473684211,0.8941176470588235
primary_42_SurrogateTransfer_afp_Base,42,SurrogateTransfer,afp,Base,32,67,0,415,18,0.964,1.0,0.788235294117647,0.8815789473684211,0.8941176470588235
primary_42_SurrogateTransfer_afp_Base,42,SurrogateTransfer,afp,Base,33,67,0,415,18,0.964,1.0,0.788235294117647,0.8815789473684211,0.8941176470588235
primary_42_SurrogateTransfer_afp_Base,42,SurrogateTransfer,afp,Base,34,66,1,414,19,0.96,0.9850746268656716,0.7764705882352941,0.8684210526315789,0.8870304748405387
primary_42_SurrogateTransfer_afp_Base,42,SurrogateTransfer,afp,Base,35,63,0,415,22,0.956,1.0,0.7411764705882353,0.8513513513513514,0.8705882352941177
primary_42_SurrogateTransfer_afp_Base,42,SurrogateTransfer,afp,Base,36,66,0,415,19,0.962,1.0,0.7764705882352941,0.8741721854304636,0.888235294117647
primary_42_SurrogateTransfer_afp_Base,42,SurrogateTransfer,afp,Base,37,73,0,415,12,0.976,1.0,0.8588235294117647,0.9240506329113923,0.9294117647058824
primary_42_SurrogateTransfer_afp_Base,42,SurrogateTransfer,afp,Base,38,68,0,415,17,0.966,1.0,0.8,0.888888888888889,0.9
primary_42_SurrogateTransfer_afp_Base,42,SurrogateTransfer,afp,Base,39,68,0,415,17,0.966,1.0,0.8,0.888888888888889,0.9
primary_42_SurrogateTransfer_afp_Base,42,SurrogateTransfer,afp,Base,40,75,0,415,10,0.98,1.0,0.8823529411764706,0.9375,0.9411764705882353
primary_42_SurrogateTransfer_afp_Base,42,SurrogateTransfer,afp,Base,41,70,0,415,15,0.97,1.0,0.8235294117647058,0.9032258064516129,0.9117647058823529
primary_42_SurrogateTransfer_afp_Base,42,SurrogateTransfer,afp,Base,42,67,0,415,18,0.964,1.0,0.788235294117647,0.8815789473684211,0.8941176470588235
primary_42_SurrogateTransfer_afp_Base,42,SurrogateTransfer,afp,Base,43,62,0,415,23,0.954,1.0,0.7294117647058823,0.8435374149659863,0.8647058823529412
primary_42_SurrogateTransfer_afp_Base,42,SurrogateTransfer,afp,Base,44,66,0,415,19,0.962,1.0,0.7764705882352941,0.8741721854304636,0.888235294117647
primary_42_SurrogateTransfer_afp_Base,42,SurrogateTransfer,afp,Base,45,71,0,415,14,0.972,1.0,0.8352941176470589,0.9102564102564102,0.9176470588235295
primary_42_SurrogateTransfer_afp_Base,42,SurrogateTransfer,afp,Base,46,71,1,414,14,0.97,0.9861111111111112,0.8352941176470589,0.9044585987261147,0.916442239546421
primary_42_SurrogateTransfer_afp_Base,42,SurrogateTransfer,afp,Base,47,68,0,415,17,0.966,1.0,0.8,0.888888888888889,0.9
primary_42_SurrogateTransfer_afp_Base,42,SurrogateTransfer,afp,Base,48,76,0,415,9,0.982,1.0,0.8941176470588236,0.9440993788819877,0.9470588235294117
primary_42_SurrogateTransfer_afp_Base,42,SurrogateTransfer,afp,Base,49,68,0,415,17,0.966,1.0,0.8,0.888888888888889,0.9
primary_42_SurrogateTransfer_afp_Base,42,SurrogateTransfer,afp,Base,50,66,0,415,19,0.962,1.0,0.7764705882352941,0.8741721854304636,0.888235294117647
primary_42_SurrogateTransfer_afp_Base,42,SurrogateTransfer,afp,Base,51,73,0,415,12,0.976,1.0,0.8588235294117647,0.9240506329113923,0.9294117647058824
primary_42_SurrogateTransfer_afp_Base,42,SurrogateTransfer,afp,Base,52,66,0,415,19,0.962,1.0,0.7764705882352941,0.8741721854304636,0.888235294117647
primary_42_SurrogateTransfer_afp_Base,42,SurrogateTransfer,afp,Base,53,58,0,415,27,0.946,1.0,0.6823529411764706,0.8111888111888113,0.8411764705882353
primary_42_SurrogateTransfer_afp_Base,42,SurrogateTransfer,afp,Base,54,69,0,415,16,0.968,1.0,0.8117647058823529,0.8961038961038961,0.9058823529411765
primary_42_SurrogateTransfer_afp_Base,42,SurrogateTransfer,afp,Base,55,66,0,415,19,0.962,1.0,0.7764705882352941,0.8741721854304636,0.888235294117647
primary_42_SurrogateTransfer_afp_Base,42,SurrogateTransfer,afp,Base,56,71,0,415,14,0.972,1.0,0.8352941176470589,0.9102564102564102,0.9176470588235295
primary_42_SurrogateTransfer_afp_Base,42,SurrogateTransfer,afp,Base,57,68,0,415,17,0.966,1.0,0.8,0.888888888888889,0.9
primary_42_SurrogateTransfer_afp_Base,42,SurrogateTransfer,afp,Base,58,71,1,414,14,0.97,0.9861111111111112,0.8352941176470589,0.9044585987261147,0.916442239546421
primary_42_SurrogateTransfer_afp_Base,42,SurrogateTransfer,afp,Base,59,68,0,415,17,0.966,1.0,0.8,0.888888888888889,0.9
primary_42_SurrogateTransfer_afp_Base,42,SurrogateTransfer,afp,Base,60,65,0,415,20,0.96,1.0,0.7647058823529411,0.8666666666666666,0.8823529411764706
primary_42_SurrogateTransfer_afp_Base,42,SurrogateTransfer,afp,Base,61,65,0,415,20,0.96,1.0,0.7647058823529411,0.8666666666666666,0.8823529411764706
primary_42_SurrogateTransfer_afp_Base,42,SurrogateTransfer,afp,Base,62,67,0,415,18,0.964,1.0,0.788235294117647,0.8815789473684211,0.8941176470588235
primary_42_SurrogateTransfer_afp_Base,42,SurrogateTransfer,afp,Base,63,66,0,415,19,0.962,1.0,0.7764705882352941,0.8741721854304636,0.888235294117647
primary_42_SurrogateTransfer_afp_Base,42,SurrogateTransfer,afp,Base,64,68,0,415,17,0.966,1.0,0.8,0.888888888888889,0.9
primary_42_SurrogateTransfer_afp_Base,42,SurrogateTransfer,afp,Base,65,64,0,415,21,0.958,1.0,0.7529411764705882,0.8590604026845637,0.8764705882352941
primary_42_SurrogateTransfer_afp_Base,42,SurrogateTransfer,afp,Base,66,67,0,415,18,0.964,1.0,0.788235294117647,0.8815789473684211,0.8941176470588235
primary_42_SurrogateTransfer_afp_Base,42,SurrogateTransfer,afp,Base,67,70,0,415,15,0.97,1.0,0.8235294117647058,0.9032258064516129,0.9117647058823529
primary_42_SurrogateTransfer_afp_Base,42,SurrogateTransfer,afp,Base,68,68,0,415,17,0.966,1.0,0.8,0.888888888888889,0.9
primary_42_SurrogateTransfer_afp_Base,42,SurrogateTransfer,afp,Base,69,68,1,414,17,0.964,0.9855072463768116,0.8,0.8831168831168831,0.8987951807228916
primary_42_SurrogateTransfer_afp_Base,42,SurrogateTransfer,afp,Base,70,66,0,415,19,0.962,1.0,0.7764705882352941,0.8741721854304636,0.888235294117647
primary_42_SurrogateTransfer_afp_Base,42,SurrogateTransfer,afp,Base,71,68,0,415,17,0.966,1.0,0.8,0.888888888888889,0.9
primary_42_SurrogateTransfer_afp_Base,42,SurrogateTransfer,afp,Base,72,69,0,415,16,0.968,1.0,0.8117647058823529,0.8961038961038961,0.9058823529411765
primary_42_SurrogateTransfer_afp_Base,42,SurrogateTransfer,afp,Base,73,67,0,415,18,0.964,1.0,0.788235294117647,0.8815789473684211,0.8941176470588235
primary_42_SurrogateTransfer_afp_Base,42,SurrogateTransfer,afp,Base,74,78,0,415,7,0.986,1.0,0.9176470588235294,0.9570552147239264,0.9588235294117646
primary_42_SurrogateTransfer_afp_Base,42,SurrogateTransfer,afp,Base,75,69,0,415,16,0.968,1.0,0.8117647058823529,0.8961038961038961,0.9058823529411765
primary_42_SurrogateTransfer_afp_Base,42,SurrogateTransfer,afp,Base,76,69,0,415,16,0.968,1.0,0.8117647058823529,0.8961038961038961,0.9058823529411765
primary_42_SurrogateTransfer_afp_Base,42,SurrogateTransfer,afp,Base,77,66,0,415,19,0.962,1.0,0.7764705882352941,0.8741721854304636,0.888235294117647
primary_42_SurrogateTransfer_afp_Base,42,SurrogateTransfer,afp,Base,78,69,0,415,16,0.968,1.0,0.8117647058823529,0.8961038961038961,0.9058823529411765
primary_42_SurrogateTransfer_afp_Base,42,SurrogateTransfer,afp,Base,79,68,0,415,17,0.966,1.0,0.8,0.888888888888889,0.9
primary_42_SurrogateTransfer_afp_Base,42,SurrogateTransfer,afp,Base,80,66,0,415,19,0.962,1.0,0.7764705882352941,0.8741721854304636,0.888235294117647
primary_42_SurrogateTransfer_afp_Base,42,SurrogateTransfer,afp,Base,81,70,0,415,15,0.97,1.0,0.8235294117647058,0.9032258064516129,0.9117647058823529
primary_42_SurrogateTransfer_afp_Base,42,SurrogateTransfer,afp,Base,82,70,0,415,15,0.97,1.0,0.8235294117647058,0.9032258064516129,0.9117647058823529
primary_42_SurrogateTransfer_afp_Base,42,SurrogateTransfer,afp,Base,83,61,0,415,24,0.952,1.0,0.7176470588235294,0.8356164383561643,0.8588235294117648
primary_42_SurrogateTransfer_afp_Base,42,SurrogateTransfer,afp,Base,84,69,0,415,16,0.968,1.0,0.8117647058823529,0.8961038961038961,0.9058823529411765
primary_42_SurrogateTransfer_afp_Base,42,SurrogateTransfer,afp,Base,85,70,0,415,15,0.97,1.0,0.8235294117647058,0.9032258064516129,0.9117647058823529
primary_42_SurrogateTransfer_afp_Base,42,SurrogateTransfer,afp,Base,86,70,1,414,15,0.968,0.9859154929577465,0.8235294117647058,0.8974358974358974,0.9105598866052445
primary_42_SurrogateTransfer_afp_Base,42,SurrogateTransfer,afp,Base,87,61,0,415,24,0.952,1.0,0.7176470588235294,0.8356164383561643,0.8588235294117648
primary_42_SurrogateTransfer_afp_Base,42,SurrogateTransfer,afp,Base,88,69,0,415,16,0.968,1.0,0.8117647058823529,0.8961038961038961,0.9058823529411765
primary_42_SurrogateTransfer_afp_Base,42,SurrogateTransfer,afp,Base,89,70,0,415,15,0.97,1.0,0.8235294117647058,0.9032258064516129,0.9117647058823529
primary_42_SurrogateTransfer_afp_Base,42,SurrogateTransfer,afp,Base,90,71,0,415,14,0.972,1.0,0.8352941176470589,0.9102564102564102,0.9176470588235295
primary_42_SurrogateTransfer_afp_Base,42,SurrogateTransfer,afp,Base,91,62,0,415,23,0.954,1.0,0.7294117647058823,0.8435374149659863,0.8647058823529412
primary_42_SurrogateTransfer_afp_Base,42,SurrogateTransfer,afp,Base,92,66,0,415,19,0.962,1.0,0.7764705882352941,0.8741721854304636,0.888235294117647
primary_42_SurrogateTransfer_afp_Base,42,SurrogateTransfer,afp,Base,93,71,0,415,14,0.972,1.0,0.8352941176470589,0.9102564102564102,0.9176470588235295
primary_42_SurrogateTransfer_afp_Base,42,SurrogateTransfer,afp,Base,94,66,0,415,19,0.962,1.0,0.7764705882352941,0.8741721854304636,0.888235294117647
primary_42_SurrogateTransfer_afp_Base,42,SurrogateTransfer,afp,Base,95,72,0,415,13,0.974,1.0,0.8470588235294118,0.9171974522292993,0.9235294117647059
primary_42_SurrogateTransfer_afp_Base,42,SurrogateTransfer,afp,Base,96,65,0,415,20,0.96,1.0,0.7647058823529411,0.8666666666666666,0.8823529411764706
primary_42_SurrogateTransfer_afp_Base,42,SurrogateTransfer,afp,Base,97,66,0,415,19,0.962,1.0,0.7764705882352941,0.8741721854304636,0.888235294117647
primary_42_SurrogateTransfer_afp_Base,42,SurrogateTransfer,afp,Base,98,70,0,415,15,0.97,1.0,0.8235294117647058,0.9032258064516129,0.9117647058823529
primary_42_SurrogateTransfer_afp_Base,42,SurrogateTransfer,afp,Base,99,63,0,415,22,0.956,1.0,0.7411764705882353,0.8513513513513514,0.8705882352941177
primary_42_SurrogateTransfer_afp_Base,42,SurrogateTransfer,afp,Base,100,74,0,415,11,0.978,1.0,0.8705882352941177,0.9308176100628931,0.9352941176470588
primary_42_SurrogateTransfer_afp_Base,42,SurrogateTransfer,afp,Base,101,67,0,415,18,0.964,1.0,0.788235294117647,0.8815789473684211,0.8941176470588235
primary_42_SurrogateTransfer_afp_Base,42,SurrogateTransfer,afp,Base,102,70,0,415,15,0.97,1.0,0.8235294117647058,0.9032258064516129,0.9117647058823529
primary_42_SurrogateTransfer_afp_Base,42,SurrogateTransfer,afp,Base,103,69,0,415,16,0.968,1.0,0.8117647058823529,0.8961038961038961,0.9058823529411765
primary_42_SurrogateTransfer_afp_Base,42,SurrogateTransfer,afp,Base,104,73,0,415,12,0.976,1.0,0.8588235294117647,0.9240506329113923,0.9294117647058824
primary_42_SurrogateTransfer_afp_Base,42,SurrogateTransfer,afp,Base,105,72,0,415,13,0.974,1.0,0.8470588235294118,0.9171974522292993,0.9235294117647059
primary_42_SurrogateTransfer_afp_Base,42,SurrogateTransfer,afp,Base,106,70,0,415,15,0.97,1.0,0.8235294117647058,0.9032258064516129,0.9117647058823529
primary_42_SurrogateTransfer_afp_Base,42,SurrogateTransfer,afp,Base,107,66,0,415,19,0.962,1.0,0.7764705882352941,0.8741721854304636,0.888235294117647
primary_42_SurrogateTransfer_afp_Base,42,SurrogateTransfer,afp,Base,108,71,0,415,14,0.972,1.0,0.8352941176470589,0.9102564102564102,0.9176470588235295
primary_42_SurrogateTransfer_afp_Base,42,SurrogateTransfer,afp,Base,109,67,0,415,18,0.964,1.0,0.788235294117647,0.8815789473684211,0.8941176470588235
primary_42_SurrogateTransfer_afp_Base,42,SurrogateTransfer,afp,Base,110,65,1,414,20,0.958,0.9848484848484849,0.7647058823529411,0.8609271523178808,0.8811481218993622
primary_42_SurrogateTransfer_afp_Base,42,SurrogateTransfer,afp,Base,111,69,0,415,16,0.968,1.0,0.8117647058823529,0.8961038961038961,0.9058823529411765
primary_42_SurrogateTransfer_afp_Base,42,SurrogateTransfer,afp,Base,112,72,0,415,13,0.974,1.0,0.8470588235294118,0.9171974522292993,0.9235294117647059
primary_42_SurrogateTransfer_afp_Base,42,SurrogateTransfer,afp,Base,113,68,0,415,17,0.966,1.0,0.8,0.888888888888889,0.9
primary_42_SurrogateTransfer_afp_Base,42,SurrogateTransfer,afp,Base,114,66,0,415,19,0.962,1.0,0.7764705882352941,0.8741721854304636,0.888235294117647
primary_42_SurrogateTransfer_afp_Base,42,SurrogateTransfer,afp,Base,115,70,0,415,15,0.97,1.0,0.8235294117647058,0.9032258064516129,0.9117647058823529
primary_42_SurrogateTransfer_afp_Base,42,SurrogateTransfer,afp,Base,116,61,0,415,24,0.952,1.0,0.7176470588235294,0.8356164383561643,0.8588235294117648
primary_42_SurrogateTransfer_afp_Base,42,SurrogateTransfer,afp,Base,117,69,0,415,16,0.968,1.0,0.8117647058823529,0.8961038961038961,0.9058823529411765
primary_42_SurrogateTransfer_afp_Base,42,SurrogateTransfer,afp,Base,118,71,0,415,14,0.972,1.0,0.8352941176470589,0.9102564102564102,0.9176470588235295
primary_42_SurrogateTransfer_afp_Base,42,SurrogateTransfer,afp,Base,119,71,0,415,14,0.972,1.0,0.8352941176470589,0.9102564102564102,0.9176470588235295
primary_42_SurrogateTransfer_afp_Base,42,SurrogateTransfer,afp,Base,120,75,0,415,10,0.98,1.0,0.8823529411764706,0.9375,0.9411764705882353
primary_42_SurrogateTransfer_afp_Base,42,SurrogateTransfer,afp,Base,121,73,0,415,12,0.976,1.0,0.8588235294117647,0.9240506329113923,0.9294117647058824
primary_42_SurrogateTransfer_afp_Base,42,SurrogateTransfer,afp,Base,122,71,0,415,14,0.972,1.0,0.8352941176470589,0.9102564102564102,0.9176470588235295
primary_42_SurrogateTransfer_afp_Base,42,SurrogateTransfer,afp,Base,123,66,0,415,19,0.962,1.0,0.7764705882352941,0.8741721854304636,0.888235294117647
primary_42_SurrogateTransfer_afp_Base,42,SurrogateTransfer,afp,Base,124,66,0,415,19,0.962,1.0,0.7764705882352941,0.8741721854304636,0.888235294117647
primary_42_SurrogateTransfer_afp_Base,42,SurrogateTransfer,afp,Base,125,70,0,415,15,0.97,1.0,0.8235294117647058,0.9032258064516129,0.9117647058823529
primary_42_SurrogateTransfer_afp_Base,42,SurrogateTransfer,afp,Base,126,71,0,415,14,0.972,1.0,0.8352941176470589,0.9102564102564102,0.9176470588235295
primary_42_SurrogateTransfer_afp_Base,42,SurrogateTransfer,afp,Base,127,64,0,415,21,0.958,1.0,0.7529411764705882,0.8590604026845637,0.8764705882352941
primary_42_SurrogateTransfer_afp_Base,42,SurrogateTransfer,afp,Base,128,72,0,415,13,0.974,1.0,0.8470588235294118,0.9171974522292993,0.9235294117647059
primary_42_SurrogateTransfer_afp_Base,42,SurrogateTransfer,afp,Base,129,68,0,415,17,0.966,1.0,0.8,0.888888888888889,0.9
primary_42_SurrogateTransfer_afp_Base,42,SurrogateTransfer,afp,Base,130,72,0,415,13,0.974,1.0,0.8470588235294118,0.9171974522292993,0.9235294117647059
primary_42_SurrogateTransfer_afp_Base,42,SurrogateTransfer,afp,Base,131,68,0,415,17,0.966,1.0,0.8,0.888888888888889,0.9
primary_42_SurrogateTransfer_afp_Base,42,SurrogateTransfer,afp,Base,132,66,0,415,19,0.962,1.0,0.7764705882352941,0.8741721854304636,0.888235294117647
primary_42_SurrogateTransfer_afp_Base,42,SurrogateTransfer,afp,Base,133,68,0,415,17,0.966,1.0,0.8,0.888888888888889,0.9
primary_42_SurrogateTransfer_afp_Base,42,SurrogateTransfer,afp,Base,134,64,0,415,21,0.958,1.0,0.7529411764705882,0.8590604026845637,0.8764705882352941
primary_42_SurrogateTransfer_afp_Base,42,SurrogateTransfer,afp,Base,135,67,0,415,18,0.964,1.0,0.788235294117647,0.8815789473684211,0.8941176470588235
primary_42_SurrogateTransfer_afp_Base,42,SurrogateTransfer,afp,Base,136,70,0,415,15,0.97,1.0,0.8235294117647058,0.9032258064516129,0.9117647058823529
primary_42_SurrogateTransfer_afp_Base,42,SurrogateTransfer,afp,Base,137,71,0,415,14,0.972,1.0,0.8352941176470589,0.9102564102564102,0.9176470588235295
primary_42_SurrogateTransfer_afp_Base,42,SurrogateTransfer,afp,Base,138,71,0,415,14,0.972,1.0,0.8352941176470589,0.9102564102564102,0.9176470588235295
primary_42_SurrogateTransfer_afp_Base,42,SurrogateTransfer,afp,Base,139,69,0,415,16,0.968,1.0,0.8117647058823529,0.8961038961038961,0.9058823529411765
primary_42_SurrogateTransfer_afp_Base,42,SurrogateTransfer,afp,Base,140,68,0,415,17,0.966,1.0,0.8,0.888888888888889,0.9
primary_42_SurrogateTransfer_afp_Base,42,SurrogateTransfer,afp,Base,141,69,0,415,16,0.968,1.0,0.8117647058823529,0.8961038961038961,0.9058823529411765
primary_42_SurrogateTransfer_afp_Base,42,SurrogateTransfer,afp,Base,142,67,0,415,18,0.964,1.0,0.788235294117647,0.8815789473684211,0.8941176470588235
primary_42_SurrogateTransfer_afp_Base,42,SurrogateTransfer,afp,Base,143,72,0,415,13,0.974,1.0,0.8470588235294118,0.9171974522292993,0.9235294117647059
primary_42_SurrogateTransfer_afp_C1,42,SurrogateTransfer,afp,C1,0,69,0,414,17,0.966,1.0,0.8023255813953488,0.8903225806451612,0.9011627906976745
primary_42_SurrogateTransfer_afp_C1,42,SurrogateTransfer,afp,C1,1,71,0,414,15,0.97,1.0,0.8255813953488372,0.9044585987261146,0.9127906976744187
primary_42_SurrogateTransfer_afp_C1,42,SurrogateTransfer,afp,C1,2,82,1,413,4,0.99,0.9879518072289156,0.9534883720930233,0.9704142011834319,0.9755364565779125
primary_42_SurrogateTransfer_afp_C1,42,SurrogateTransfer,afp,C1,3,79,0,414,7,0.986,1.0,0.9186046511627907,0.9575757575757576,0.9593023255813953
primary_42_SurrogateTransfer_afp_C1,42,SurrogateTransfer,afp,C1,4,81,0,414,5,0.99,1.0,0.9418604651162791,0.970059880239521,0.9709302325581395
primary_42_SurrogateTransfer_afp_C1,42,SurrogateTransfer,afp,C1,5,81,0,414,5,0.99,1.0,0.9418604651162791,0.970059880239521,0.9709302325581395
primary_42_SurrogateTransfer_afp_C1,42,SurrogateTransfer,afp,C1,6,77,0,414,9,0.982,1.0,0.8953488372093024,0.9447852760736196,0.9476744186046512
primary_42_SurrogateTransfer_afp_C1,42,SurrogateTransfer,afp,C1,7,77,0,414,9,0.982,1.0,0.8953488372093024,0.9447852760736196,0.9476744186046512
primary_42_SurrogateTransfer_afp_C1,42,SurrogateTransfer,afp,C1,8,80,0,414,6,0.988,1.0,0.9302325581395349,0.963855421686747,0.9651162790697674
primary_42_SurrogateTransfer_afp_C1,42,SurrogateTransfer,afp,C1,9,82,0,414,4,0.992,1.0,0.9534883720930233,0.9761904761904763,0.9767441860465116
primary_42_SurrogateTransfer_afp_C1,42,SurrogateTransfer,afp,C1,10,80,1,413,6,0.986,0.9876543209876543,0.9302325581395349,0.9580838323353293,0.9639085496011683
primary_42_SurrogateTransfer_afp_C1,42,SurrogateTransfer,afp,C1,11,80,0,414,6,0.988,1.0,0.9302325581395349,0.963855421686747,0.9651162790697674
primary_42_SurrogateTransfer_afp_C1,42,SurrogateTransfer,afp,C1,12,82,0,414,4,0.992,1.0,0.9534883720930233,0.9761904761904763,0.9767441860465116
primary_42_SurrogateTransfer_afp_C1,42,SurrogateTransfer,afp,C1,13,82,0,414,4,0.992,1.0,0.9534883720930233,0.9761904761904763,0.9767441860465116
primary_42_SurrogateTransfer_afp_C1,42,SurrogateTransfer,afp,C1,14,84,0,414,2,0.996,1.0,0.9767441860465116,0.988235294117647,0.9883720930232558
primary_42_SurrogateTransfer_afp_C1,42,SurrogateTransfer,afp,C1,15,82,0,414,4,0.992,1.0,0.9534883720930233,0.9761904761904763,0.9767441860465116
primary_42_SurrogateTransfer_afp_C1,42,SurrogateTransfer,afp,C1,16,77,1,413,9,0.98,0.9871794871794872,0.8953488372093024,0.9390243902439025,0.9464666891360521
primary_42_SurrogateTransfer_afp_C1,42,SurrogateTransfer,afp,C1,17,84,0,415,1,0.998,1.0,0.9882352941176471,0.9940828402366864,0.9941176470588236
primary_42_SurrogateTransfer_afp_C1,42,SurrogateTransfer,afp,C1,18,80,0,415,5,0.99,1.0,0.9411764705882353,0.9696969696969697,0.9705882352941176
primary_42_SurrogateTransfer_afp_C1,42,SurrogateTransfer,afp,C1,19,83,0,415,2,0.996,1.0,0.9764705882352941,0.988095238095238,0.9882352941176471
primary_42_SurrogateTransfer_afp_C1,42,SurrogateTransfer,afp,C1,20,74,1,414,11,0.976,0.9866666666666667,0.8705882352941177,0.925,0.9340892983699505
primary_42_SurrogateTransfer_afp_C1,42,SurrogateTransfer,afp,C1,21,76,1,414,9,0.98,0.987012987012987,0.8941176470588236,0.9382716049382716,0.9458540042523034
primary_42_SurrogateTransfer_afp_C1,42,SurrogateTransfer,afp,C1,22,78,0,415,7,0.986,1.0,0.9176470588235294,0.9570552147239264,0.9588235294117646
primary_42_SurrogateTransfer_afp_C1,42,SurrogateTransfer,afp,C1,23,80,0,415,5,0.99,1.0,0.9411764705882353,0.9696969696969697,0.9705882352941176
primary_42_SurrogateTransfer_afp_C1,42,SurrogateTransfer,afp,C1,24,80,1,414,5,0.988,0.9876543209876543,0.9411764705882353,0.963855421686747,0.9693834160170092
primary_42_SurrogateTransfer_afp_C1,42,SurrogateTransfer,afp,C1,25,77,0,415,8,0.984,1.0,0.9058823529411765,0.9506172839506173,0.9529411764705882
primary_42_SurrogateTransfer_afp_C1,42,SurrogateTransfer,afp,C1,26,77,0,415,8,0.984,1.0,0.9058823529411765,0.9506172839506173,0.9529411764705882
primary_42_SurrogateTransfer_afp_C1,42,SurrogateTransfer,afp,C1,27,77,0,415,8,0.984,1.0,0.9058823529411765,0.9506172839506173,0.9529411764705882
primary_42_SurrogateTransfer_afp_C1,42,SurrogateTransfer,afp,C1,28,79,0,415,6,0.988,1.0,0.9294117647058824,0.9634146341463414,0.9647058823529412
primary_42_SurrogateTransfer_afp_C1,42,SurrogateTransfer,afp,C1,29,80,0,415,5,0.99,1.0,0.9411764705882353,0.9696969696969697,0.9705882352941176
primary_42_SurrogateTransfer_afp_C1,42,SurrogateTransfer,afp,C1,30,79,0,415,6,0.988,1.0,0.9294117647058824,0.9634146341463414,0.9647058823529412
primary_42_SurrogateTransfer_afp_C1,42,SurrogateTransfer,afp,C1,31,78,0,415,7,0.986,1.0,0.9176470588235294,0.9570552147239264,0.9588235294117646
primary_42_SurrogateTransfer_afp_C1,42,SurrogateTransfer,afp,C1,32,80,0,415,5,0.99,1.0,0.9411764705882353,0.9696969696969697,0.9705882352941176
primary_42_SurrogateTransfer_afp_C1,42,SurrogateTransfer,afp,C1,33,81,0,415,4,0.992,1.0,0.9529411764705882,0.9759036144578312,0.9764705882352941
primary_42_SurrogateTransfer_afp_C1,42,SurrogateTransfer,afp,C1,34,79,1,414,6,0.986,0.9875,0.9294117647058824,0.9575757575757576,0.9635010630758327
primary_42_SurrogateTransfer_afp_C1,42,SurrogateTransfer,afp,C1,35,75,0,415,10,0.98,1.0,0.8823529411764706,0.9375,0.9411764705882353
primary_42_SurrogateTransfer_afp_C1,42,SurrogateTransfer,afp,C1,36,79,0,415,6,0.988,1.0,0.9294117647058824,0.9634146341463414,0.9647058823529412
primary_42_SurrogateTransfer_afp_C1,42,SurrogateTransfer,afp,C1,37,81,1,414,4,0.99,0.9878048780487805,0.9529411764705882,0.9700598802395209,0.9752657689581856
primary_42_SurrogateTransfer_afp_C1,42,SurrogateTransfer,afp,C1,38,81,0,415,4,0.992,1.0,0.9529411764705882,0.9759036144578312,0.9764705882352941
primary_42_SurrogateTransfer_afp_C1,42,SurrogateTransfer,afp,C1,39,81,0,415,4,0.992,1.0,0.9529411764705882,0.9759036144578312,0.9764705882352941
primary_42_SurrogateTransfer_afp_C1,42,SurrogateTransfer,afp,C1,40,82,0,415,3,0.994,1.0,0.9647058823529412,0.9820359281437125,0.9823529411764707
primary_42_SurrogateTransfer_afp_C1,42,SurrogateTransfer,afp,C1,41,82,0,415,3,0.994,1.0,0.9647058823529412,0.9820359281437125,0.9823529411764707
primary_42_SurrogateTransfer_afp_C1,42,SurrogateTransfer,afp,C1,42,81,0,415,4,0.992,1.0,0.9529411764705882,0.9759036144578312,0.9764705882352941
primary_42_SurrogateTransfer_afp_C1,42,SurrogateTransfer,afp,C1,43,78,1,414,7,0.984,0.9873417721518988,0.9176470588235294,0.9512195121951219,0.9576187101346563
primary_42_SurrogateTransfer_afp_C1,42,SurrogateTransfer,afp,C1,44,79,0,415,6,0.988,1.0,0.9294117647058824,0.9634146341463414,0.9647058823529412
primary_42_SurrogateTransfer_afp_C1,42,SurrogateTransfer,afp,C1,45,81,0,415,4,0.992,1.0,0.9529411764705882,0.9759036144578312,0.9764705882352941
primary_42_SurrogateTransfer_afp_C1,42,SurrogateTransfer,afp,C1,46,81,1,414,4,0.99,0.9878048780487805,0.9529411764705882,0.9700598802395209,0.9752657689581856
primary_42_SurrogateTransfer_afp_C1,42,SurrogateTransfer,afp,C1,47,76,0,415,9,0.982,1.0,0.8941176470588236,0.9440993788819877,0.9470588235294117
primary_42_SurrogateTransfer_afp_C1,42,SurrogateTransfer,afp,C1,48,81,0,415,4,0.992,1.0,0.9529411764705882,0.9759036144578312,0.9764705882352941
primary_42_SurrogateTransfer_afp_C1,42,SurrogateTransfer,afp,C1,49,77,0,415,8,0.984,1.0,0.9058823529411765,0.9506172839506173,0.9529411764705882
primary_42_SurrogateTransfer_afp_C1,42,SurrogateTransfer,afp,C1,50,81,0,415,4,0.992,1.0,0.9529411764705882,0.9759036144578312,0.9764705882352941
primary_42_SurrogateTransfer_afp_C1,42,SurrogateTransfer,afp,C1,51,80,1,414,5,0.988,0.9876543209876543,0.9411764705882353,0.963855421686747,0.9693834160170092
primary_42_SurrogateTransfer_afp_C1,42,SurrogateTransfer,afp,C1,52,80,0,415,5,0.99,1.0,0.9411764705882353,0.9696969696969697,0.9705882352941176
primary_42_SurrogateTransfer_afp_C1,42,SurrogateTransfer,afp,C1,53,77,1,414,8,0.982,0.9871794871794872,0.9058823529411765,0.9447852760736197,0.9517363571934798
primary_42_SurrogateTransfer_afp_C1,42,SurrogateTransfer,afp,C1,54,82,0,415,3,0.994,1.0,0.9647058823529412,0.9820359281437125,0.9823529411764707
primary_42_SurrogateTransfer_afp_C1,42,SurrogateTransfer,afp,C1,55,78,0,415,7,0.986,1.0,0.9176470588235294,0.9570552147239264,0.9588235294117646
primary_42_SurrogateTransfer_afp_C1,42,SurrogateTransfer,afp,C1,56,78,0,415,7,0.986,1.0,0.9176470588235294,0.9570552147239264,0.9588235294117646
primary_42_SurrogateTransfer_afp_C1,42,SurrogateTransfer,afp,C1,57,81,1,414,4,0.99,0.9878048780487805,0.9529411764705882,0.9700598802395209,0.9752657689581856
primary_42_SurrogateTransfer_afp_C1,42,SurrogateTransfer,afp,C1,58,82,2,413,3,0.99,0.9761904761904762,0.9647058823529412,0.9704142011834319,0.9799433026222537
primary_42_SurrogateTransfer_afp_C1,42,SurrogateTransfer,afp,C1,59,78,1,414,7,0.984,0.9873417721518988,0.9176470588235294,0.9512195121951219,0.9576187101346563
primary_42_SurrogateTransfer_afp_C1,42,SurrogateTransfer,afp,C1,60,81,0,415,4,0.992,1.0,0.9529411764705882,0.9759036144578312,0.9764705882352941
primary_42_SurrogateTransfer_afp_C1,42,SurrogateTransfer,afp,C1,61,77,0,415,8,0.984,1.0,0.9058823529411765,0.9506172839506173,0.9529411764705882
primary_42_SurrogateTransfer_afp_C1,42,SurrogateTransfer,afp,C1,62,81,0,415,4,0.992,1.0,0.9529411764705882,0.9759036144578312,0.9764705882352941
primary_42_SurrogateTransfer_afp_C1,42,SurrogateTransfer,afp,C1,63,77,0,415,8,0.984,1.0,0.9058823529411765,0.9506172839506173,0.9529411764705882
primary_42_SurrogateTransfer_afp_C1,42,SurrogateTransfer,afp,C1,64,77,0,415,8,0.984,1.0,0.9058823529411765,0.9506172839506173,0.9529411764705882
primary_42_SurrogateTransfer_afp_C1,42,SurrogateTransfer,afp,C1,65,78,0,415,7,0.986,1.0,0.9176470588235294,0.9570552147239264,0.9588235294117646
primary_42_SurrogateTransfer_afp_C1,42,SurrogateTransfer,afp,C1,66,81,0,415,4,0.992,1.0,0.9529411764705882,0.9759036144578312,0.9764705882352941
primary_42_SurrogateTransfer_afp_C1,42,SurrogateTransfer,afp,C1,67,81,0,415,4,0.992,1.0,0.9529411764705882,0.9759036144578312,0.9764705882352941
primary_42_SurrogateTransfer_afp_C1,42,SurrogateTransfer,afp,C1,68,79,0,415,6,0.988,1.0,0.9294117647058824,0.9634146341463414,0.9647058823529412
primary_42_SurrogateTransfer_afp_C1,42,SurrogateTransfer,afp,C1,69,80,2,413,5,0.986,0.975609756097561,0.9411764705882353,0.9580838323353293,0.9681785967399008
primary_42_SurrogateTransfer_afp_C1,42,SurrogateTransfer,afp,C1,70,82,0,415,3,0.994,1.0,0.9647058823529412,0.9820359281437125,0.9823529411764707
primary_42_SurrogateTransfer_afp_C1,42,SurrogateTransfer,afp,C1,71,77,0,415,8,0.984,1.0,0.9058823529411765,0.9506172839506173,0.9529411764705882
primary_42_SurrogateTransfer_afp_C1,42,SurrogateTransfer,afp,C1,72,78,0,415,7,0.986,1.0,0.9176470588235294,0.9570552147239264,0.9588235294117646
primary_42_SurrogateTransfer_afp_C1,42,SurrogateTransfer,afp,C1,73,77,0,415,8,0.984,1.0,0.9058823529411765,0.9506172839506173,0.9529411764705882
primary_42_SurrogateTransfer_afp_C1,42,SurrogateTransfer,afp,C1,74,82,0,415,3,0.994,1.0,0.9647058823529412,0.9820359281437125,0.9823529411764707
primary_42_SurrogateTransfer_afp_C1,42,SurrogateTransfer,afp,C1,75,78,0,415,7,0.986,1.0,0.9176470588235294,0.9570552147239264,0.9588235294117646
primary_42_SurrogateTransfer_afp_C1,42,SurrogateTransfer,afp,C1,76,82,1,414,3,0.992,0.9879518072289156,0.9647058823529412,0.9761904761904762,0.9811481218993622
primary_42_SurrogateTransfer_afp_C1,42,SurrogateTransfer,afp,C1,77,80,0,415,5,0.99,1.0,0.9411764705882353,0.9696969696969697,0.9705882352941176
primary_42_SurrogateTransfer_afp_C1,42,SurrogateTransfer,afp,C1,78,83,0,415,2,0.996,1.0,0.9764705882352941,0.988095238095238,0.9882352941176471
primary_42_SurrogateTransfer_afp_C1,42,SurrogateTransfer,afp,C1,79,81,0,415,4,0.992,1.0,0.9529411764705882,0.9759036144578312,0.9764705882352941
primary_42_SurrogateTransfer_afp_C1,42,SurrogateTransfer,afp,C1,80,79,0,415,6,0.988,1.0,0.9294117647058824,0.9634146341463414,0.9647058823529412
primary_42_SurrogateTransfer_afp_C1,42,SurrogateTransfer,afp,C1,81,76,0,415,9,0.982,1.0,0.8941176470588236,0.9440993788819877,0.9470588235294117
primary_42_SurrogateTransfer_afp_C1,42,SurrogateTransfer,afp,C1,82,80,0,415,5,0.99,1.0,0.9411764705882353,0.9696969696969697,0.9705882352941176
primary_42_SurrogateTransfer_afp_C1,42,SurrogateTransfer,afp,C1,83,78,0,415,7,0.986,1.0,0.9176470588235294,0.9570552147239264,0.9588235294117646
primary_42_SurrogateTransfer_afp_C1,42,SurrogateTransfer,afp,C1,84,79,0,415,6,0.988,1.0,0.9294117647058824,0.9634146341463414,0.9647058823529412
primary_42_SurrogateTransfer_afp_C1,42,SurrogateTransfer,afp,C1,85,82,1,414,3,0.992,0.9879518072289156,0.9647058823529412,0.9761904761904762,0.9811481218993622
primary_42_SurrogateTransfer_afp_C1,42,SurrogateTransfer,afp,C1,86,76,2,413,9,0.978,0.9743589743589743,0.8941176470588236,0.9325153374233129,0.9446491849751949
primary_42_SurrogateTransfer_afp_C1,42,SurrogateTransfer,afp,C1,87,78,0,415,7,0.986,1.0,0.9176470588235294,0.9570552147239264,0.9588235294117646
primary_42_SurrogateTransfer_afp_C1,42,SurrogateTransfer,afp,C1,88,81,0,415,4,0.992,1.0,0.9529411764705882,0.9759036144578312,0.9764705882352941
primary_42_SurrogateTransfer_afp_C1,42,SurrogateTransfer,afp,C1,89,79,1,414,6,0.986,0.9875,0.9294117647058824,0.9575757575757576,0.9635010630758327
primary_42_SurrogateTransfer_afp_C1,42,SurrogateTransfer,afp,C1,90,82,1,414,3,0.992,0.9879518072289156,0.9647058823529412,0.9761904761904762,0.9811481218993622
primary_42_SurrogateTransfer_afp_C1,42,SurrogateTransfer,afp,C1,91,80,1,414,5,0.988,0.9876543209876543,0.9411764705882353,0.963855421686747,0.9693834160170092
primary_42_SurrogateTransfer_afp_C1,42,SurrogateTransfer,afp,C1,92,80,0,415,5,0.99,1.0,0.9411764705882353,0.9696969696969697,0.9705882352941176
primary_42_SurrogateTransfer_afp_C1,42,SurrogateTransfer,afp,C1,93,79,0,415,6,0.988,1.0,0.9294117647058824,0.9634146341463414,0.9647058823529412
primary_42_SurrogateTransfer_afp_C1,42,SurrogateTransfer,afp,C1,94,82,0,415,3,0.994,1.0,0.9647058823529412,0.9820359281437125,0.9823529411764707
primary_42_SurrogateTransfer_afp_C1,42,SurrogateTransfer,afp,C1,95,81,1,414,4,0.99,0.9878048780487805,0.9529411764705882,0.9700598802395209,0.9752657689581856
primary_42_SurrogateTransfer_afp_C1,42,SurrogateTransfer,afp,C1,96,84,0,415,1,0.998,1.0,0.9882352941176471,0.9940828402366864,0.9941176470588236
primary_42_SurrogateTransfer_afp_C1,42,SurrogateTransfer,afp,C1,97,76,1,414,9,0.98,0.987012987012987,0.8941176470588236,0.9382716049382716,0.9458540042523034
primary_42_SurrogateTransfer_afp_C1,42,SurrogateTransfer,afp,C1,98,80,0,415,5,0.99,1.0,0.9411764705882353,0.9696969696969697,0.9705882352941176
primary_42_SurrogateTransfer_afp_C1,42,SurrogateTransfer,afp,C1,99,82,1,414,3,0.992,0.9879518072289156,0.9647058823529412,0.9761904761904762,0.9811481218993622
primary_42_SurrogateTransfer_afp_C1,42,SurrogateTransfer,afp,C1,100,81,1,414,4,0.99,0.9878048780487805,0.9529411764705882,0.9700598802395209,0.9752657689581856
primary_42_SurrogateTransfer_afp_C1,42,SurrogateTransfer,afp,C1,101,81,0,415,4,0.992,1.0,0.9529411764705882,0.9759036144578312,0.9764705882352941
primary_42_SurrogateTransfer_afp_C1,42,SurrogateTransfer,afp,C1,102,82,0,415,3,0.994,1.0,0.9647058823529412,0.9820359281437125,0.9823529411764707
primary_42_SurrogateTransfer_afp_C1,42,SurrogateTransfer,afp,C1,103,81,0,415,4,0.992,1.0,0.9529411764705882,0.9759036144578312,0.9764705882352941
primary_42_SurrogateTransfer_afp_C1,42,SurrogateTransfer,afp,C1,104,82,0,415,3,0.994,1.0,0.9647058823529412,0.9820359281437125,0.9823529411764707
primary_42_SurrogateTransfer_afp_C1,42,SurrogateTransfer,afp,C1,105,82,0,415,3,0.994,1.0,0.9647058823529412,0.9820359281437125,0.9823529411764707
primary_42_SurrogateTransfer_afp_C1,42,SurrogateTransfer,afp,C1,106,79,0,415,6,0.988,1.0,0.9294117647058824,0.9634146341463414,0.9647058823529412
primary_42_SurrogateTransfer_afp_C1,42,SurrogateTransfer,afp,C1,107,79,0,415,6,0.988,1.0,0.9294117647058824,0.9634146341463414,0.9647058823529412
primary_42_SurrogateTransfer_afp_C1,42,SurrogateTransfer,afp,C1,108,81,0,415,4,0.992,1.0,0.9529411764705882,0.9759036144578312,0.9764705882352941
primary_42_SurrogateTransfer_afp_C1,42,SurrogateTransfer,afp,C1,109,78,0,415,7,0.986,1.0,0.9176470588235294,0.9570552147239264,0.9588235294117646
primary_42_SurrogateTransfer_afp_C1,42,SurrogateTransfer,afp,C1,110,78,1,414,7,0.984,0.9873417721518988,0.9176470588235294,0.9512195121951219,0.9576187101346563
primary_42_SurrogateTransfer_afp_C1,42,SurrogateTransfer,afp,C1,111,84,1,414,1,0.996,0.9882352941176471,0.9882352941176471,0.9882352941176471,0.9929128277817152
primary_42_SurrogateTransfer_afp_C1,42,SurrogateTransfer,afp,C1,112,81,1,414,4,0.99,0.9878048780487805,0.9529411764705882,0.9700598802395209,0.9752657689581856
primary_42_SurrogateTransfer_afp_C1,42,SurrogateTransfer,afp,C1,113,79,1,414,6,0.986,0.9875,0.9294117647058824,0.9575757575757576,0.9635010630758327
primary_42_SurrogateTransfer_afp_C1,42,SurrogateTransfer,afp,C1,114,80,0,415,5,0.99,1.0,0.9411764705882353,0.9696969696969697,0.9705882352941176
primary_42_SurrogateTransfer_afp_C1,42,SurrogateTransfer,afp,C1,115,78,0,415,7,0.986,1.0,0.9176470588235294,0.9570552147239264,0.9588235294117646
primary_42_SurrogateTransfer_afp_C1,42,SurrogateTransfer,afp,C1,116,78,1,414,7,0.984,0.9873417721518988,0.9176470588235294,0.9512195121951219,0.9576187101346563
primary_42_SurrogateTransfer_afp_C1,42,SurrogateTransfer,afp,C1,117,80,0,415,5,0.99,1.0,0.9411764705882353,0.9696969696969697,0.9705882352941176
primary_42_SurrogateTransfer_afp_C1,42,SurrogateTransfer,afp,C1,118,78,1,414,7,0.984,0.9873417721518988,0.9176470588235294,0.9512195121951219,0.9576187101346563
primary_42_SurrogateTransfer_afp_C1,42,SurrogateTransfer,afp,C1,119,80,0,415,5,0.99,1.0,0.9411764705882353,0.9696969696969697,0.9705882352941176
primary_42_SurrogateTransfer_afp_C1,42,SurrogateTransfer,afp,C1,120,82,0,415,3,0.994,1.0,0.9647058823529412,0.9820359281437125,0.9823529411764707
primary_42_SurrogateTransfer_afp_C1,42,SurrogateTransfer,afp,C1,121,81,0,415,4,0.992,1.0,0.9529411764705882,0.9759036144578312,0.9764705882352941
primary_42_SurrogateTransfer_afp_C1,42,SurrogateTransfer,afp,C1,122,80,0,415,5,0.99,1.0,0.9411764705882353,0.9696969696969697,0.9705882352941176
primary_42_SurrogateTransfer_afp_C1,42,SurrogateTransfer,afp,C1,123,76,0,415,9,0.982,1.0,0.8941176470588236,0.9440993788819877,0.9470588235294117
primary_42_SurrogateTransfer_afp_C1,42,SurrogateTransfer,afp,C1,124,80,1,414,5,0.988,0.9876543209876543,0.9411764705882353,0.963855421686747,0.9693834160170092
primary_42_SurrogateTransfer_afp_C1,42,SurrogateTransfer,afp,C1,125,82,2,413,3,0.99,0.9761904761904762,0.9647058823529412,0.9704142011834319,0.9799433026222537
primary_42_SurrogateTransfer_afp_C1,42,SurrogateTransfer,afp,C1,126,83,0,415,2,0.996,1.0,0.9764705882352941,0.988095238095238,0.9882352941176471
primary_42_SurrogateTransfer_afp_C1,42,SurrogateTransfer,afp,C1,127,77,0,415,8,0.984,1.0,0.9058823529411765,0.9506172839506173,0.9529411764705882
primary_42_SurrogateTransfer_afp_C1,42,SurrogateTransfer,afp,C1,128,83,0,415,2,0.996,1.0,0.9764705882352941,0.988095238095238,0.9882352941176471
primary_42_SurrogateTransfer_afp_C1,42,SurrogateTransfer,afp,C1,129,79,0,415,6,0.988,1.0,0.9294117647058824,0.9634146341463414,0.9647058823529412
primary_42_SurrogateTransfer_afp_C1,42,SurrogateTransfer,afp,C1,130,83,0,415,2,0.996,1.0,0.9764705882352941,0.988095238095238,0.9882352941176471
primary_42_SurrogateTransfer_afp_C1,42,SurrogateTransfer,afp,C1,131,80,1,414,5,0.988,0.9876543209876543,0.9411764705882353,0.963855421686747,0.9693834160170092
primary_42_SurrogateTransfer_afp_C1,42,SurrogateTransfer,afp,C1,132,78,0,415,7,0.986,1.0,0.9176470588235294,0.9570552147239264,0.9588235294117646
primary_42_SurrogateTransfer_afp_C1,42,SurrogateTransfer,afp,C1,133,81,1,414,4,0.99,0.9878048780487805,0.9529411764705882,0.9700598802395209,0.9752657689581856
primary_42_SurrogateTransfer_afp_C1,42,SurrogateTransfer,afp,C1,134,78,0,415,7,0.986,1.0,0.9176470588235294,0.9570552147239264,0.9588235294117646
primary_42_SurrogateTransfer_afp_C1,42,SurrogateTransfer,afp,C1,135,83,0,415,2,0.996,1.0,0.9764705882352941,0.988095238095238,0.9882352941176471
primary_42_SurrogateTransfer_afp_C1,42,SurrogateTransfer,afp,C1,136,82,0,415,3,0.994,1.0,0.9647058823529412,0.9820359281437125,0.9823529411764707
primary_42_SurrogateTransfer_afp_C1,42,SurrogateTransfer,afp,C1,137,79,2,413,6,0.984,0.9753086419753086,0.9294117647058824,0.9518072289156626,0.9622962437987244
primary_42_SurrogateTransfer_afp_C1,42,SurrogateTransfer,afp,C1,138,82,0,415,3,0.994,1.0,0.9647058823529412,0.9820359281437125,0.9823529411764707
primary_42_SurrogateTransfer_afp_C1,42,SurrogateTransfer,afp,C1,139,78,1,414,7,0.984,0.9873417721518988,0.9176470588235294,0.9512195121951219,0.9576187101346563
primary_42_SurrogateTransfer_afp_C1,42,SurrogateTransfer,afp,C1,140,79,0,415,6,0.988,1.0,0.9294117647058824,0.9634146341463414,0.9647058823529412
primary_42_SurrogateTransfer_afp_C1,42,SurrogateTransfer,afp,C1,141,77,0,415,8,0.984,1.0,0.9058823529411765,0.9506172839506173,0.9529411764705882
primary_42_SurrogateTransfer_afp_C1,42,SurrogateTransfer,afp,C1,142,84,0,415,1,0.998,1.0,0.9882352941176471,0.9940828402366864,0.9941176470588236
primary_42_SurrogateTransfer_afp_C1,42,SurrogateTransfer,afp,C1,143,81,0,415,4,0.992,1.0,0.9529411764705882,0.9759036144578312,0.9764705882352941
primary_42_SurrogateTransfer_feature_squeezing_Base,42,SurrogateTransfer,feature_squeezing,Base,0,80,0,414,6,0.988,1.0,0.9302325581395349,0.963855421686747,0.9651162790697674
primary_42_SurrogateTransfer_feature_squeezing_Base,42,SurrogateTransfer,feature_squeezing,Base,1,78,0,414,8,0.984,1.0,0.9069767441860465,0.951219512195122,0.9534883720930232
primary_42_SurrogateTransfer_feature_squeezing_Base,42,SurrogateTransfer,feature_squeezing,Base,2,82,1,413,4,0.99,0.9879518072289156,0.9534883720930233,0.9704142011834319,0.9755364565779125
primary_42_SurrogateTransfer_feature_squeezing_Base,42,SurrogateTransfer,feature_squeezing,Base,3,83,0,414,3,0.994,1.0,0.9651162790697675,0.9822485207100593,0.9825581395348837
primary_42_SurrogateTransfer_feature_squeezing_Base,42,SurrogateTransfer,feature_squeezing,Base,4,84,0,414,2,0.996,1.0,0.9767441860465116,0.988235294117647,0.9883720930232558
primary_42_SurrogateTransfer_feature_squeezing_Base,42,SurrogateTransfer,feature_squeezing,Base,5,82,1,413,4,0.99,0.9879518072289156,0.9534883720930233,0.9704142011834319,0.9755364565779125
primary_42_SurrogateTransfer_feature_squeezing_Base,42,SurrogateTransfer,feature_squeezing,Base,6,81,0,414,5,0.99,1.0,0.9418604651162791,0.970059880239521,0.9709302325581395
primary_42_SurrogateTransfer_feature_squeezing_Base,42,SurrogateTransfer,feature_squeezing,Base,7,79,0,414,7,0.986,1.0,0.9186046511627907,0.9575757575757576,0.9593023255813953
primary_42_SurrogateTransfer_feature_squeezing_Base,42,SurrogateTransfer,feature_squeezing,Base,8,80,0,414,6,0.988,1.0,0.9302325581395349,0.963855421686747,0.9651162790697674
primary_42_SurrogateTransfer_feature_squeezing_Base,42,SurrogateTransfer,feature_squeezing,Base,9,84,0,414,2,0.996,1.0,0.9767441860465116,0.988235294117647,0.9883720930232558
primary_42_SurrogateTransfer_feature_squeezing_Base,42,SurrogateTransfer,feature_squeezing,Base,10,81,0,414,5,0.99,1.0,0.9418604651162791,0.970059880239521,0.9709302325581395
primary_42_SurrogateTransfer_feature_squeezing_Base,42,SurrogateTransfer,feature_squeezing,Base,11,80,0,414,6,0.988,1.0,0.9302325581395349,0.963855421686747,0.9651162790697674
primary_42_SurrogateTransfer_feature_squeezing_Base,42,SurrogateTransfer,feature_squeezing,Base,12,83,0,414,3,0.994,1.0,0.9651162790697675,0.9822485207100593,0.9825581395348837
primary_42_SurrogateTransfer_feature_squeezing_Base,42,SurrogateTransfer,feature_squeezing,Base,13,83,0,414,3,0.994,1.0,0.9651162790697675,0.9822485207100593,0.9825581395348837
primary_42_SurrogateTransfer_feature_squeezing_Base,42,SurrogateTransfer,feature_squeezing,Base,14,83,1,413,3,0.992,0.9880952380952381,0.9651162790697675,0.9764705882352942,0.9813504100662847
primary_42_SurrogateTransfer_feature_squeezing_Base,42,SurrogateTransfer,feature_squeezing,Base,15,81,0,414,5,0.99,1.0,0.9418604651162791,0.970059880239521,0.9709302325581395
primary_42_SurrogateTransfer_feature_squeezing_Base,42,SurrogateTransfer,feature_squeezing,Base,16,78,0,414,8,0.984,1.0,0.9069767441860465,0.951219512195122,0.9534883720930232
primary_42_SurrogateTransfer_feature_squeezing_Base,42,SurrogateTransfer,feature_squeezing,Base,17,84,0,415,1,0.998,1.0,0.9882352941176471,0.9940828402366864,0.9941176470588236
primary_42_SurrogateTransfer_feature_squeezing_Base,42,SurrogateTransfer,feature_squeezing,Base,18,80,0,415,5,0.99,1.0,0.9411764705882353,0.9696969696969697,0.9705882352941176
primary_42_SurrogateTransfer_feature_squeezing_Base,42,SurrogateTransfer,feature_squeezing,Base,19,83,0,415,2,0.996,1.0,0.9764705882352941,0.988095238095238,0.9882352941176471
primary_42_SurrogateTransfer_feature_squeezing_Base,42,SurrogateTransfer,feature_squeezing,Base,20,74,0,415,11,0.978,1.0,0.8705882352941177,0.9308176100628931,0.9352941176470588
primary_42_SurrogateTransfer_feature_squeezing_Base,42,SurrogateTransfer,feature_squeezing,Base,21,75,0,415,10,0.98,1.0,0.8823529411764706,0.9375,0.9411764705882353
primary_42_SurrogateTransfer_feature_squeezing_Base,42,SurrogateTransfer,feature_squeezing,Base,22,76,0,415,9,0.982,1.0,0.8941176470588236,0.9440993788819877,0.9470588235294117
primary_42_SurrogateTransfer_feature_squeezing_Base,42,SurrogateTransfer,feature_squeezing,Base,23,81,0,415,4,0.992,1.0,0.9529411764705882,0.9759036144578312,0.9764705882352941
primary_42_SurrogateTransfer_feature_squeezing_Base,42,SurrogateTransfer,feature_squeezing,Base,24,80,0,415,5,0.99,1.0,0.9411764705882353,0.9696969696969697,0.9705882352941176
primary_42_SurrogateTransfer_feature_squeezing_Base,42,SurrogateTransfer,feature_squeezing,Base,25,77,0,415,8,0.984,1.0,0.9058823529411765,0.9506172839506173,0.9529411764705882
primary_42_SurrogateTransfer_feature_squeezing_Base,42,SurrogateTransfer,feature_squeezing,Base,26,76,0,415,9,0.982,1.0,0.8941176470588236,0.9440993788819877,0.9470588235294117
primary_42_SurrogateTransfer_feature_squeezing_Base,42,SurrogateTransfer,feature_squeezing,Base,27,76,0,415,9,0.982,1.0,0.8941176470588236,0.9440993788819877,0.9470588235294117
primary_42_SurrogateTransfer_feature_squeezing_Base,42,SurrogateTransfer,feature_squeezing,Base,28,79,0,415,6,0.988,1.0,0.9294117647058824,0.9634146341463414,0.9647058823529412
primary_42_SurrogateTransfer_feature_squeezing_Base,42,SurrogateTransfer,feature_squeezing,Base,29,80,0,415,5,0.99,1.0,0.9411764705882353,0.9696969696969697,0.9705882352941176
primary_42_SurrogateTransfer_feature_squeezing_Base,42,SurrogateTransfer,feature_squeezing,Base,30,79,0,415,6,0.988,1.0,0.9294117647058824,0.9634146341463414,0.9647058823529412
primary_42_SurrogateTransfer_feature_squeezing_Base,42,SurrogateTransfer,feature_squeezing,Base,31,77,0,415,8,0.984,1.0,0.9058823529411765,0.9506172839506173,0.9529411764705882
primary_42_SurrogateTransfer_feature_squeezing_Base,42,SurrogateTransfer,feature_squeezing,Base,32,78,0,415,7,0.986,1.0,0.9176470588235294,0.9570552147239264,0.9588235294117646
primary_42_SurrogateTransfer_feature_squeezing_Base,42,SurrogateTransfer,feature_squeezing,Base,33,81,0,415,4,0.992,1.0,0.9529411764705882,0.9759036144578312,0.9764705882352941
primary_42_SurrogateTransfer_feature_squeezing_Base,42,SurrogateTransfer,feature_squeezing,Base,34,78,1,414,7,0.984,0.9873417721518988,0.9176470588235294,0.9512195121951219,0.9576187101346563
primary_42_SurrogateTransfer_feature_squeezing_Base,42,SurrogateTransfer,feature_squeezing,Base,35,74,0,415,11,0.978,1.0,0.8705882352941177,0.9308176100628931,0.9352941176470588
primary_42_SurrogateTransfer_feature_squeezing_Base,42,SurrogateTransfer,feature_squeezing,Base,36,79,0,415,6,0.988,1.0,0.9294117647058824,0.9634146341463414,0.9647058823529412
primary_42_SurrogateTransfer_feature_squeezing_Base,42,SurrogateTransfer,feature_squeezing,Base,37,80,1,414,5,0.988,0.9876543209876543,0.9411764705882353,0.963855421686747,0.9693834160170092
primary_42_SurrogateTransfer_feature_squeezing_Base,42,SurrogateTransfer,feature_squeezing,Base,38,81,0,415,4,0.992,1.0,0.9529411764705882,0.9759036144578312,0.9764705882352941
primary_42_SurrogateTransfer_feature_squeezing_Base,42,SurrogateTransfer,feature_squeezing,Base,39,79,0,415,6,0.988,1.0,0.9294117647058824,0.9634146341463414,0.9647058823529412
primary_42_SurrogateTransfer_feature_squeezing_Base,42,SurrogateTransfer,feature_squeezing,Base,40,82,0,415,3,0.994,1.0,0.9647058823529412,0.9820359281437125,0.9823529411764707
primary_42_SurrogateTransfer_feature_squeezing_Base,42,SurrogateTransfer,feature_squeezing,Base,41,80,0,415,5,0.99,1.0,0.9411764705882353,0.9696969696969697,0.9705882352941176
primary_42_SurrogateTransfer_feature_squeezing_Base,42,SurrogateTransfer,feature_squeezing,Base,42,80,0,415,5,0.99,1.0,0.9411764705882353,0.9696969696969697,0.9705882352941176
primary_42_SurrogateTransfer_feature_squeezing_Base,42,SurrogateTransfer,feature_squeezing,Base,43,77,1,414,8,0.982,0.9871794871794872,0.9058823529411765,0.9447852760736197,0.9517363571934798
primary_42_SurrogateTransfer_feature_squeezing_Base,42,SurrogateTransfer,feature_squeezing,Base,44,79,0,415,6,0.988,1.0,0.9294117647058824,0.9634146341463414,0.9647058823529412
primary_42_SurrogateTransfer_feature_squeezing_Base,42,SurrogateTransfer,feature_squeezing,Base,45,81,0,415,4,0.992,1.0,0.9529411764705882,0.9759036144578312,0.9764705882352941
primary_42_SurrogateTransfer_feature_squeezing_Base,42,SurrogateTransfer,feature_squeezing,Base,46,81,1,414,4,0.99,0.9878048780487805,0.9529411764705882,0.9700598802395209,0.9752657689581856
primary_42_SurrogateTransfer_feature_squeezing_Base,42,SurrogateTransfer,feature_squeezing,Base,47,75,0,415,10,0.98,1.0,0.8823529411764706,0.9375,0.9411764705882353
primary_42_SurrogateTransfer_feature_squeezing_Base,42,SurrogateTransfer,feature_squeezing,Base,48,81,0,415,4,0.992,1.0,0.9529411764705882,0.9759036144578312,0.9764705882352941
primary_42_SurrogateTransfer_feature_squeezing_Base,42,SurrogateTransfer,feature_squeezing,Base,49,77,0,415,8,0.984,1.0,0.9058823529411765,0.9506172839506173,0.9529411764705882
primary_42_SurrogateTransfer_feature_squeezing_Base,42,SurrogateTransfer,feature_squeezing,Base,50,79,0,415,6,0.988,1.0,0.9294117647058824,0.9634146341463414,0.9647058823529412
primary_42_SurrogateTransfer_feature_squeezing_Base,42,SurrogateTransfer,feature_squeezing,Base,51,80,1,414,5,0.988,0.9876543209876543,0.9411764705882353,0.963855421686747,0.9693834160170092
primary_42_SurrogateTransfer_feature_squeezing_Base,42,SurrogateTransfer,feature_squeezing,Base,52,79,0,415,6,0.988,1.0,0.9294117647058824,0.9634146341463414,0.9647058823529412
primary_42_SurrogateTransfer_feature_squeezing_Base,42,SurrogateTransfer,feature_squeezing,Base,53,76,0,415,9,0.982,1.0,0.8941176470588236,0.9440993788819877,0.9470588235294117
primary_42_SurrogateTransfer_feature_squeezing_Base,42,SurrogateTransfer,feature_squeezing,Base,54,82,0,415,3,0.994,1.0,0.9647058823529412,0.9820359281437125,0.9823529411764707
primary_42_SurrogateTransfer_feature_squeezing_Base,42,SurrogateTransfer,feature_squeezing,Base,55,78,0,415,7,0.986,1.0,0.9176470588235294,0.9570552147239264,0.9588235294117646
primary_42_SurrogateTransfer_feature_squeezing_Base,42,SurrogateTransfer,feature_squeezing,Base,56,78,0,415,7,0.986,1.0,0.9176470588235294,0.9570552147239264,0.9588235294117646
primary_42_SurrogateTransfer_feature_squeezing_Base,42,SurrogateTransfer,feature_squeezing,Base,57,81,0,415,4,0.992,1.0,0.9529411764705882,0.9759036144578312,0.9764705882352941
primary_42_SurrogateTransfer_feature_squeezing_Base,42,SurrogateTransfer,feature_squeezing,Base,58,82,0,415,3,0.994,1.0,0.9647058823529412,0.9820359281437125,0.9823529411764707
primary_42_SurrogateTransfer_feature_squeezing_Base,42,SurrogateTransfer,feature_squeezing,Base,59,77,0,415,8,0.984,1.0,0.9058823529411765,0.9506172839506173,0.9529411764705882
primary_42_SurrogateTransfer_feature_squeezing_Base,42,SurrogateTransfer,feature_squeezing,Base,60,79,0,415,6,0.988,1.0,0.9294117647058824,0.9634146341463414,0.9647058823529412
primary_42_SurrogateTransfer_feature_squeezing_Base,42,SurrogateTransfer,feature_squeezing,Base,61,77,0,415,8,0.984,1.0,0.9058823529411765,0.9506172839506173,0.9529411764705882
primary_42_SurrogateTransfer_feature_squeezing_Base,42,SurrogateTransfer,feature_squeezing,Base,62,81,0,415,4,0.992,1.0,0.9529411764705882,0.9759036144578312,0.9764705882352941
primary_42_SurrogateTransfer_feature_squeezing_Base,42,SurrogateTransfer,feature_squeezing,Base,63,76,0,415,9,0.982,1.0,0.8941176470588236,0.9440993788819877,0.9470588235294117
primary_42_SurrogateTransfer_feature_squeezing_Base,42,SurrogateTransfer,feature_squeezing,Base,64,77,0,415,8,0.984,1.0,0.9058823529411765,0.9506172839506173,0.9529411764705882
primary_42_SurrogateTransfer_feature_squeezing_Base,42,SurrogateTransfer,feature_squeezing,Base,65,77,0,415,8,0.984,1.0,0.9058823529411765,0.9506172839506173,0.9529411764705882
primary_42_SurrogateTransfer_feature_squeezing_Base,42,SurrogateTransfer,feature_squeezing,Base,66,79,0,415,6,0.988,1.0,0.9294117647058824,0.9634146341463414,0.9647058823529412
primary_42_SurrogateTransfer_feature_squeezing_Base,42,SurrogateTransfer,feature_squeezing,Base,67,81,0,415,4,0.992,1.0,0.9529411764705882,0.9759036144578312,0.9764705882352941
primary_42_SurrogateTransfer_feature_squeezing_Base,42,SurrogateTransfer,feature_squeezing,Base,68,79,0,415,6,0.988,1.0,0.9294117647058824,0.9634146341463414,0.9647058823529412
primary_42_SurrogateTransfer_feature_squeezing_Base,42,SurrogateTransfer,feature_squeezing,Base,69,76,1,414,9,0.98,0.987012987012987,0.8941176470588236,0.9382716049382716,0.9458540042523034
primary_42_SurrogateTransfer_feature_squeezing_Base,42,SurrogateTransfer,feature_squeezing,Base,70,82,0,415,3,0.994,1.0,0.9647058823529412,0.9820359281437125,0.9823529411764707
primary_42_SurrogateTransfer_feature_squeezing_Base,42,SurrogateTransfer,feature_squeezing,Base,71,77,0,415,8,0.984,1.0,0.9058823529411765,0.9506172839506173,0.9529411764705882
primary_42_SurrogateTransfer_feature_squeezing_Base,42,SurrogateTransfer,feature_squeezing,Base,72,78,0,415,7,0.986,1.0,0.9176470588235294,0.9570552147239264,0.9588235294117646
primary_42_SurrogateTransfer_feature_squeezing_Base,42,SurrogateTransfer,feature_squeezing,Base,73,77,0,415,8,0.984,1.0,0.9058823529411765,0.9506172839506173,0.9529411764705882
primary_42_SurrogateTransfer_feature_squeezing_Base,42,SurrogateTransfer,feature_squeezing,Base,74,82,0,415,3,0.994,1.0,0.9647058823529412,0.9820359281437125,0.9823529411764707
primary_42_SurrogateTransfer_feature_squeezing_Base,42,SurrogateTransfer,feature_squeezing,Base,75,78,0,415,7,0.986,1.0,0.9176470588235294,0.9570552147239264,0.9588235294117646
primary_42_SurrogateTransfer_feature_squeezing_Base,42,SurrogateTransfer,feature_squeezing,Base,76,82,1,414,3,0.992,0.9879518072289156,0.9647058823529412,0.9761904761904762,0.9811481218993622
primary_42_SurrogateTransfer_feature_squeezing_Base,42,SurrogateTransfer,feature_squeezing,Base,77,80,0,415,5,0.99,1.0,0.9411764705882353,0.9696969696969697,0.9705882352941176
primary_42_SurrogateTransfer_feature_squeezing_Base,42,SurrogateTransfer,feature_squeezing,Base,78,79,0,415,6,0.988,1.0,0.9294117647058824,0.9634146341463414,0.9647058823529412
primary_42_SurrogateTransfer_feature_squeezing_Base,42,SurrogateTransfer,feature_squeezing,Base,79,80,0,415,5,0.99,1.0,0.9411764705882353,0.9696969696969697,0.9705882352941176
primary_42_SurrogateTransfer_feature_squeezing_Base,42,SurrogateTransfer,feature_squeezing,Base,80,77,0,415,8,0.984,1.0,0.9058823529411765,0.9506172839506173,0.9529411764705882
primary_42_SurrogateTransfer_feature_squeezing_Base,42,SurrogateTransfer,feature_squeezing,Base,81,75,0,415,10,0.98,1.0,0.8823529411764706,0.9375,0.9411764705882353
primary_42_SurrogateTransfer_feature_squeezing_Base,42,SurrogateTransfer,feature_squeezing,Base,82,79,0,415,6,0.988,1.0,0.9294117647058824,0.9634146341463414,0.9647058823529412
primary_42_SurrogateTransfer_feature_squeezing_Base,42,SurrogateTransfer,feature_squeezing,Base,83,76,0,415,9,0.982,1.0,0.8941176470588236,0.9440993788819877,0.9470588235294117
primary_42_SurrogateTransfer_feature_squeezing_Base,42,SurrogateTransfer,feature_squeezing,Base,84,79,0,415,6,0.988,1.0,0.9294117647058824,0.9634146341463414,0.9647058823529412
primary_42_SurrogateTransfer_feature_squeezing_Base,42,SurrogateTransfer,feature_squeezing,Base,85,81,0,415,4,0.992,1.0,0.9529411764705882,0.9759036144578312,0.9764705882352941
primary_42_SurrogateTransfer_feature_squeezing_Base,42,SurrogateTransfer,feature_squeezing,Base,86,75,1,414,10,0.978,0.9868421052631579,0.8823529411764706,0.9316770186335402,0.9399716513111269
primary_42_SurrogateTransfer_feature_squeezing_Base,42,SurrogateTransfer,feature_squeezing,Base,87,78,0,415,7,0.986,1.0,0.9176470588235294,0.9570552147239264,0.9588235294117646
primary_42_SurrogateTransfer_feature_squeezing_Base,42,SurrogateTransfer,feature_squeezing,Base,88,81,0,415,4,0.992,1.0,0.9529411764705882,0.9759036144578312,0.9764705882352941
primary_42_SurrogateTransfer_feature_squeezing_Base,42,SurrogateTransfer,feature_squeezing,Base,89,79,0,415,6,0.988,1.0,0.9294117647058824,0.9634146341463414,0.9647058823529412
primary_42_SurrogateTransfer_feature_squeezing_Base,42,SurrogateTransfer,feature_squeezing,Base,90,80,1,414,5,0.988,0.9876543209876543,0.9411764705882353,0.963855421686747,0.9693834160170092
primary_42_SurrogateTransfer_feature_squeezing_Base,42,SurrogateTransfer,feature_squeezing,Base,91,80,0,415,5,0.99,1.0,0.9411764705882353,0.9696969696969697,0.9705882352941176
primary_42_SurrogateTransfer_feature_squeezing_Base,42,SurrogateTransfer,feature_squeezing,Base,92,79,0,415,6,0.988,1.0,0.9294117647058824,0.9634146341463414,0.9647058823529412
primary_42_SurrogateTransfer_feature_squeezing_Base,42,SurrogateTransfer,feature_squeezing,Base,93,78,0,415,7,0.986,1.0,0.9176470588235294,0.9570552147239264,0.9588235294117646
primary_42_SurrogateTransfer_feature_squeezing_Base,42,SurrogateTransfer,feature_squeezing,Base,94,81,0,415,4,0.992,1.0,0.9529411764705882,0.9759036144578312,0.9764705882352941
primary_42_SurrogateTransfer_feature_squeezing_Base,42,SurrogateTransfer,feature_squeezing,Base,95,81,0,415,4,0.992,1.0,0.9529411764705882,0.9759036144578312,0.9764705882352941
primary_42_SurrogateTransfer_feature_squeezing_Base,42,SurrogateTransfer,feature_squeezing,Base,96,84,0,415,1,0.998,1.0,0.9882352941176471,0.9940828402366864,0.9941176470588236
primary_42_SurrogateTransfer_feature_squeezing_Base,42,SurrogateTransfer,feature_squeezing,Base,97,74,1,414,11,0.976,0.9866666666666667,0.8705882352941177,0.925,0.9340892983699505
primary_42_SurrogateTransfer_feature_squeezing_Base,42,SurrogateTransfer,feature_squeezing,Base,98,79,0,415,6,0.988,1.0,0.9294117647058824,0.9634146341463414,0.9647058823529412
primary_42_SurrogateTransfer_feature_squeezing_Base,42,SurrogateTransfer,feature_squeezing,Base,99,80,0,415,5,0.99,1.0,0.9411764705882353,0.9696969696969697,0.9705882352941176
primary_42_SurrogateTransfer_feature_squeezing_Base,42,SurrogateTransfer,feature_squeezing,Base,100,81,0,415,4,0.992,1.0,0.9529411764705882,0.9759036144578312,0.9764705882352941
primary_42_SurrogateTransfer_feature_squeezing_Base,42,SurrogateTransfer,feature_squeezing,Base,101,80,0,415,5,0.99,1.0,0.9411764705882353,0.9696969696969697,0.9705882352941176
primary_42_SurrogateTransfer_feature_squeezing_Base,42,SurrogateTransfer,feature_squeezing,Base,102,81,0,415,4,0.992,1.0,0.9529411764705882,0.9759036144578312,0.9764705882352941
primary_42_SurrogateTransfer_feature_squeezing_Base,42,SurrogateTransfer,feature_squeezing,Base,103,81,0,415,4,0.992,1.0,0.9529411764705882,0.9759036144578312,0.9764705882352941
primary_42_SurrogateTransfer_feature_squeezing_Base,42,SurrogateTransfer,feature_squeezing,Base,104,80,0,415,5,0.99,1.0,0.9411764705882353,0.9696969696969697,0.9705882352941176
primary_42_SurrogateTransfer_feature_squeezing_Base,42,SurrogateTransfer,feature_squeezing,Base,105,81,0,415,4,0.992,1.0,0.9529411764705882,0.9759036144578312,0.9764705882352941
primary_42_SurrogateTransfer_feature_squeezing_Base,42,SurrogateTransfer,feature_squeezing,Base,106,78,0,415,7,0.986,1.0,0.9176470588235294,0.9570552147239264,0.9588235294117646
primary_42_SurrogateTransfer_feature_squeezing_Base,42,SurrogateTransfer,feature_squeezing,Base,107,78,0,415,7,0.986,1.0,0.9176470588235294,0.9570552147239264,0.9588235294117646
primary_42_SurrogateTransfer_feature_squeezing_Base,42,SurrogateTransfer,feature_squeezing,Base,108,81,0,415,4,0.992,1.0,0.9529411764705882,0.9759036144578312,0.9764705882352941
primary_42_SurrogateTransfer_feature_squeezing_Base,42,SurrogateTransfer,feature_squeezing,Base,109,77,0,415,8,0.984,1.0,0.9058823529411765,0.9506172839506173,0.9529411764705882
primary_42_SurrogateTransfer_feature_squeezing_Base,42,SurrogateTransfer,feature_squeezing,Base,110,77,1,414,8,0.982,0.9871794871794872,0.9058823529411765,0.9447852760736197,0.9517363571934798
primary_42_SurrogateTransfer_feature_squeezing_Base,42,SurrogateTransfer,feature_squeezing,Base,111,83,0,415,2,0.996,1.0,0.9764705882352941,0.988095238095238,0.9882352941176471
primary_42_SurrogateTransfer_feature_squeezing_Base,42,SurrogateTransfer,feature_squeezing,Base,112,81,1,414,4,0.99,0.9878048780487805,0.9529411764705882,0.9700598802395209,0.9752657689581856
primary_42_SurrogateTransfer_feature_squeezing_Base,42,SurrogateTransfer,feature_squeezing,Base,113,79,0,415,6,0.988,1.0,0.9294117647058824,0.9634146341463414,0.9647058823529412
primary_42_SurrogateTransfer_feature_squeezing_Base,42,SurrogateTransfer,feature_squeezing,Base,114,78,0,415,7,0.986,1.0,0.9176470588235294,0.9570552147239264,0.9588235294117646
primary_42_SurrogateTransfer_feature_squeezing_Base,42,SurrogateTransfer,feature_squeezing,Base,115,77,0,415,8,0.984,1.0,0.9058823529411765,0.9506172839506173,0.9529411764705882
primary_42_SurrogateTransfer_feature_squeezing_Base,42,SurrogateTransfer,feature_squeezing,Base,116,77,0,415,8,0.984,1.0,0.9058823529411765,0.9506172839506173,0.9529411764705882
primary_42_SurrogateTransfer_feature_squeezing_Base,42,SurrogateTransfer,feature_squeezing,Base,117,80,1,414,5,0.988,0.9876543209876543,0.9411764705882353,0.963855421686747,0.9693834160170092
primary_42_SurrogateTransfer_feature_squeezing_Base,42,SurrogateTransfer,feature_squeezing,Base,118,78,0,415,7,0.986,1.0,0.9176470588235294,0.9570552147239264,0.9588235294117646
primary_42_SurrogateTransfer_feature_squeezing_Base,42,SurrogateTransfer,feature_squeezing,Base,119,80,0,415,5,0.99,1.0,0.9411764705882353,0.9696969696969697,0.9705882352941176
primary_42_SurrogateTransfer_feature_squeezing_Base,42,SurrogateTransfer,feature_squeezing,Base,120,81,0,415,4,0.992,1.0,0.9529411764705882,0.9759036144578312,0.9764705882352941
primary_42_SurrogateTransfer_feature_squeezing_Base,42,SurrogateTransfer,feature_squeezing,Base,121,81,0,415,4,0.992,1.0,0.9529411764705882,0.9759036144578312,0.9764705882352941
primary_42_SurrogateTransfer_feature_squeezing_Base,42,SurrogateTransfer,feature_squeezing,Base,122,80,0,415,5,0.99,1.0,0.9411764705882353,0.9696969696969697,0.9705882352941176
primary_42_SurrogateTransfer_feature_squeezing_Base,42,SurrogateTransfer,feature_squeezing,Base,123,75,0,415,10,0.98,1.0,0.8823529411764706,0.9375,0.9411764705882353
primary_42_SurrogateTransfer_feature_squeezing_Base,42,SurrogateTransfer,feature_squeezing,Base,124,78,0,415,7,0.986,1.0,0.9176470588235294,0.9570552147239264,0.9588235294117646
primary_42_SurrogateTransfer_feature_squeezing_Base,42,SurrogateTransfer,feature_squeezing,Base,125,79,0,415,6,0.988,1.0,0.9294117647058824,0.9634146341463414,0.9647058823529412
primary_42_SurrogateTransfer_feature_squeezing_Base,42,SurrogateTransfer,feature_squeezing,Base,126,82,0,415,3,0.994,1.0,0.9647058823529412,0.9820359281437125,0.9823529411764707
primary_42_SurrogateTransfer_feature_squeezing_Base,42,SurrogateTransfer,feature_squeezing,Base,127,75,0,415,10,0.98,1.0,0.8823529411764706,0.9375,0.9411764705882353
primary_42_SurrogateTransfer_feature_squeezing_Base,42,SurrogateTransfer,feature_squeezing,Base,128,82,0,415,3,0.994,1.0,0.9647058823529412,0.9820359281437125,0.9823529411764707
primary_42_SurrogateTransfer_feature_squeezing_Base,42,SurrogateTransfer,feature_squeezing,Base,129,79,0,415,6,0.988,1.0,0.9294117647058824,0.9634146341463414,0.9647058823529412
primary_42_SurrogateTransfer_feature_squeezing_Base,42,SurrogateTransfer,feature_squeezing,Base,130,83,0,415,2,0.996,1.0,0.9764705882352941,0.988095238095238,0.9882352941176471
primary_42_SurrogateTransfer_feature_squeezing_Base,42,SurrogateTransfer,feature_squeezing,Base,131,78,0,415,7,0.986,1.0,0.9176470588235294,0.9570552147239264,0.9588235294117646
primary_42_SurrogateTransfer_feature_squeezing_Base,42,SurrogateTransfer,feature_squeezing,Base,132,78,0,415,7,0.986,1.0,0.9176470588235294,0.9570552147239264,0.9588235294117646
primary_42_SurrogateTransfer_feature_squeezing_Base,42,SurrogateTransfer,feature_squeezing,Base,133,81,0,415,4,0.992,1.0,0.9529411764705882,0.9759036144578312,0.9764705882352941
primary_42_SurrogateTransfer_feature_squeezing_Base,42,SurrogateTransfer,feature_squeezing,Base,134,77,0,415,8,0.984,1.0,0.9058823529411765,0.9506172839506173,0.9529411764705882
primary_42_SurrogateTransfer_feature_squeezing_Base,42,SurrogateTransfer,feature_squeezing,Base,135,83,0,415,2,0.996,1.0,0.9764705882352941,0.988095238095238,0.9882352941176471
primary_42_SurrogateTransfer_feature_squeezing_Base,42,SurrogateTransfer,feature_squeezing,Base,136,80,0,415,5,0.99,1.0,0.9411764705882353,0.9696969696969697,0.9705882352941176
primary_42_SurrogateTransfer_feature_squeezing_Base,42,SurrogateTransfer,feature_squeezing,Base,137,78,0,415,7,0.986,1.0,0.9176470588235294,0.9570552147239264,0.9588235294117646
primary_42_SurrogateTransfer_feature_squeezing_Base,42,SurrogateTransfer,feature_squeezing,Base,138,81,0,415,4,0.992,1.0,0.9529411764705882,0.9759036144578312,0.9764705882352941
primary_42_SurrogateTransfer_feature_squeezing_Base,42,SurrogateTransfer,feature_squeezing,Base,139,78,0,415,7,0.986,1.0,0.9176470588235294,0.9570552147239264,0.9588235294117646
primary_42_SurrogateTransfer_feature_squeezing_Base,42,SurrogateTransfer,feature_squeezing,Base,140,77,0,415,8,0.984,1.0,0.9058823529411765,0.9506172839506173,0.9529411764705882
primary_42_SurrogateTransfer_feature_squeezing_Base,42,SurrogateTransfer,feature_squeezing,Base,141,77,0,415,8,0.984,1.0,0.9058823529411765,0.9506172839506173,0.9529411764705882
primary_42_SurrogateTransfer_feature_squeezing_Base,42,SurrogateTransfer,feature_squeezing,Base,142,84,0,415,1,0.998,1.0,0.9882352941176471,0.9940828402366864,0.9941176470588236
primary_42_SurrogateTransfer_feature_squeezing_Base,42,SurrogateTransfer,feature_squeezing,Base,143,80,0,415,5,0.99,1.0,0.9411764705882353,0.9696969696969697,0.9705882352941176
primary_42_SurrogateTransfer_feature_squeezing_C1,42,SurrogateTransfer,feature_squeezing,C1,0,80,0,414,6,0.988,1.0,0.9302325581395349,0.963855421686747,0.9651162790697674
primary_42_SurrogateTransfer_feature_squeezing_C1,42,SurrogateTransfer,feature_squeezing,C1,1,79,0,414,7,0.986,1.0,0.9186046511627907,0.9575757575757576,0.9593023255813953
primary_42_SurrogateTransfer_feature_squeezing_C1,42,SurrogateTransfer,feature_squeezing,C1,2,83,1,413,3,0.992,0.9880952380952381,0.9651162790697675,0.9764705882352942,0.9813504100662847
primary_42_SurrogateTransfer_feature_squeezing_C1,42,SurrogateTransfer,feature_squeezing,C1,3,84,0,414,2,0.996,1.0,0.9767441860465116,0.988235294117647,0.9883720930232558
primary_42_SurrogateTransfer_feature_squeezing_C1,42,SurrogateTransfer,feature_squeezing,C1,4,84,1,413,2,0.994,0.9882352941176471,0.9767441860465116,0.9824561403508771,0.9871643635546568
primary_42_SurrogateTransfer_feature_squeezing_C1,42,SurrogateTransfer,feature_squeezing,C1,5,83,0,414,3,0.994,1.0,0.9651162790697675,0.9822485207100593,0.9825581395348837
primary_42_SurrogateTransfer_feature_squeezing_C1,42,SurrogateTransfer,feature_squeezing,C1,6,82,0,414,4,0.992,1.0,0.9534883720930233,0.9761904761904763,0.9767441860465116
primary_42_SurrogateTransfer_feature_squeezing_C1,42,SurrogateTransfer,feature_squeezing,C1,7,81,1,413,5,0.988,0.9878048780487805,0.9418604651162791,0.9642857142857143,0.9697225030895404
primary_42_SurrogateTransfer_feature_squeezing_C1,42,SurrogateTransfer,feature_squeezing,C1,8,81,1,413,5,0.988,0.9878048780487805,0.9418604651162791,0.9642857142857143,0.9697225030895404
primary_42_SurrogateTransfer_feature_squeezing_C1,42,SurrogateTransfer,feature_squeezing,C1,9,84,0,414,2,0.996,1.0,0.9767441860465116,0.988235294117647,0.9883720930232558
primary_42_SurrogateTransfer_feature_squeezing_C1,42,SurrogateTransfer,feature_squeezing,C1,10,81,1,413,5,0.988,0.9878048780487805,0.9418604651162791,0.9642857142857143,0.9697225030895404
primary_42_SurrogateTransfer_feature_squeezing_C1,42,SurrogateTransfer,feature_squeezing,C1,11,80,0,414,6,0.988,1.0,0.9302325581395349,0.963855421686747,0.9651162790697674
primary_42_SurrogateTransfer_feature_squeezing_C1,42,SurrogateTransfer,feature_squeezing,C1,12,83,0,414,3,0.994,1.0,0.9651162790697675,0.9822485207100593,0.9825581395348837
primary_42_SurrogateTransfer_feature_squeezing_C1,42,SurrogateTransfer,feature_squeezing,C1,13,84,0,414,2,0.996,1.0,0.9767441860465116,0.988235294117647,0.9883720930232558
primary_42_SurrogateTransfer_feature_squeezing_C1,42,SurrogateTransfer,feature_squeezing,C1,14,84,1,413,2,0.994,0.9882352941176471,0.9767441860465116,0.9824561403508771,0.9871643635546568
primary_42_SurrogateTransfer_feature_squeezing_C1,42,SurrogateTransfer,feature_squeezing,C1,15,83,0,414,3,0.994,1.0,0.9651162790697675,0.9822485207100593,0.9825581395348837
primary_42_SurrogateTransfer_feature_squeezing_C1,42,SurrogateTransfer,feature_squeezing,C1,16,78,0,414,8,0.984,1.0,0.9069767441860465,0.951219512195122,0.9534883720930232
primary_42_SurrogateTransfer_feature_squeezing_C1,42,SurrogateTransfer,feature_squeezing,C1,17,84,0,415,1,0.998,1.0,0.9882352941176471,0.9940828402366864,0.9941176470588236
primary_42_SurrogateTransfer_feature_squeezing_C1,42,SurrogateTransfer,feature_squeezing,C1,18,80,0,415,5,0.99,1.0,0.9411764705882353,0.9696969696969697,0.9705882352941176
primary_42_SurrogateTransfer_feature_squeezing_C1,42,SurrogateTransfer,feature_squeezing,C1,19,83,0,415,2,0.996,1.0,0.9764705882352941,0.988095238095238,0.9882352941176471
primary_42_SurrogateTransfer_feature_squeezing_C1,42,SurrogateTransfer,feature_squeezing,C1,20,74,0,415,11,0.978,1.0,0.8705882352941177,0.9308176100628931,0.9352941176470588
primary_42_SurrogateTransfer_feature_squeezing_C1,42,SurrogateTransfer,feature_squeezing,C1,21,76,1,414,9,0.98,0.987012987012987,0.8941176470588236,0.9382716049382716,0.9458540042523034
primary_42_SurrogateTransfer_feature_squeezing_C1,42,SurrogateTransfer,feature_squeezing,C1,22,78,0,415,7,0.986,1.0,0.9176470588235294,0.9570552147239264,0.9588235294117646
primary_42_SurrogateTransfer_feature_squeezing_C1,42,SurrogateTransfer,feature_squeezing,C1,23,81,0,415,4,0.992,1.0,0.9529411764705882,0.9759036144578312,0.9764705882352941
primary_42_SurrogateTransfer_feature_squeezing_C1,42,SurrogateTransfer,feature_squeezing,C1,24,80,1,414,5,0.988,0.9876543209876543,0.9411764705882353,0.963855421686747,0.9693834160170092
primary_42_SurrogateTransfer_feature_squeezing_C1,42,SurrogateTransfer,feature_squeezing,C1,25,77,0,415,8,0.984,1.0,0.9058823529411765,0.9506172839506173,0.9529411764705882
primary_42_SurrogateTransfer_feature_squeezing_C1,42,SurrogateTransfer,feature_squeezing,C1,26,77,0,415,8,0.984,1.0,0.9058823529411765,0.9506172839506173,0.9529411764705882
primary_42_SurrogateTransfer_feature_squeezing_C1,42,SurrogateTransfer,feature_squeezing,C1,27,77,0,415,8,0.984,1.0,0.9058823529411765,0.9506172839506173,0.9529411764705882
primary_42_SurrogateTransfer_feature_squeezing_C1,42,SurrogateTransfer,feature_squeezing,C1,28,79,0,415,6,0.988,1.0,0.9294117647058824,0.9634146341463414,0.9647058823529412
primary_42_SurrogateTransfer_feature_squeezing_C1,42,SurrogateTransfer,feature_squeezing,C1,29,80,0,415,5,0.99,1.0,0.9411764705882353,0.9696969696969697,0.9705882352941176
primary_42_SurrogateTransfer_feature_squeezing_C1,42,SurrogateTransfer,feature_squeezing,C1,30,79,0,415,6,0.988,1.0,0.9294117647058824,0.9634146341463414,0.9647058823529412
primary_42_SurrogateTransfer_feature_squeezing_C1,42,SurrogateTransfer,feature_squeezing,C1,31,78,1,414,7,0.984,0.9873417721518988,0.9176470588235294,0.9512195121951219,0.9576187101346563
primary_42_SurrogateTransfer_feature_squeezing_C1,42,SurrogateTransfer,feature_squeezing,C1,32,80,0,415,5,0.99,1.0,0.9411764705882353,0.9696969696969697,0.9705882352941176
primary_42_SurrogateTransfer_feature_squeezing_C1,42,SurrogateTransfer,feature_squeezing,C1,33,81,0,415,4,0.992,1.0,0.9529411764705882,0.9759036144578312,0.9764705882352941
primary_42_SurrogateTransfer_feature_squeezing_C1,42,SurrogateTransfer,feature_squeezing,C1,34,79,1,414,6,0.986,0.9875,0.9294117647058824,0.9575757575757576,0.9635010630758327
primary_42_SurrogateTransfer_feature_squeezing_C1,42,SurrogateTransfer,feature_squeezing,C1,35,75,0,415,10,0.98,1.0,0.8823529411764706,0.9375,0.9411764705882353
primary_42_SurrogateTransfer_feature_squeezing_C1,42,SurrogateTransfer,feature_squeezing,C1,36,80,0,415,5,0.99,1.0,0.9411764705882353,0.9696969696969697,0.9705882352941176
primary_42_SurrogateTransfer_feature_squeezing_C1,42,SurrogateTransfer,feature_squeezing,C1,37,81,1,414,4,0.99,0.9878048780487805,0.9529411764705882,0.9700598802395209,0.9752657689581856
primary_42_SurrogateTransfer_feature_squeezing_C1,42,SurrogateTransfer,feature_squeezing,C1,38,81,0,415,4,0.992,1.0,0.9529411764705882,0.9759036144578312,0.9764705882352941
primary_42_SurrogateTransfer_feature_squeezing_C1,42,SurrogateTransfer,feature_squeezing,C1,39,81,0,415,4,0.992,1.0,0.9529411764705882,0.9759036144578312,0.9764705882352941
primary_42_SurrogateTransfer_feature_squeezing_C1,42,SurrogateTransfer,feature_squeezing,C1,40,82,0,415,3,0.994,1.0,0.9647058823529412,0.9820359281437125,0.9823529411764707
primary_42_SurrogateTransfer_feature_squeezing_C1,42,SurrogateTransfer,feature_squeezing,C1,41,82,0,415,3,0.994,1.0,0.9647058823529412,0.9820359281437125,0.9823529411764707
primary_42_SurrogateTransfer_feature_squeezing_C1,42,SurrogateTransfer,feature_squeezing,C1,42,81,0,415,4,0.992,1.0,0.9529411764705882,0.9759036144578312,0.9764705882352941
primary_42_SurrogateTransfer_feature_squeezing_C1,42,SurrogateTransfer,feature_squeezing,C1,43,78,1,414,7,0.984,0.9873417721518988,0.9176470588235294,0.9512195121951219,0.9576187101346563
primary_42_SurrogateTransfer_feature_squeezing_C1,42,SurrogateTransfer,feature_squeezing,C1,44,79,0,415,6,0.988,1.0,0.9294117647058824,0.9634146341463414,0.9647058823529412
primary_42_SurrogateTransfer_feature_squeezing_C1,42,SurrogateTransfer,feature_squeezing,C1,45,81,0,415,4,0.992,1.0,0.9529411764705882,0.9759036144578312,0.9764705882352941
primary_42_SurrogateTransfer_feature_squeezing_C1,42,SurrogateTransfer,feature_squeezing,C1,46,81,1,414,4,0.99,0.9878048780487805,0.9529411764705882,0.9700598802395209,0.9752657689581856
primary_42_SurrogateTransfer_feature_squeezing_C1,42,SurrogateTransfer,feature_squeezing,C1,47,76,0,415,9,0.982,1.0,0.8941176470588236,0.9440993788819877,0.9470588235294117
primary_42_SurrogateTransfer_feature_squeezing_C1,42,SurrogateTransfer,feature_squeezing,C1,48,81,0,415,4,0.992,1.0,0.9529411764705882,0.9759036144578312,0.9764705882352941
primary_42_SurrogateTransfer_feature_squeezing_C1,42,SurrogateTransfer,feature_squeezing,C1,49,77,0,415,8,0.984,1.0,0.9058823529411765,0.9506172839506173,0.9529411764705882
primary_42_SurrogateTransfer_feature_squeezing_C1,42,SurrogateTransfer,feature_squeezing,C1,50,81,0,415,4,0.992,1.0,0.9529411764705882,0.9759036144578312,0.9764705882352941
primary_42_SurrogateTransfer_feature_squeezing_C1,42,SurrogateTransfer,feature_squeezing,C1,51,80,1,414,5,0.988,0.9876543209876543,0.9411764705882353,0.963855421686747,0.9693834160170092
primary_42_SurrogateTransfer_feature_squeezing_C1,42,SurrogateTransfer,feature_squeezing,C1,52,80,1,414,5,0.988,0.9876543209876543,0.9411764705882353,0.963855421686747,0.9693834160170092
primary_42_SurrogateTransfer_feature_squeezing_C1,42,SurrogateTransfer,feature_squeezing,C1,53,77,1,414,8,0.982,0.9871794871794872,0.9058823529411765,0.9447852760736197,0.9517363571934798
primary_42_SurrogateTransfer_feature_squeezing_C1,42,SurrogateTransfer,feature_squeezing,C1,54,82,0,415,3,0.994,1.0,0.9647058823529412,0.9820359281437125,0.9823529411764707
primary_42_SurrogateTransfer_feature_squeezing_C1,42,SurrogateTransfer,feature_squeezing,C1,55,78,0,415,7,0.986,1.0,0.9176470588235294,0.9570552147239264,0.9588235294117646
primary_42_SurrogateTransfer_feature_squeezing_C1,42,SurrogateTransfer,feature_squeezing,C1,56,78,0,415,7,0.986,1.0,0.9176470588235294,0.9570552147239264,0.9588235294117646
primary_42_SurrogateTransfer_feature_squeezing_C1,42,SurrogateTransfer,feature_squeezing,C1,57,81,0,415,4,0.992,1.0,0.9529411764705882,0.9759036144578312,0.9764705882352941
primary_42_SurrogateTransfer_feature_squeezing_C1,42,SurrogateTransfer,feature_squeezing,C1,58,82,1,414,3,0.992,0.9879518072289156,0.9647058823529412,0.9761904761904762,0.9811481218993622
primary_42_SurrogateTransfer_feature_squeezing_C1,42,SurrogateTransfer,feature_squeezing,C1,59,78,0,415,7,0.986,1.0,0.9176470588235294,0.9570552147239264,0.9588235294117646
primary_42_SurrogateTransfer_feature_squeezing_C1,42,SurrogateTransfer,feature_squeezing,C1,60,81,0,415,4,0.992,1.0,0.9529411764705882,0.9759036144578312,0.9764705882352941
primary_42_SurrogateTransfer_feature_squeezing_C1,42,SurrogateTransfer,feature_squeezing,C1,61,78,0,415,7,0.986,1.0,0.9176470588235294,0.9570552147239264,0.9588235294117646
primary_42_SurrogateTransfer_feature_squeezing_C1,42,SurrogateTransfer,feature_squeezing,C1,62,81,0,415,4,0.992,1.0,0.9529411764705882,0.9759036144578312,0.9764705882352941
primary_42_SurrogateTransfer_feature_squeezing_C1,42,SurrogateTransfer,feature_squeezing,C1,63,77,0,415,8,0.984,1.0,0.9058823529411765,0.9506172839506173,0.9529411764705882
primary_42_SurrogateTransfer_feature_squeezing_C1,42,SurrogateTransfer,feature_squeezing,C1,64,77,0,415,8,0.984,1.0,0.9058823529411765,0.9506172839506173,0.9529411764705882
primary_42_SurrogateTransfer_feature_squeezing_C1,42,SurrogateTransfer,feature_squeezing,C1,65,78,0,415,7,0.986,1.0,0.9176470588235294,0.9570552147239264,0.9588235294117646
primary_42_SurrogateTransfer_feature_squeezing_C1,42,SurrogateTransfer,feature_squeezing,C1,66,80,0,415,5,0.99,1.0,0.9411764705882353,0.9696969696969697,0.9705882352941176
primary_42_SurrogateTransfer_feature_squeezing_C1,42,SurrogateTransfer,feature_squeezing,C1,67,81,0,415,4,0.992,1.0,0.9529411764705882,0.9759036144578312,0.9764705882352941
primary_42_SurrogateTransfer_feature_squeezing_C1,42,SurrogateTransfer,feature_squeezing,C1,68,79,0,415,6,0.988,1.0,0.9294117647058824,0.9634146341463414,0.9647058823529412
primary_42_SurrogateTransfer_feature_squeezing_C1,42,SurrogateTransfer,feature_squeezing,C1,69,80,1,414,5,0.988,0.9876543209876543,0.9411764705882353,0.963855421686747,0.9693834160170092
primary_42_SurrogateTransfer_feature_squeezing_C1,42,SurrogateTransfer,feature_squeezing,C1,70,82,0,415,3,0.994,1.0,0.9647058823529412,0.9820359281437125,0.9823529411764707
primary_42_SurrogateTransfer_feature_squeezing_C1,42,SurrogateTransfer,feature_squeezing,C1,71,77,0,415,8,0.984,1.0,0.9058823529411765,0.9506172839506173,0.9529411764705882
primary_42_SurrogateTransfer_feature_squeezing_C1,42,SurrogateTransfer,feature_squeezing,C1,72,78,0,415,7,0.986,1.0,0.9176470588235294,0.9570552147239264,0.9588235294117646
primary_42_SurrogateTransfer_feature_squeezing_C1,42,SurrogateTransfer,feature_squeezing,C1,73,77,0,415,8,0.984,1.0,0.9058823529411765,0.9506172839506173,0.9529411764705882
primary_42_SurrogateTransfer_feature_squeezing_C1,42,SurrogateTransfer,feature_squeezing,C1,74,82,0,415,3,0.994,1.0,0.9647058823529412,0.9820359281437125,0.9823529411764707
primary_42_SurrogateTransfer_feature_squeezing_C1,42,SurrogateTransfer,feature_squeezing,C1,75,78,0,415,7,0.986,1.0,0.9176470588235294,0.9570552147239264,0.9588235294117646
primary_42_SurrogateTransfer_feature_squeezing_C1,42,SurrogateTransfer,feature_squeezing,C1,76,82,0,415,3,0.994,1.0,0.9647058823529412,0.9820359281437125,0.9823529411764707
primary_42_SurrogateTransfer_feature_squeezing_C1,42,SurrogateTransfer,feature_squeezing,C1,77,80,0,415,5,0.99,1.0,0.9411764705882353,0.9696969696969697,0.9705882352941176
primary_42_SurrogateTransfer_feature_squeezing_C1,42,SurrogateTransfer,feature_squeezing,C1,78,83,0,415,2,0.996,1.0,0.9764705882352941,0.988095238095238,0.9882352941176471
primary_42_SurrogateTransfer_feature_squeezing_C1,42,SurrogateTransfer,feature_squeezing,C1,79,81,0,415,4,0.992,1.0,0.9529411764705882,0.9759036144578312,0.9764705882352941
primary_42_SurrogateTransfer_feature_squeezing_C1,42,SurrogateTransfer,feature_squeezing,C1,80,78,0,415,7,0.986,1.0,0.9176470588235294,0.9570552147239264,0.9588235294117646
primary_42_SurrogateTransfer_feature_squeezing_C1,42,SurrogateTransfer,feature_squeezing,C1,81,76,0,415,9,0.982,1.0,0.8941176470588236,0.9440993788819877,0.9470588235294117
primary_42_SurrogateTransfer_feature_squeezing_C1,42,SurrogateTransfer,feature_squeezing,C1,82,79,0,415,6,0.988,1.0,0.9294117647058824,0.9634146341463414,0.9647058823529412
primary_42_SurrogateTransfer_feature_squeezing_C1,42,SurrogateTransfer,feature_squeezing,C1,83,78,0,415,7,0.986,1.0,0.9176470588235294,0.9570552147239264,0.9588235294117646
primary_42_SurrogateTransfer_feature_squeezing_C1,42,SurrogateTransfer,feature_squeezing,C1,84,79,0,415,6,0.988,1.0,0.9294117647058824,0.9634146341463414,0.9647058823529412
primary_42_SurrogateTransfer_feature_squeezing_C1,42,SurrogateTransfer,feature_squeezing,C1,85,82,1,414,3,0.992,0.9879518072289156,0.9647058823529412,0.9761904761904762,0.9811481218993622
primary_42_SurrogateTransfer_feature_squeezing_C1,42,SurrogateTransfer,feature_squeezing,C1,86,76,1,414,9,0.98,0.987012987012987,0.8941176470588236,0.9382716049382716,0.9458540042523034
primary_42_SurrogateTransfer_feature_squeezing_C1,42,SurrogateTransfer,feature_squeezing,C1,87,78,0,415,7,0.986,1.0,0.9176470588235294,0.9570552147239264,0.9588235294117646
primary_42_SurrogateTransfer_feature_squeezing_C1,42,SurrogateTransfer,feature_squeezing,C1,88,81,0,415,4,0.992,1.0,0.9529411764705882,0.9759036144578312,0.9764705882352941
primary_42_SurrogateTransfer_feature_squeezing_C1,42,SurrogateTransfer,feature_squeezing,C1,89,79,1,414,6,0.986,0.9875,0.9294117647058824,0.9575757575757576,0.9635010630758327
primary_42_SurrogateTransfer_feature_squeezing_C1,42,SurrogateTransfer,feature_squeezing,C1,90,81,1,414,4,0.99,0.9878048780487805,0.9529411764705882,0.9700598802395209,0.9752657689581856
primary_42_SurrogateTransfer_feature_squeezing_C1,42,SurrogateTransfer,feature_squeezing,C1,91,80,1,414,5,0.988,0.9876543209876543,0.9411764705882353,0.963855421686747,0.9693834160170092
primary_42_SurrogateTransfer_feature_squeezing_C1,42,SurrogateTransfer,feature_squeezing,C1,92,80,0,415,5,0.99,1.0,0.9411764705882353,0.9696969696969697,0.9705882352941176
primary_42_SurrogateTransfer_feature_squeezing_C1,42,SurrogateTransfer,feature_squeezing,C1,93,79,0,415,6,0.988,1.0,0.9294117647058824,0.9634146341463414,0.9647058823529412
primary_42_SurrogateTransfer_feature_squeezing_C1,42,SurrogateTransfer,feature_squeezing,C1,94,81,0,415,4,0.992,1.0,0.9529411764705882,0.9759036144578312,0.9764705882352941
primary_42_SurrogateTransfer_feature_squeezing_C1,42,SurrogateTransfer,feature_squeezing,C1,95,81,0,415,4,0.992,1.0,0.9529411764705882,0.9759036144578312,0.9764705882352941
primary_42_SurrogateTransfer_feature_squeezing_C1,42,SurrogateTransfer,feature_squeezing,C1,96,84,0,415,1,0.998,1.0,0.9882352941176471,0.9940828402366864,0.9941176470588236
primary_42_SurrogateTransfer_feature_squeezing_C1,42,SurrogateTransfer,feature_squeezing,C1,97,75,1,414,10,0.978,0.9868421052631579,0.8823529411764706,0.9316770186335402,0.9399716513111269
primary_42_SurrogateTransfer_feature_squeezing_C1,42,SurrogateTransfer,feature_squeezing,C1,98,80,0,415,5,0.99,1.0,0.9411764705882353,0.9696969696969697,0.9705882352941176
primary_42_SurrogateTransfer_feature_squeezing_C1,42,SurrogateTransfer,feature_squeezing,C1,99,81,0,415,4,0.992,1.0,0.9529411764705882,0.9759036144578312,0.9764705882352941
primary_42_SurrogateTransfer_feature_squeezing_C1,42,SurrogateTransfer,feature_squeezing,C1,100,81,0,415,4,0.992,1.0,0.9529411764705882,0.9759036144578312,0.9764705882352941
primary_42_SurrogateTransfer_feature_squeezing_C1,42,SurrogateTransfer,feature_squeezing,C1,101,81,0,415,4,0.992,1.0,0.9529411764705882,0.9759036144578312,0.9764705882352941
primary_42_SurrogateTransfer_feature_squeezing_C1,42,SurrogateTransfer,feature_squeezing,C1,102,82,0,415,3,0.994,1.0,0.9647058823529412,0.9820359281437125,0.9823529411764707
primary_42_SurrogateTransfer_feature_squeezing_C1,42,SurrogateTransfer,feature_squeezing,C1,103,81,0,415,4,0.992,1.0,0.9529411764705882,0.9759036144578312,0.9764705882352941
primary_42_SurrogateTransfer_feature_squeezing_C1,42,SurrogateTransfer,feature_squeezing,C1,104,81,0,415,4,0.992,1.0,0.9529411764705882,0.9759036144578312,0.9764705882352941
primary_42_SurrogateTransfer_feature_squeezing_C1,42,SurrogateTransfer,feature_squeezing,C1,105,82,0,415,3,0.994,1.0,0.9647058823529412,0.9820359281437125,0.9823529411764707
primary_42_SurrogateTransfer_feature_squeezing_C1,42,SurrogateTransfer,feature_squeezing,C1,106,79,0,415,6,0.988,1.0,0.9294117647058824,0.9634146341463414,0.9647058823529412
primary_42_SurrogateTransfer_feature_squeezing_C1,42,SurrogateTransfer,feature_squeezing,C1,107,79,0,415,6,0.988,1.0,0.9294117647058824,0.9634146341463414,0.9647058823529412
primary_42_SurrogateTransfer_feature_squeezing_C1,42,SurrogateTransfer,feature_squeezing,C1,108,81,0,415,4,0.992,1.0,0.9529411764705882,0.9759036144578312,0.9764705882352941
primary_42_SurrogateTransfer_feature_squeezing_C1,42,SurrogateTransfer,feature_squeezing,C1,109,78,0,415,7,0.986,1.0,0.9176470588235294,0.9570552147239264,0.9588235294117646
primary_42_SurrogateTransfer_feature_squeezing_C1,42,SurrogateTransfer,feature_squeezing,C1,110,78,1,414,7,0.984,0.9873417721518988,0.9176470588235294,0.9512195121951219,0.9576187101346563
primary_42_SurrogateTransfer_feature_squeezing_C1,42,SurrogateTransfer,feature_squeezing,C1,111,84,0,415,1,0.998,1.0,0.9882352941176471,0.9940828402366864,0.9941176470588236
primary_42_SurrogateTransfer_feature_squeezing_C1,42,SurrogateTransfer,feature_squeezing,C1,112,81,1,414,4,0.99,0.9878048780487805,0.9529411764705882,0.9700598802395209,0.9752657689581856
primary_42_SurrogateTransfer_feature_squeezing_C1,42,SurrogateTransfer,feature_squeezing,C1,113,79,1,414,6,0.986,0.9875,0.9294117647058824,0.9575757575757576,0.9635010630758327
primary_42_SurrogateTransfer_feature_squeezing_C1,42,SurrogateTransfer,feature_squeezing,C1,114,79,0,415,6,0.988,1.0,0.9294117647058824,0.9634146341463414,0.9647058823529412
primary_42_SurrogateTransfer_feature_squeezing_C1,42,SurrogateTransfer,feature_squeezing,C1,115,77,0,415,8,0.984,1.0,0.9058823529411765,0.9506172839506173,0.9529411764705882
primary_42_SurrogateTransfer_feature_squeezing_C1,42,SurrogateTransfer,feature_squeezing,C1,116,78,0,415,7,0.986,1.0,0.9176470588235294,0.9570552147239264,0.9588235294117646
primary_42_SurrogateTransfer_feature_squeezing_C1,42,SurrogateTransfer,feature_squeezing,C1,117,80,0,415,5,0.99,1.0,0.9411764705882353,0.9696969696969697,0.9705882352941176
primary_42_SurrogateTransfer_feature_squeezing_C1,42,SurrogateTransfer,feature_squeezing,C1,118,78,1,414,7,0.984,0.9873417721518988,0.9176470588235294,0.9512195121951219,0.9576187101346563
primary_42_SurrogateTransfer_feature_squeezing_C1,42,SurrogateTransfer,feature_squeezing,C1,119,80,0,415,5,0.99,1.0,0.9411764705882353,0.9696969696969697,0.9705882352941176
primary_42_SurrogateTransfer_feature_squeezing_C1,42,SurrogateTransfer,feature_squeezing,C1,120,81,0,415,4,0.992,1.0,0.9529411764705882,0.9759036144578312,0.9764705882352941
primary_42_SurrogateTransfer_feature_squeezing_C1,42,SurrogateTransfer,feature_squeezing,C1,121,81,0,415,4,0.992,1.0,0.9529411764705882,0.9759036144578312,0.9764705882352941
primary_42_SurrogateTransfer_feature_squeezing_C1,42,SurrogateTransfer,feature_squeezing,C1,122,80,0,415,5,0.99,1.0,0.9411764705882353,0.9696969696969697,0.9705882352941176
primary_42_SurrogateTransfer_feature_squeezing_C1,42,SurrogateTransfer,feature_squeezing,C1,123,76,0,415,9,0.982,1.0,0.8941176470588236,0.9440993788819877,0.9470588235294117
primary_42_SurrogateTransfer_feature_squeezing_C1,42,SurrogateTransfer,feature_squeezing,C1,124,80,0,415,5,0.99,1.0,0.9411764705882353,0.9696969696969697,0.9705882352941176
primary_42_SurrogateTransfer_feature_squeezing_C1,42,SurrogateTransfer,feature_squeezing,C1,125,80,1,414,5,0.988,0.9876543209876543,0.9411764705882353,0.963855421686747,0.9693834160170092
primary_42_SurrogateTransfer_feature_squeezing_C1,42,SurrogateTransfer,feature_squeezing,C1,126,83,0,415,2,0.996,1.0,0.9764705882352941,0.988095238095238,0.9882352941176471
primary_42_SurrogateTransfer_feature_squeezing_C1,42,SurrogateTransfer,feature_squeezing,C1,127,77,0,415,8,0.984,1.0,0.9058823529411765,0.9506172839506173,0.9529411764705882
primary_42_SurrogateTransfer_feature_squeezing_C1,42,SurrogateTransfer,feature_squeezing,C1,128,83,0,415,2,0.996,1.0,0.9764705882352941,0.988095238095238,0.9882352941176471
primary_42_SurrogateTransfer_feature_squeezing_C1,42,SurrogateTransfer,feature_squeezing,C1,129,79,0,415,6,0.988,1.0,0.9294117647058824,0.9634146341463414,0.9647058823529412
primary_42_SurrogateTransfer_feature_squeezing_C1,42,SurrogateTransfer,feature_squeezing,C1,130,83,0,415,2,0.996,1.0,0.9764705882352941,0.988095238095238,0.9882352941176471
primary_42_SurrogateTransfer_feature_squeezing_C1,42,SurrogateTransfer,feature_squeezing,C1,131,80,0,415,5,0.99,1.0,0.9411764705882353,0.9696969696969697,0.9705882352941176
primary_42_SurrogateTransfer_feature_squeezing_C1,42,SurrogateTransfer,feature_squeezing,C1,132,78,0,415,7,0.986,1.0,0.9176470588235294,0.9570552147239264,0.9588235294117646
primary_42_SurrogateTransfer_feature_squeezing_C1,42,SurrogateTransfer,feature_squeezing,C1,133,81,0,415,4,0.992,1.0,0.9529411764705882,0.9759036144578312,0.9764705882352941
primary_42_SurrogateTransfer_feature_squeezing_C1,42,SurrogateTransfer,feature_squeezing,C1,134,78,0,415,7,0.986,1.0,0.9176470588235294,0.9570552147239264,0.9588235294117646
primary_42_SurrogateTransfer_feature_squeezing_C1,42,SurrogateTransfer,feature_squeezing,C1,135,83,0,415,2,0.996,1.0,0.9764705882352941,0.988095238095238,0.9882352941176471
primary_42_SurrogateTransfer_feature_squeezing_C1,42,SurrogateTransfer,feature_squeezing,C1,136,82,0,415,3,0.994,1.0,0.9647058823529412,0.9820359281437125,0.9823529411764707
primary_42_SurrogateTransfer_feature_squeezing_C1,42,SurrogateTransfer,feature_squeezing,C1,137,79,1,414,6,0.986,0.9875,0.9294117647058824,0.9575757575757576,0.9635010630758327
primary_42_SurrogateTransfer_feature_squeezing_C1,42,SurrogateTransfer,feature_squeezing,C1,138,82,0,415,3,0.994,1.0,0.9647058823529412,0.9820359281437125,0.9823529411764707
primary_42_SurrogateTransfer_feature_squeezing_C1,42,SurrogateTransfer,feature_squeezing,C1,139,78,0,415,7,0.986,1.0,0.9176470588235294,0.9570552147239264,0.9588235294117646
primary_42_SurrogateTransfer_feature_squeezing_C1,42,SurrogateTransfer,feature_squeezing,C1,140,78,0,415,7,0.986,1.0,0.9176470588235294,0.9570552147239264,0.9588235294117646
primary_42_SurrogateTransfer_feature_squeezing_C1,42,SurrogateTransfer,feature_squeezing,C1,141,77,0,415,8,0.984,1.0,0.9058823529411765,0.9506172839506173,0.9529411764705882
primary_42_SurrogateTransfer_feature_squeezing_C1,42,SurrogateTransfer,feature_squeezing,C1,142,84,0,415,1,0.998,1.0,0.9882352941176471,0.9940828402366864,0.9941176470588236
primary_42_SurrogateTransfer_feature_squeezing_C1,42,SurrogateTransfer,feature_squeezing,C1,143,81,0,415,4,0.992,1.0,0.9529411764705882,0.9759036144578312,0.9764705882352941
primary_42_SurrogateTransfer_randomized_smoothing_Base,42,SurrogateTransfer,randomized_smoothing,Base,0,72,0,414,14,0.972,1.0,0.8372093023255814,0.9113924050632911,0.9186046511627908
primary_42_SurrogateTransfer_randomized_smoothing_Base,42,SurrogateTransfer,randomized_smoothing,Base,1,67,0,414,19,0.962,1.0,0.7790697674418605,0.8758169934640523,0.8895348837209303
primary_42_SurrogateTransfer_randomized_smoothing_Base,42,SurrogateTransfer,randomized_smoothing,Base,2,72,1,413,14,0.97,0.9863013698630136,0.8372093023255814,0.9056603773584905,0.9173969216941917
primary_42_SurrogateTransfer_randomized_smoothing_Base,42,SurrogateTransfer,randomized_smoothing,Base,3,67,0,414,19,0.962,1.0,0.7790697674418605,0.8758169934640523,0.8895348837209303
primary_42_SurrogateTransfer_randomized_smoothing_Base,42,SurrogateTransfer,randomized_smoothing,Base,4,74,0,414,12,0.976,1.0,0.8604651162790697,0.9249999999999999,0.9302325581395349
primary_42_SurrogateTransfer_randomized_smoothing_Base,42,SurrogateTransfer,randomized_smoothing,Base,5,71,0,414,15,0.97,1.0,0.8255813953488372,0.9044585987261146,0.9127906976744187
primary_42_SurrogateTransfer_randomized_smoothing_Base,42,SurrogateTransfer,randomized_smoothing,Base,6,74,0,414,12,0.976,1.0,0.8604651162790697,0.9249999999999999,0.9302325581395349
primary_42_SurrogateTransfer_randomized_smoothing_Base,42,SurrogateTransfer,randomized_smoothing,Base,7,68,0,414,18,0.964,1.0,0.7906976744186046,0.8831168831168831,0.8953488372093024
primary_42_SurrogateTransfer_randomized_smoothing_Base,42,SurrogateTransfer,randomized_smoothing,Base,8,63,0,414,23,0.954,1.0,0.7325581395348837,0.8456375838926175,0.8662790697674418
primary_42_SurrogateTransfer_randomized_smoothing_Base,42,SurrogateTransfer,randomized_smoothing,Base,9,71,0,414,15,0.97,1.0,0.8255813953488372,0.9044585987261146,0.9127906976744187
primary_42_SurrogateTransfer_randomized_smoothing_Base,42,SurrogateTransfer,randomized_smoothing,Base,10,72,0,414,14,0.972,1.0,0.8372093023255814,0.9113924050632911,0.9186046511627908
primary_42_SurrogateTransfer_randomized_smoothing_Base,42,SurrogateTransfer,randomized_smoothing,Base,11,67,0,414,19,0.962,1.0,0.7790697674418605,0.8758169934640523,0.8895348837209303
primary_42_SurrogateTransfer_randomized_smoothing_Base,42,SurrogateTransfer,randomized_smoothing,Base,12,72,0,414,14,0.972,1.0,0.8372093023255814,0.9113924050632911,0.9186046511627908
primary_42_SurrogateTransfer_randomized_smoothing_Base,42,SurrogateTransfer,randomized_smoothing,Base,13,76,0,414,10,0.98,1.0,0.8837209302325582,0.9382716049382717,0.9418604651162791
primary_42_SurrogateTransfer_randomized_smoothing_Base,42,SurrogateTransfer,randomized_smoothing,Base,14,74,0,414,12,0.976,1.0,0.8604651162790697,0.9249999999999999,0.9302325581395349
primary_42_SurrogateTransfer_randomized_smoothing_Base,42,SurrogateTransfer,randomized_smoothing,Base,15,72,0,414,14,0.972,1.0,0.8372093023255814,0.9113924050632911,0.9186046511627908
primary_42_SurrogateTransfer_randomized_smoothing_Base,42,SurrogateTransfer,randomized_smoothing,Base,16,67,0,414,19,0.962,1.0,0.7790697674418605,0.8758169934640523,0.8895348837209303
primary_42_SurrogateTransfer_randomized_smoothing_Base,42,SurrogateTransfer,randomized_smoothing,Base,17,78,0,415,7,0.986,1.0,0.9176470588235294,0.9570552147239264,0.9588235294117646
primary_42_SurrogateTransfer_randomized_smoothing_Base,42,SurrogateTransfer,randomized_smoothing,Base,18,67,0,415,18,0.964,1.0,0.788235294117647,0.8815789473684211,0.8941176470588235
primary_42_SurrogateTransfer_randomized_smoothing_Base,42,SurrogateTransfer,randomized_smoothing,Base,19,73,0,415,12,0.976,1.0,0.8588235294117647,0.9240506329113923,0.9294117647058824
primary_42_SurrogateTransfer_randomized_smoothing_Base,42,SurrogateTransfer,randomized_smoothing,Base,20,65,0,415,20,0.96,1.0,0.7647058823529411,0.8666666666666666,0.8823529411764706
primary_42_SurrogateTransfer_randomized_smoothing_Base,42,SurrogateTransfer,randomized_smoothing,Base,21,67,0,415,18,0.964,1.0,0.788235294117647,0.8815789473684211,0.8941176470588235
primary_42_SurrogateTransfer_randomized_smoothing_Base,42,SurrogateTransfer,randomized_smoothing,Base,22,71,0,415,14,0.972,1.0,0.8352941176470589,0.9102564102564102,0.9176470588235295
primary_42_SurrogateTransfer_randomized_smoothing_Base,42,SurrogateTransfer,randomized_smoothing,Base,23,70,0,415,15,0.97,1.0,0.8235294117647058,0.9032258064516129,0.9117647058823529
primary_42_SurrogateTransfer_randomized_smoothing_Base,42,SurrogateTransfer,randomized_smoothing,Base,24,69,0,415,16,0.968,1.0,0.8117647058823529,0.8961038961038961,0.9058823529411765
primary_42_SurrogateTransfer_randomized_smoothing_Base,42,SurrogateTransfer,randomized_smoothing,Base,25,71,0,415,14,0.972,1.0,0.8352941176470589,0.9102564102564102,0.9176470588235295
primary_42_SurrogateTransfer_randomized_smoothing_Base,42,SurrogateTransfer,randomized_smoothing,Base,26,64,0,415,21,0.958,1.0,0.7529411764705882,0.8590604026845637,0.8764705882352941
primary_42_SurrogateTransfer_randomized_smoothing_Base,42,SurrogateTransfer,randomized_smoothing,Base,27,62,0,415,23,0.954,1.0,0.7294117647058823,0.8435374149659863,0.8647058823529412
primary_42_SurrogateTransfer_randomized_smoothing_Base,42,SurrogateTransfer,randomized_smoothing,Base,28,70,0,415,15,0.97,1.0,0.8235294117647058,0.9032258064516129,0.9117647058823529
primary_42_SurrogateTransfer_randomized_smoothing_Base,42,SurrogateTransfer,randomized_smoothing,Base,29,68,0,415,17,0.966,1.0,0.8,0.888888888888889,0.9
primary_42_SurrogateTransfer_randomized_smoothing_Base,42,SurrogateTransfer,randomized_smoothing,Base,30,71,0,415,14,0.972,1.0,0.8352941176470589,0.9102564102564102,0.9176470588235295
primary_42_SurrogateTransfer_randomized_smoothing_Base,42,SurrogateTransfer,randomized_smoothing,Base,31,67,0,415,18,0.964,1.0,0.788235294117647,0.8815789473684211,0.8941176470588235
primary_42_SurrogateTransfer_randomized_smoothing_Base,42,SurrogateTransfer,randomized_smoothing,Base,32,67,0,415,18,0.964,1.0,0.788235294117647,0.8815789473684211,0.8941176470588235
primary_42_SurrogateTransfer_randomized_smoothing_Base,42,SurrogateTransfer,randomized_smoothing,Base,33,67,0,415,18,0.964,1.0,0.788235294117647,0.8815789473684211,0.8941176470588235
primary_42_SurrogateTransfer_randomized_smoothing_Base,42,SurrogateTransfer,randomized_smoothing,Base,34,65,0,415,20,0.96,1.0,0.7647058823529411,0.8666666666666666,0.8823529411764706
primary_42_SurrogateTransfer_randomized_smoothing_Base,42,SurrogateTransfer,randomized_smoothing,Base,35,62,0,415,23,0.954,1.0,0.7294117647058823,0.8435374149659863,0.8647058823529412
primary_42_SurrogateTransfer_randomized_smoothing_Base,42,SurrogateTransfer,randomized_smoothing,Base,36,66,0,415,19,0.962,1.0,0.7764705882352941,0.8741721854304636,0.888235294117647
primary_42_SurrogateTransfer_randomized_smoothing_Base,42,SurrogateTransfer,randomized_smoothing,Base,37,74,0,415,11,0.978,1.0,0.8705882352941177,0.9308176100628931,0.9352941176470588
primary_42_SurrogateTransfer_randomized_smoothing_Base,42,SurrogateTransfer,randomized_smoothing,Base,38,69,0,415,16,0.968,1.0,0.8117647058823529,0.8961038961038961,0.9058823529411765
primary_42_SurrogateTransfer_randomized_smoothing_Base,42,SurrogateTransfer,randomized_smoothing,Base,39,67,0,415,18,0.964,1.0,0.788235294117647,0.8815789473684211,0.8941176470588235
primary_42_SurrogateTransfer_randomized_smoothing_Base,42,SurrogateTransfer,randomized_smoothing,Base,40,75,0,415,10,0.98,1.0,0.8823529411764706,0.9375,0.9411764705882353
primary_42_SurrogateTransfer_randomized_smoothing_Base,42,SurrogateTransfer,randomized_smoothing,Base,41,72,0,415,13,0.974,1.0,0.8470588235294118,0.9171974522292993,0.9235294117647059
primary_42_SurrogateTransfer_randomized_smoothing_Base,42,SurrogateTransfer,randomized_smoothing,Base,42,69,0,415,16,0.968,1.0,0.8117647058823529,0.8961038961038961,0.9058823529411765
primary_42_SurrogateTransfer_randomized_smoothing_Base,42,SurrogateTransfer,randomized_smoothing,Base,43,68,0,415,17,0.966,1.0,0.8,0.888888888888889,0.9
primary_42_SurrogateTransfer_randomized_smoothing_Base,42,SurrogateTransfer,randomized_smoothing,Base,44,65,0,415,20,0.96,1.0,0.7647058823529411,0.8666666666666666,0.8823529411764706
primary_42_SurrogateTransfer_randomized_smoothing_Base,42,SurrogateTransfer,randomized_smoothing,Base,45,72,0,415,13,0.974,1.0,0.8470588235294118,0.9171974522292993,0.9235294117647059
primary_42_SurrogateTransfer_randomized_smoothing_Base,42,SurrogateTransfer,randomized_smoothing,Base,46,74,0,415,11,0.978,1.0,0.8705882352941177,0.9308176100628931,0.9352941176470588
primary_42_SurrogateTransfer_randomized_smoothing_Base,42,SurrogateTransfer,randomized_smoothing,Base,47,68,0,415,17,0.966,1.0,0.8,0.888888888888889,0.9
primary_42_SurrogateTransfer_randomized_smoothing_Base,42,SurrogateTransfer,randomized_smoothing,Base,48,74,0,415,11,0.978,1.0,0.8705882352941177,0.9308176100628931,0.9352941176470588
primary_42_SurrogateTransfer_randomized_smoothing_Base,42,SurrogateTransfer,randomized_smoothing,Base,49,68,0,415,17,0.966,1.0,0.8,0.888888888888889,0.9
primary_42_SurrogateTransfer_randomized_smoothing_Base,42,SurrogateTransfer,randomized_smoothing,Base,50,70,0,415,15,0.97,1.0,0.8235294117647058,0.9032258064516129,0.9117647058823529
primary_42_SurrogateTransfer_randomized_smoothing_Base,42,SurrogateTransfer,randomized_smoothing,Base,51,71,0,415,14,0.972,1.0,0.8352941176470589,0.9102564102564102,0.9176470588235295
primary_42_SurrogateTransfer_randomized_smoothing_Base,42,SurrogateTransfer,randomized_smoothing,Base,52,67,0,415,18,0.964,1.0,0.788235294117647,0.8815789473684211,0.8941176470588235
primary_42_SurrogateTransfer_randomized_smoothing_Base,42,SurrogateTransfer,randomized_smoothing,Base,53,63,0,415,22,0.956,1.0,0.7411764705882353,0.8513513513513514,0.8705882352941177
primary_42_SurrogateTransfer_randomized_smoothing_Base,42,SurrogateTransfer,randomized_smoothing,Base,54,69,0,415,16,0.968,1.0,0.8117647058823529,0.8961038961038961,0.9058823529411765
primary_42_SurrogateTransfer_randomized_smoothing_Base,42,SurrogateTransfer,randomized_smoothing,Base,55,65,0,415,20,0.96,1.0,0.7647058823529411,0.8666666666666666,0.8823529411764706
primary_42_SurrogateTransfer_randomized_smoothing_Base,42,SurrogateTransfer,randomized_smoothing,Base,56,69,0,415,16,0.968,1.0,0.8117647058823529,0.8961038961038961,0.9058823529411765
primary_42_SurrogateTransfer_randomized_smoothing_Base,42,SurrogateTransfer,randomized_smoothing,Base,57,68,0,415,17,0.966,1.0,0.8,0.888888888888889,0.9
primary_42_SurrogateTransfer_randomized_smoothing_Base,42,SurrogateTransfer,randomized_smoothing,Base,58,72,0,415,13,0.974,1.0,0.8470588235294118,0.9171974522292993,0.9235294117647059
primary_42_SurrogateTransfer_randomized_smoothing_Base,42,SurrogateTransfer,randomized_smoothing,Base,59,70,0,415,15,0.97,1.0,0.8235294117647058,0.9032258064516129,0.9117647058823529
primary_42_SurrogateTransfer_randomized_smoothing_Base,42,SurrogateTransfer,randomized_smoothing,Base,60,65,0,415,20,0.96,1.0,0.7647058823529411,0.8666666666666666,0.8823529411764706
primary_42_SurrogateTransfer_randomized_smoothing_Base,42,SurrogateTransfer,randomized_smoothing,Base,61,69,0,415,16,0.968,1.0,0.8117647058823529,0.8961038961038961,0.9058823529411765
primary_42_SurrogateTransfer_randomized_smoothing_Base,42,SurrogateTransfer,randomized_smoothing,Base,62,68,0,415,17,0.966,1.0,0.8,0.888888888888889,0.9
primary_42_SurrogateTransfer_randomized_smoothing_Base,42,SurrogateTransfer,randomized_smoothing,Base,63,67,0,415,18,0.964,1.0,0.788235294117647,0.8815789473684211,0.8941176470588235
primary_42_SurrogateTransfer_randomized_smoothing_Base,42,SurrogateTransfer,randomized_smoothing,Base,64,67,0,415,18,0.964,1.0,0.788235294117647,0.8815789473684211,0.8941176470588235
primary_42_SurrogateTransfer_randomized_smoothing_Base,42,SurrogateTransfer,randomized_smoothing,Base,65,65,0,415,20,0.96,1.0,0.7647058823529411,0.8666666666666666,0.8823529411764706
primary_42_SurrogateTransfer_randomized_smoothing_Base,42,SurrogateTransfer,randomized_smoothing,Base,66,67,0,415,18,0.964,1.0,0.788235294117647,0.8815789473684211,0.8941176470588235
primary_42_SurrogateTransfer_randomized_smoothing_Base,42,SurrogateTransfer,randomized_smoothing,Base,67,71,0,415,14,0.972,1.0,0.8352941176470589,0.9102564102564102,0.9176470588235295
primary_42_SurrogateTransfer_randomized_smoothing_Base,42,SurrogateTransfer,randomized_smoothing,Base,68,68,0,415,17,0.966,1.0,0.8,0.888888888888889,0.9
primary_42_SurrogateTransfer_randomized_smoothing_Base,42,SurrogateTransfer,randomized_smoothing,Base,69,67,1,414,18,0.962,0.9852941176470589,0.788235294117647,0.8758169934640523,0.8929128277817151
primary_42_SurrogateTransfer_randomized_smoothing_Base,42,SurrogateTransfer,randomized_smoothing,Base,70,69,0,415,16,0.968,1.0,0.8117647058823529,0.8961038961038961,0.9058823529411765
primary_42_SurrogateTransfer_randomized_smoothing_Base,42,SurrogateTransfer,randomized_smoothing,Base,71,70,0,415,15,0.97,1.0,0.8235294117647058,0.9032258064516129,0.9117647058823529
primary_42_SurrogateTransfer_randomized_smoothing_Base,42,SurrogateTransfer,randomized_smoothing,Base,72,69,0,415,16,0.968,1.0,0.8117647058823529,0.8961038961038961,0.9058823529411765
primary_42_SurrogateTransfer_randomized_smoothing_Base,42,SurrogateTransfer,randomized_smoothing,Base,73,66,0,415,19,0.962,1.0,0.7764705882352941,0.8741721854304636,0.888235294117647
primary_42_SurrogateTransfer_randomized_smoothing_Base,42,SurrogateTransfer,randomized_smoothing,Base,74,78,0,415,7,0.986,1.0,0.9176470588235294,0.9570552147239264,0.9588235294117646
primary_42_SurrogateTransfer_randomized_smoothing_Base,42,SurrogateTransfer,randomized_smoothing,Base,75,69,0,415,16,0.968,1.0,0.8117647058823529,0.8961038961038961,0.9058823529411765
primary_42_SurrogateTransfer_randomized_smoothing_Base,42,SurrogateTransfer,randomized_smoothing,Base,76,70,0,415,15,0.97,1.0,0.8235294117647058,0.9032258064516129,0.9117647058823529
primary_42_SurrogateTransfer_randomized_smoothing_Base,42,SurrogateTransfer,randomized_smoothing,Base,77,70,0,415,15,0.97,1.0,0.8235294117647058,0.9032258064516129,0.9117647058823529
primary_42_SurrogateTransfer_randomized_smoothing_Base,42,SurrogateTransfer,randomized_smoothing,Base,78,70,0,415,15,0.97,1.0,0.8235294117647058,0.9032258064516129,0.9117647058823529
primary_42_SurrogateTransfer_randomized_smoothing_Base,42,SurrogateTransfer,randomized_smoothing,Base,79,69,0,415,16,0.968,1.0,0.8117647058823529,0.8961038961038961,0.9058823529411765
primary_42_SurrogateTransfer_randomized_smoothing_Base,42,SurrogateTransfer,randomized_smoothing,Base,80,66,0,415,19,0.962,1.0,0.7764705882352941,0.8741721854304636,0.888235294117647
primary_42_SurrogateTransfer_randomized_smoothing_Base,42,SurrogateTransfer,randomized_smoothing,Base,81,69,0,415,16,0.968,1.0,0.8117647058823529,0.8961038961038961,0.9058823529411765
primary_42_SurrogateTransfer_randomized_smoothing_Base,42,SurrogateTransfer,randomized_smoothing,Base,82,71,0,415,14,0.972,1.0,0.8352941176470589,0.9102564102564102,0.9176470588235295
primary_42_SurrogateTransfer_randomized_smoothing_Base,42,SurrogateTransfer,randomized_smoothing,Base,83,63,0,415,22,0.956,1.0,0.7411764705882353,0.8513513513513514,0.8705882352941177
primary_42_SurrogateTransfer_randomized_smoothing_Base,42,SurrogateTransfer,randomized_smoothing,Base,84,72,0,415,13,0.974,1.0,0.8470588235294118,0.9171974522292993,0.9235294117647059
primary_42_SurrogateTransfer_randomized_smoothing_Base,42,SurrogateTransfer,randomized_smoothing,Base,85,70,0,415,15,0.97,1.0,0.8235294117647058,0.9032258064516129,0.9117647058823529
primary_42_SurrogateTransfer_randomized_smoothing_Base,42,SurrogateTransfer,randomized_smoothing,Base,86,70,1,414,15,0.968,0.9859154929577465,0.8235294117647058,0.8974358974358974,0.9105598866052445
primary_42_SurrogateTransfer_randomized_smoothing_Base,42,SurrogateTransfer,randomized_smoothing,Base,87,64,0,415,21,0.958,1.0,0.7529411764705882,0.8590604026845637,0.8764705882352941
primary_42_SurrogateTransfer_randomized_smoothing_Base,42,SurrogateTransfer,randomized_smoothing,Base,88,65,0,415,20,0.96,1.0,0.7647058823529411,0.8666666666666666,0.8823529411764706
primary_42_SurrogateTransfer_randomized_smoothing_Base,42,SurrogateTransfer,randomized_smoothing,Base,89,71,0,415,14,0.972,1.0,0.8352941176470589,0.9102564102564102,0.9176470588235295
primary_42_SurrogateTransfer_randomized_smoothing_Base,42,SurrogateTransfer,randomized_smoothing,Base,90,67,0,415,18,0.964,1.0,0.788235294117647,0.8815789473684211,0.8941176470588235
primary_42_SurrogateTransfer_randomized_smoothing_Base,42,SurrogateTransfer,randomized_smoothing,Base,91,65,0,415,20,0.96,1.0,0.7647058823529411,0.8666666666666666,0.8823529411764706
primary_42_SurrogateTransfer_randomized_smoothing_Base,42,SurrogateTransfer,randomized_smoothing,Base,92,64,0,415,21,0.958,1.0,0.7529411764705882,0.8590604026845637,0.8764705882352941
primary_42_SurrogateTransfer_randomized_smoothing_Base,42,SurrogateTransfer,randomized_smoothing,Base,93,70,0,415,15,0.97,1.0,0.8235294117647058,0.9032258064516129,0.9117647058823529
primary_42_SurrogateTransfer_randomized_smoothing_Base,42,SurrogateTransfer,randomized_smoothing,Base,94,67,0,415,18,0.964,1.0,0.788235294117647,0.8815789473684211,0.8941176470588235
primary_42_SurrogateTransfer_randomized_smoothing_Base,42,SurrogateTransfer,randomized_smoothing,Base,95,72,0,415,13,0.974,1.0,0.8470588235294118,0.9171974522292993,0.9235294117647059
primary_42_SurrogateTransfer_randomized_smoothing_Base,42,SurrogateTransfer,randomized_smoothing,Base,96,66,0,415,19,0.962,1.0,0.7764705882352941,0.8741721854304636,0.888235294117647
primary_42_SurrogateTransfer_randomized_smoothing_Base,42,SurrogateTransfer,randomized_smoothing,Base,97,63,0,415,22,0.956,1.0,0.7411764705882353,0.8513513513513514,0.8705882352941177
primary_42_SurrogateTransfer_randomized_smoothing_Base,42,SurrogateTransfer,randomized_smoothing,Base,98,72,0,415,13,0.974,1.0,0.8470588235294118,0.9171974522292993,0.9235294117647059
primary_42_SurrogateTransfer_randomized_smoothing_Base,42,SurrogateTransfer,randomized_smoothing,Base,99,63,0,415,22,0.956,1.0,0.7411764705882353,0.8513513513513514,0.8705882352941177
primary_42_SurrogateTransfer_randomized_smoothing_Base,42,SurrogateTransfer,randomized_smoothing,Base,100,75,0,415,10,0.98,1.0,0.8823529411764706,0.9375,0.9411764705882353
primary_42_SurrogateTransfer_randomized_smoothing_Base,42,SurrogateTransfer,randomized_smoothing,Base,101,67,0,415,18,0.964,1.0,0.788235294117647,0.8815789473684211,0.8941176470588235
primary_42_SurrogateTransfer_randomized_smoothing_Base,42,SurrogateTransfer,randomized_smoothing,Base,102,69,0,415,16,0.968,1.0,0.8117647058823529,0.8961038961038961,0.9058823529411765
primary_42_SurrogateTransfer_randomized_smoothing_Base,42,SurrogateTransfer,randomized_smoothing,Base,103,72,0,415,13,0.974,1.0,0.8470588235294118,0.9171974522292993,0.9235294117647059
primary_42_SurrogateTransfer_randomized_smoothing_Base,42,SurrogateTransfer,randomized_smoothing,Base,104,73,0,415,12,0.976,1.0,0.8588235294117647,0.9240506329113923,0.9294117647058824
primary_42_SurrogateTransfer_randomized_smoothing_Base,42,SurrogateTransfer,randomized_smoothing,Base,105,74,0,415,11,0.978,1.0,0.8705882352941177,0.9308176100628931,0.9352941176470588
primary_42_SurrogateTransfer_randomized_smoothing_Base,42,SurrogateTransfer,randomized_smoothing,Base,106,68,0,415,17,0.966,1.0,0.8,0.888888888888889,0.9
primary_42_SurrogateTransfer_randomized_smoothing_Base,42,SurrogateTransfer,randomized_smoothing,Base,107,64,0,415,21,0.958,1.0,0.7529411764705882,0.8590604026845637,0.8764705882352941
primary_42_SurrogateTransfer_randomized_smoothing_Base,42,SurrogateTransfer,randomized_smoothing,Base,108,70,0,415,15,0.97,1.0,0.8235294117647058,0.9032258064516129,0.9117647058823529
primary_42_SurrogateTransfer_randomized_smoothing_Base,42,SurrogateTransfer,randomized_smoothing,Base,109,66,0,415,19,0.962,1.0,0.7764705882352941,0.8741721854304636,0.888235294117647
primary_42_SurrogateTransfer_randomized_smoothing_Base,42,SurrogateTransfer,randomized_smoothing,Base,110,63,1,414,22,0.954,0.984375,0.7411764705882353,0.8456375838926175,0.8693834160170093
primary_42_SurrogateTransfer_randomized_smoothing_Base,42,SurrogateTransfer,randomized_smoothing,Base,111,71,0,415,14,0.972,1.0,0.8352941176470589,0.9102564102564102,0.9176470588235295
primary_42_SurrogateTransfer_randomized_smoothing_Base,42,SurrogateTransfer,randomized_smoothing,Base,112,71,0,415,14,0.972,1.0,0.8352941176470589,0.9102564102564102,0.9176470588235295
primary_42_SurrogateTransfer_randomized_smoothing_Base,42,SurrogateTransfer,randomized_smoothing,Base,113,67,0,415,18,0.964,1.0,0.788235294117647,0.8815789473684211,0.8941176470588235
primary_42_SurrogateTransfer_randomized_smoothing_Base,42,SurrogateTransfer,randomized_smoothing,Base,114,66,0,415,19,0.962,1.0,0.7764705882352941,0.8741721854304636,0.888235294117647
primary_42_SurrogateTransfer_randomized_smoothing_Base,42,SurrogateTransfer,randomized_smoothing,Base,115,68,0,415,17,0.966,1.0,0.8,0.888888888888889,0.9
primary_42_SurrogateTransfer_randomized_smoothing_Base,42,SurrogateTransfer,randomized_smoothing,Base,116,60,0,415,25,0.95,1.0,0.7058823529411765,0.8275862068965517,0.8529411764705883
primary_42_SurrogateTransfer_randomized_smoothing_Base,42,SurrogateTransfer,randomized_smoothing,Base,117,69,0,415,16,0.968,1.0,0.8117647058823529,0.8961038961038961,0.9058823529411765
primary_42_SurrogateTransfer_randomized_smoothing_Base,42,SurrogateTransfer,randomized_smoothing,Base,118,71,0,415,14,0.972,1.0,0.8352941176470589,0.9102564102564102,0.9176470588235295
primary_42_SurrogateTransfer_randomized_smoothing_Base,42,SurrogateTransfer,randomized_smoothing,Base,119,71,0,415,14,0.972,1.0,0.8352941176470589,0.9102564102564102,0.9176470588235295
primary_42_SurrogateTransfer_randomized_smoothing_Base,42,SurrogateTransfer,randomized_smoothing,Base,120,77,0,415,8,0.984,1.0,0.9058823529411765,0.9506172839506173,0.9529411764705882
primary_42_SurrogateTransfer_randomized_smoothing_Base,42,SurrogateTransfer,randomized_smoothing,Base,121,71,0,415,14,0.972,1.0,0.8352941176470589,0.9102564102564102,0.9176470588235295
primary_42_SurrogateTransfer_randomized_smoothing_Base,42,SurrogateTransfer,randomized_smoothing,Base,122,72,0,415,13,0.974,1.0,0.8470588235294118,0.9171974522292993,0.9235294117647059
primary_42_SurrogateTransfer_randomized_smoothing_Base,42,SurrogateTransfer,randomized_smoothing,Base,123,68,0,415,17,0.966,1.0,0.8,0.888888888888889,0.9
primary_42_SurrogateTransfer_randomized_smoothing_Base,42,SurrogateTransfer,randomized_smoothing,Base,124,67,0,415,18,0.964,1.0,0.788235294117647,0.8815789473684211,0.8941176470588235
primary_42_SurrogateTransfer_randomized_smoothing_Base,42,SurrogateTransfer,randomized_smoothing,Base,125,70,0,415,15,0.97,1.0,0.8235294117647058,0.9032258064516129,0.9117647058823529
primary_42_SurrogateTransfer_randomized_smoothing_Base,42,SurrogateTransfer,randomized_smoothing,Base,126,76,0,415,9,0.982,1.0,0.8941176470588236,0.9440993788819877,0.9470588235294117
primary_42_SurrogateTransfer_randomized_smoothing_Base,42,SurrogateTransfer,randomized_smoothing,Base,127,63,0,415,22,0.956,1.0,0.7411764705882353,0.8513513513513514,0.8705882352941177
primary_42_SurrogateTransfer_randomized_smoothing_Base,42,SurrogateTransfer,randomized_smoothing,Base,128,72,0,415,13,0.974,1.0,0.8470588235294118,0.9171974522292993,0.9235294117647059
primary_42_SurrogateTransfer_randomized_smoothing_Base,42,SurrogateTransfer,randomized_smoothing,Base,129,68,0,415,17,0.966,1.0,0.8,0.888888888888889,0.9
primary_42_SurrogateTransfer_randomized_smoothing_Base,42,SurrogateTransfer,randomized_smoothing,Base,130,74,0,415,11,0.978,1.0,0.8705882352941177,0.9308176100628931,0.9352941176470588
primary_42_SurrogateTransfer_randomized_smoothing_Base,42,SurrogateTransfer,randomized_smoothing,Base,131,64,0,415,21,0.958,1.0,0.7529411764705882,0.8590604026845637,0.8764705882352941
primary_42_SurrogateTransfer_randomized_smoothing_Base,42,SurrogateTransfer,randomized_smoothing,Base,132,65,0,415,20,0.96,1.0,0.7647058823529411,0.8666666666666666,0.8823529411764706
primary_42_SurrogateTransfer_randomized_smoothing_Base,42,SurrogateTransfer,randomized_smoothing,Base,133,70,0,415,15,0.97,1.0,0.8235294117647058,0.9032258064516129,0.9117647058823529
primary_42_SurrogateTransfer_randomized_smoothing_Base,42,SurrogateTransfer,randomized_smoothing,Base,134,66,0,415,19,0.962,1.0,0.7764705882352941,0.8741721854304636,0.888235294117647
primary_42_SurrogateTransfer_randomized_smoothing_Base,42,SurrogateTransfer,randomized_smoothing,Base,135,69,0,415,16,0.968,1.0,0.8117647058823529,0.8961038961038961,0.9058823529411765
primary_42_SurrogateTransfer_randomized_smoothing_Base,42,SurrogateTransfer,randomized_smoothing,Base,136,71,0,415,14,0.972,1.0,0.8352941176470589,0.9102564102564102,0.9176470588235295
primary_42_SurrogateTransfer_randomized_smoothing_Base,42,SurrogateTransfer,randomized_smoothing,Base,137,70,0,415,15,0.97,1.0,0.8235294117647058,0.9032258064516129,0.9117647058823529
primary_42_SurrogateTransfer_randomized_smoothing_Base,42,SurrogateTransfer,randomized_smoothing,Base,138,70,0,415,15,0.97,1.0,0.8235294117647058,0.9032258064516129,0.9117647058823529
primary_42_SurrogateTransfer_randomized_smoothing_Base,42,SurrogateTransfer,randomized_smoothing,Base,139,68,0,415,17,0.966,1.0,0.8,0.888888888888889,0.9
primary_42_SurrogateTransfer_randomized_smoothing_Base,42,SurrogateTransfer,randomized_smoothing,Base,140,69,0,415,16,0.968,1.0,0.8117647058823529,0.8961038961038961,0.9058823529411765
primary_42_SurrogateTransfer_randomized_smoothing_Base,42,SurrogateTransfer,randomized_smoothing,Base,141,69,0,415,16,0.968,1.0,0.8117647058823529,0.8961038961038961,0.9058823529411765
primary_42_SurrogateTransfer_randomized_smoothing_Base,42,SurrogateTransfer,randomized_smoothing,Base,142,67,0,415,18,0.964,1.0,0.788235294117647,0.8815789473684211,0.8941176470588235
primary_42_SurrogateTransfer_randomized_smoothing_Base,42,SurrogateTransfer,randomized_smoothing,Base,143,72,0,415,13,0.974,1.0,0.8470588235294118,0.9171974522292993,0.9235294117647059
primary_42_SurrogateTransfer_randomized_smoothing_C1,42,SurrogateTransfer,randomized_smoothing,C1,0,72,0,414,14,0.972,1.0,0.8372093023255814,0.9113924050632911,0.9186046511627908
primary_42_SurrogateTransfer_randomized_smoothing_C1,42,SurrogateTransfer,randomized_smoothing,C1,1,73,0,414,13,0.974,1.0,0.8488372093023255,0.9182389937106918,0.9244186046511628
primary_42_SurrogateTransfer_randomized_smoothing_C1,42,SurrogateTransfer,randomized_smoothing,C1,2,79,1,413,7,0.984,0.9875,0.9186046511627907,0.9518072289156626,0.9580945961127962
primary_42_SurrogateTransfer_randomized_smoothing_C1,42,SurrogateTransfer,randomized_smoothing,C1,3,76,0,414,10,0.98,1.0,0.8837209302325582,0.9382716049382717,0.9418604651162791
primary_42_SurrogateTransfer_randomized_smoothing_C1,42,SurrogateTransfer,randomized_smoothing,C1,4,80,0,414,6,0.988,1.0,0.9302325581395349,0.963855421686747,0.9651162790697674
primary_42_SurrogateTransfer_randomized_smoothing_C1,42,SurrogateTransfer,randomized_smoothing,C1,5,83,0,414,3,0.994,1.0,0.9651162790697675,0.9822485207100593,0.9825581395348837
primary_42_SurrogateTransfer_randomized_smoothing_C1,42,SurrogateTransfer,randomized_smoothing,C1,6,78,0,414,8,0.984,1.0,0.9069767441860465,0.951219512195122,0.9534883720930232
primary_42_SurrogateTransfer_randomized_smoothing_C1,42,SurrogateTransfer,randomized_smoothing,C1,7,79,0,414,7,0.986,1.0,0.9186046511627907,0.9575757575757576,0.9593023255813953
primary_42_SurrogateTransfer_randomized_smoothing_C1,42,SurrogateTransfer,randomized_smoothing,C1,8,79,0,414,7,0.986,1.0,0.9186046511627907,0.9575757575757576,0.9593023255813953
primary_42_SurrogateTransfer_randomized_smoothing_C1,42,SurrogateTransfer,randomized_smoothing,C1,9,84,0,414,2,0.996,1.0,0.9767441860465116,0.988235294117647,0.9883720930232558
primary_42_SurrogateTransfer_randomized_smoothing_C1,42,SurrogateTransfer,randomized_smoothing,C1,10,81,1,413,5,0.988,0.9878048780487805,0.9418604651162791,0.9642857142857143,0.9697225030895404
primary_42_SurrogateTransfer_randomized_smoothing_C1,42,SurrogateTransfer,randomized_smoothing,C1,11,80,0,414,6,0.988,1.0,0.9302325581395349,0.963855421686747,0.9651162790697674
primary_42_SurrogateTransfer_randomized_smoothing_C1,42,SurrogateTransfer,randomized_smoothing,C1,12,83,0,414,3,0.994,1.0,0.9651162790697675,0.9822485207100593,0.9825581395348837
primary_42_SurrogateTransfer_randomized_smoothing_C1,42,SurrogateTransfer,randomized_smoothing,C1,13,84,0,414,2,0.996,1.0,0.9767441860465116,0.988235294117647,0.9883720930232558
primary_42_SurrogateTransfer_randomized_smoothing_C1,42,SurrogateTransfer,randomized_smoothing,C1,14,83,1,413,3,0.992,0.9880952380952381,0.9651162790697675,0.9764705882352942,0.9813504100662847
primary_42_SurrogateTransfer_randomized_smoothing_C1,42,SurrogateTransfer,randomized_smoothing,C1,15,83,0,414,3,0.994,1.0,0.9651162790697675,0.9822485207100593,0.9825581395348837
primary_42_SurrogateTransfer_randomized_smoothing_C1,42,SurrogateTransfer,randomized_smoothing,C1,16,77,1,413,9,0.98,0.9871794871794872,0.8953488372093024,0.9390243902439025,0.9464666891360521
primary_42_SurrogateTransfer_randomized_smoothing_C1,42,SurrogateTransfer,randomized_smoothing,C1,17,84,0,415,1,0.998,1.0,0.9882352941176471,0.9940828402366864,0.9941176470588236
primary_42_SurrogateTransfer_randomized_smoothing_C1,42,SurrogateTransfer,randomized_smoothing,C1,18,80,0,415,5,0.99,1.0,0.9411764705882353,0.9696969696969697,0.9705882352941176
primary_42_SurrogateTransfer_randomized_smoothing_C1,42,SurrogateTransfer,randomized_smoothing,C1,19,82,0,415,3,0.994,1.0,0.9647058823529412,0.9820359281437125,0.9823529411764707
primary_42_SurrogateTransfer_randomized_smoothing_C1,42,SurrogateTransfer,randomized_smoothing,C1,20,75,1,414,10,0.978,0.9868421052631579,0.8823529411764706,0.9316770186335402,0.9399716513111269
primary_42_SurrogateTransfer_randomized_smoothing_C1,42,SurrogateTransfer,randomized_smoothing,C1,21,76,1,414,9,0.98,0.987012987012987,0.8941176470588236,0.9382716049382716,0.9458540042523034
primary_42_SurrogateTransfer_randomized_smoothing_C1,42,SurrogateTransfer,randomized_smoothing,C1,22,77,0,415,8,0.984,1.0,0.9058823529411765,0.9506172839506173,0.9529411764705882
primary_42_SurrogateTransfer_randomized_smoothing_C1,42,SurrogateTransfer,randomized_smoothing,C1,23,81,0,415,4,0.992,1.0,0.9529411764705882,0.9759036144578312,0.9764705882352941
primary_42_SurrogateTransfer_randomized_smoothing_C1,42,SurrogateTransfer,randomized_smoothing,C1,24,80,0,415,5,0.99,1.0,0.9411764705882353,0.9696969696969697,0.9705882352941176
primary_42_SurrogateTransfer_randomized_smoothing_C1,42,SurrogateTransfer,randomized_smoothing,C1,25,77,0,415,8,0.984,1.0,0.9058823529411765,0.9506172839506173,0.9529411764705882
primary_42_SurrogateTransfer_randomized_smoothing_C1,42,SurrogateTransfer,randomized_smoothing,C1,26,77,0,415,8,0.984,1.0,0.9058823529411765,0.9506172839506173,0.9529411764705882
primary_42_SurrogateTransfer_randomized_smoothing_C1,42,SurrogateTransfer,randomized_smoothing,C1,27,77,0,415,8,0.984,1.0,0.9058823529411765,0.9506172839506173,0.9529411764705882
primary_42_SurrogateTransfer_randomized_smoothing_C1,42,SurrogateTransfer,randomized_smoothing,C1,28,79,0,415,6,0.988,1.0,0.9294117647058824,0.9634146341463414,0.9647058823529412
primary_42_SurrogateTransfer_randomized_smoothing_C1,42,SurrogateTransfer,randomized_smoothing,C1,29,80,0,415,5,0.99,1.0,0.9411764705882353,0.9696969696969697,0.9705882352941176
primary_42_SurrogateTransfer_randomized_smoothing_C1,42,SurrogateTransfer,randomized_smoothing,C1,30,79,0,415,6,0.988,1.0,0.9294117647058824,0.9634146341463414,0.9647058823529412
primary_42_SurrogateTransfer_randomized_smoothing_C1,42,SurrogateTransfer,randomized_smoothing,C1,31,78,0,415,7,0.986,1.0,0.9176470588235294,0.9570552147239264,0.9588235294117646
primary_42_SurrogateTransfer_randomized_smoothing_C1,42,SurrogateTransfer,randomized_smoothing,C1,32,80,0,415,5,0.99,1.0,0.9411764705882353,0.9696969696969697,0.9705882352941176
primary_42_SurrogateTransfer_randomized_smoothing_C1,42,SurrogateTransfer,randomized_smoothing,C1,33,81,0,415,4,0.992,1.0,0.9529411764705882,0.9759036144578312,0.9764705882352941
primary_42_SurrogateTransfer_randomized_smoothing_C1,42,SurrogateTransfer,randomized_smoothing,C1,34,79,1,414,6,0.986,0.9875,0.9294117647058824,0.9575757575757576,0.9635010630758327
primary_42_SurrogateTransfer_randomized_smoothing_C1,42,SurrogateTransfer,randomized_smoothing,C1,35,75,0,415,10,0.98,1.0,0.8823529411764706,0.9375,0.9411764705882353
primary_42_SurrogateTransfer_randomized_smoothing_C1,42,SurrogateTransfer,randomized_smoothing,C1,36,79,0,415,6,0.988,1.0,0.9294117647058824,0.9634146341463414,0.9647058823529412
primary_42_SurrogateTransfer_randomized_smoothing_C1,42,SurrogateTransfer,randomized_smoothing,C1,37,81,1,414,4,0.99,0.9878048780487805,0.9529411764705882,0.9700598802395209,0.9752657689581856
primary_42_SurrogateTransfer_randomized_smoothing_C1,42,SurrogateTransfer,randomized_smoothing,C1,38,81,0,415,4,0.992,1.0,0.9529411764705882,0.9759036144578312,0.9764705882352941
primary_42_SurrogateTransfer_randomized_smoothing_C1,42,SurrogateTransfer,randomized_smoothing,C1,39,81,0,415,4,0.992,1.0,0.9529411764705882,0.9759036144578312,0.9764705882352941
primary_42_SurrogateTransfer_randomized_smoothing_C1,42,SurrogateTransfer,randomized_smoothing,C1,40,82,0,415,3,0.994,1.0,0.9647058823529412,0.9820359281437125,0.9823529411764707
primary_42_SurrogateTransfer_randomized_smoothing_C1,42,SurrogateTransfer,randomized_smoothing,C1,41,82,0,415,3,0.994,1.0,0.9647058823529412,0.9820359281437125,0.9823529411764707
primary_42_SurrogateTransfer_randomized_smoothing_C1,42,SurrogateTransfer,randomized_smoothing,C1,42,81,0,415,4,0.992,1.0,0.9529411764705882,0.9759036144578312,0.9764705882352941
primary_42_SurrogateTransfer_randomized_smoothing_C1,42,SurrogateTransfer,randomized_smoothing,C1,43,78,1,414,7,0.984,0.9873417721518988,0.9176470588235294,0.9512195121951219,0.9576187101346563
primary_42_SurrogateTransfer_randomized_smoothing_C1,42,SurrogateTransfer,randomized_smoothing,C1,44,79,0,415,6,0.988,1.0,0.9294117647058824,0.9634146341463414,0.9647058823529412
primary_42_SurrogateTransfer_randomized_smoothing_C1,42,SurrogateTransfer,randomized_smoothing,C1,45,81,0,415,4,0.992,1.0,0.9529411764705882,0.9759036144578312,0.9764705882352941
primary_42_SurrogateTransfer_randomized_smoothing_C1,42,SurrogateTransfer,randomized_smoothing,C1,46,81,1,414,4,0.99,0.9878048780487805,0.9529411764705882,0.9700598802395209,0.9752657689581856
primary_42_SurrogateTransfer_randomized_smoothing_C1,42,SurrogateTransfer,randomized_smoothing,C1,47,76,0,415,9,0.982,1.0,0.8941176470588236,0.9440993788819877,0.9470588235294117
primary_42_SurrogateTransfer_randomized_smoothing_C1,42,SurrogateTransfer,randomized_smoothing,C1,48,81,0,415,4,0.992,1.0,0.9529411764705882,0.9759036144578312,0.9764705882352941
primary_42_SurrogateTransfer_randomized_smoothing_C1,42,SurrogateTransfer,randomized_smoothing,C1,49,77,0,415,8,0.984,1.0,0.9058823529411765,0.9506172839506173,0.9529411764705882
primary_42_SurrogateTransfer_randomized_smoothing_C1,42,SurrogateTransfer,randomized_smoothing,C1,50,81,0,415,4,0.992,1.0,0.9529411764705882,0.9759036144578312,0.9764705882352941
primary_42_SurrogateTransfer_randomized_smoothing_C1,42,SurrogateTransfer,randomized_smoothing,C1,51,80,1,414,5,0.988,0.9876543209876543,0.9411764705882353,0.963855421686747,0.9693834160170092
primary_42_SurrogateTransfer_randomized_smoothing_C1,42,SurrogateTransfer,randomized_smoothing,C1,52,80,0,415,5,0.99,1.0,0.9411764705882353,0.9696969696969697,0.9705882352941176
primary_42_SurrogateTransfer_randomized_smoothing_C1,42,SurrogateTransfer,randomized_smoothing,C1,53,77,1,414,8,0.982,0.9871794871794872,0.9058823529411765,0.9447852760736197,0.9517363571934798
primary_42_SurrogateTransfer_randomized_smoothing_C1,42,SurrogateTransfer,randomized_smoothing,C1,54,82,0,415,3,0.994,1.0,0.9647058823529412,0.9820359281437125,0.9823529411764707
primary_42_SurrogateTransfer_randomized_smoothing_C1,42,SurrogateTransfer,randomized_smoothing,C1,55,78,0,415,7,0.986,1.0,0.9176470588235294,0.9570552147239264,0.9588235294117646
primary_42_SurrogateTransfer_randomized_smoothing_C1,42,SurrogateTransfer,randomized_smoothing,C1,56,78,0,415,7,0.986,1.0,0.9176470588235294,0.9570552147239264,0.9588235294117646
primary_42_SurrogateTransfer_randomized_smoothing_C1,42,SurrogateTransfer,randomized_smoothing,C1,57,81,0,415,4,0.992,1.0,0.9529411764705882,0.9759036144578312,0.9764705882352941
primary_42_SurrogateTransfer_randomized_smoothing_C1,42,SurrogateTransfer,randomized_smoothing,C1,58,82,2,413,3,0.99,0.9761904761904762,0.9647058823529412,0.9704142011834319,0.9799433026222537
primary_42_SurrogateTransfer_randomized_smoothing_C1,42,SurrogateTransfer,randomized_smoothing,C1,59,78,0,415,7,0.986,1.0,0.9176470588235294,0.9570552147239264,0.9588235294117646
primary_42_SurrogateTransfer_randomized_smoothing_C1,42,SurrogateTransfer,randomized_smoothing,C1,60,81,0,415,4,0.992,1.0,0.9529411764705882,0.9759036144578312,0.9764705882352941
primary_42_SurrogateTransfer_randomized_smoothing_C1,42,SurrogateTransfer,randomized_smoothing,C1,61,78,0,415,7,0.986,1.0,0.9176470588235294,0.9570552147239264,0.9588235294117646
primary_42_SurrogateTransfer_randomized_smoothing_C1,42,SurrogateTransfer,randomized_smoothing,C1,62,81,0,415,4,0.992,1.0,0.9529411764705882,0.9759036144578312,0.9764705882352941
primary_42_SurrogateTransfer_randomized_smoothing_C1,42,SurrogateTransfer,randomized_smoothing,C1,63,77,0,415,8,0.984,1.0,0.9058823529411765,0.9506172839506173,0.9529411764705882
primary_42_SurrogateTransfer_randomized_smoothing_C1,42,SurrogateTransfer,randomized_smoothing,C1,64,77,0,415,8,0.984,1.0,0.9058823529411765,0.9506172839506173,0.9529411764705882
primary_42_SurrogateTransfer_randomized_smoothing_C1,42,SurrogateTransfer,randomized_smoothing,C1,65,78,0,415,7,0.986,1.0,0.9176470588235294,0.9570552147239264,0.9588235294117646
primary_42_SurrogateTransfer_randomized_smoothing_C1,42,SurrogateTransfer,randomized_smoothing,C1,66,81,0,415,4,0.992,1.0,0.9529411764705882,0.9759036144578312,0.9764705882352941
primary_42_SurrogateTransfer_randomized_smoothing_C1,42,SurrogateTransfer,randomized_smoothing,C1,67,81,0,415,4,0.992,1.0,0.9529411764705882,0.9759036144578312,0.9764705882352941
primary_42_SurrogateTransfer_randomized_smoothing_C1,42,SurrogateTransfer,randomized_smoothing,C1,68,79,0,415,6,0.988,1.0,0.9294117647058824,0.9634146341463414,0.9647058823529412
primary_42_SurrogateTransfer_randomized_smoothing_C1,42,SurrogateTransfer,randomized_smoothing,C1,69,80,2,413,5,0.986,0.975609756097561,0.9411764705882353,0.9580838323353293,0.9681785967399008
primary_42_SurrogateTransfer_randomized_smoothing_C1,42,SurrogateTransfer,randomized_smoothing,C1,70,82,0,415,3,0.994,1.0,0.9647058823529412,0.9820359281437125,0.9823529411764707
primary_42_SurrogateTransfer_randomized_smoothing_C1,42,SurrogateTransfer,randomized_smoothing,C1,71,77,0,415,8,0.984,1.0,0.9058823529411765,0.9506172839506173,0.9529411764705882
primary_42_SurrogateTransfer_randomized_smoothing_C1,42,SurrogateTransfer,randomized_smoothing,C1,72,78,0,415,7,0.986,1.0,0.9176470588235294,0.9570552147239264,0.9588235294117646
primary_42_SurrogateTransfer_randomized_smoothing_C1,42,SurrogateTransfer,randomized_smoothing,C1,73,77,1,414,8,0.982,0.9871794871794872,0.9058823529411765,0.9447852760736197,0.9517363571934798
primary_42_SurrogateTransfer_randomized_smoothing_C1,42,SurrogateTransfer,randomized_smoothing,C1,74,82,0,415,3,0.994,1.0,0.9647058823529412,0.9820359281437125,0.9823529411764707
primary_42_SurrogateTransfer_randomized_smoothing_C1,42,SurrogateTransfer,randomized_smoothing,C1,75,78,0,415,7,0.986,1.0,0.9176470588235294,0.9570552147239264,0.9588235294117646
primary_42_SurrogateTransfer_randomized_smoothing_C1,42,SurrogateTransfer,randomized_smoothing,C1,76,82,1,414,3,0.992,0.9879518072289156,0.9647058823529412,0.9761904761904762,0.9811481218993622
primary_42_SurrogateTransfer_randomized_smoothing_C1,42,SurrogateTransfer,randomized_smoothing,C1,77,80,0,415,5,0.99,1.0,0.9411764705882353,0.9696969696969697,0.9705882352941176
primary_42_SurrogateTransfer_randomized_smoothing_C1,42,SurrogateTransfer,randomized_smoothing,C1,78,83,0,415,2,0.996,1.0,0.9764705882352941,0.988095238095238,0.9882352941176471
primary_42_SurrogateTransfer_randomized_smoothing_C1,42,SurrogateTransfer,randomized_smoothing,C1,79,81,0,415,4,0.992,1.0,0.9529411764705882,0.9759036144578312,0.9764705882352941
primary_42_SurrogateTransfer_randomized_smoothing_C1,42,SurrogateTransfer,randomized_smoothing,C1,80,79,0,415,6,0.988,1.0,0.9294117647058824,0.9634146341463414,0.9647058823529412
primary_42_SurrogateTransfer_randomized_smoothing_C1,42,SurrogateTransfer,randomized_smoothing,C1,81,76,0,415,9,0.982,1.0,0.8941176470588236,0.9440993788819877,0.9470588235294117
primary_42_SurrogateTransfer_randomized_smoothing_C1,42,SurrogateTransfer,randomized_smoothing,C1,82,79,0,415,6,0.988,1.0,0.9294117647058824,0.9634146341463414,0.9647058823529412
primary_42_SurrogateTransfer_randomized_smoothing_C1,42,SurrogateTransfer,randomized_smoothing,C1,83,78,0,415,7,0.986,1.0,0.9176470588235294,0.9570552147239264,0.9588235294117646
primary_42_SurrogateTransfer_randomized_smoothing_C1,42,SurrogateTransfer,randomized_smoothing,C1,84,79,0,415,6,0.988,1.0,0.9294117647058824,0.9634146341463414,0.9647058823529412
primary_42_SurrogateTransfer_randomized_smoothing_C1,42,SurrogateTransfer,randomized_smoothing,C1,85,82,2,413,3,0.99,0.9761904761904762,0.9647058823529412,0.9704142011834319,0.9799433026222537
primary_42_SurrogateTransfer_randomized_smoothing_C1,42,SurrogateTransfer,randomized_smoothing,C1,86,76,2,413,9,0.978,0.9743589743589743,0.8941176470588236,0.9325153374233129,0.9446491849751949
primary_42_SurrogateTransfer_randomized_smoothing_C1,42,SurrogateTransfer,randomized_smoothing,C1,87,78,0,415,7,0.986,1.0,0.9176470588235294,0.9570552147239264,0.9588235294117646
primary_42_SurrogateTransfer_randomized_smoothing_C1,42,SurrogateTransfer,randomized_smoothing,C1,88,81,0,415,4,0.992,1.0,0.9529411764705882,0.9759036144578312,0.9764705882352941
primary_42_SurrogateTransfer_randomized_smoothing_C1,42,SurrogateTransfer,randomized_smoothing,C1,89,79,1,414,6,0.986,0.9875,0.9294117647058824,0.9575757575757576,0.9635010630758327
primary_42_SurrogateTransfer_randomized_smoothing_C1,42,SurrogateTransfer,randomized_smoothing,C1,90,82,1,414,3,0.992,0.9879518072289156,0.9647058823529412,0.9761904761904762,0.9811481218993622
primary_42_SurrogateTransfer_randomized_smoothing_C1,42,SurrogateTransfer,randomized_smoothing,C1,91,80,2,413,5,0.986,0.975609756097561,0.9411764705882353,0.9580838323353293,0.9681785967399008
primary_42_SurrogateTransfer_randomized_smoothing_C1,42,SurrogateTransfer,randomized_smoothing,C1,92,80,0,415,5,0.99,1.0,0.9411764705882353,0.9696969696969697,0.9705882352941176
primary_42_SurrogateTransfer_randomized_smoothing_C1,42,SurrogateTransfer,randomized_smoothing,C1,93,79,0,415,6,0.988,1.0,0.9294117647058824,0.9634146341463414,0.9647058823529412
primary_42_SurrogateTransfer_randomized_smoothing_C1,42,SurrogateTransfer,randomized_smoothing,C1,94,82,0,415,3,0.994,1.0,0.9647058823529412,0.9820359281437125,0.9823529411764707
primary_42_SurrogateTransfer_randomized_smoothing_C1,42,SurrogateTransfer,randomized_smoothing,C1,95,81,1,414,4,0.99,0.9878048780487805,0.9529411764705882,0.9700598802395209,0.9752657689581856
primary_42_SurrogateTransfer_randomized_smoothing_C1,42,SurrogateTransfer,randomized_smoothing,C1,96,84,0,415,1,0.998,1.0,0.9882352941176471,0.9940828402366864,0.9941176470588236
primary_42_SurrogateTransfer_randomized_smoothing_C1,42,SurrogateTransfer,randomized_smoothing,C1,97,76,1,414,9,0.98,0.987012987012987,0.8941176470588236,0.9382716049382716,0.9458540042523034
primary_42_SurrogateTransfer_randomized_smoothing_C1,42,SurrogateTransfer,randomized_smoothing,C1,98,80,0,415,5,0.99,1.0,0.9411764705882353,0.9696969696969697,0.9705882352941176
primary_42_SurrogateTransfer_randomized_smoothing_C1,42,SurrogateTransfer,randomized_smoothing,C1,99,82,1,414,3,0.992,0.9879518072289156,0.9647058823529412,0.9761904761904762,0.9811481218993622
primary_42_SurrogateTransfer_randomized_smoothing_C1,42,SurrogateTransfer,randomized_smoothing,C1,100,81,1,414,4,0.99,0.9878048780487805,0.9529411764705882,0.9700598802395209,0.9752657689581856
primary_42_SurrogateTransfer_randomized_smoothing_C1,42,SurrogateTransfer,randomized_smoothing,C1,101,81,0,415,4,0.992,1.0,0.9529411764705882,0.9759036144578312,0.9764705882352941
primary_42_SurrogateTransfer_randomized_smoothing_C1,42,SurrogateTransfer,randomized_smoothing,C1,102,82,0,415,3,0.994,1.0,0.9647058823529412,0.9820359281437125,0.9823529411764707
primary_42_SurrogateTransfer_randomized_smoothing_C1,42,SurrogateTransfer,randomized_smoothing,C1,103,81,0,415,4,0.992,1.0,0.9529411764705882,0.9759036144578312,0.9764705882352941
primary_42_SurrogateTransfer_randomized_smoothing_C1,42,SurrogateTransfer,randomized_smoothing,C1,104,82,0,415,3,0.994,1.0,0.9647058823529412,0.9820359281437125,0.9823529411764707
primary_42_SurrogateTransfer_randomized_smoothing_C1,42,SurrogateTransfer,randomized_smoothing,C1,105,82,0,415,3,0.994,1.0,0.9647058823529412,0.9820359281437125,0.9823529411764707
primary_42_SurrogateTransfer_randomized_smoothing_C1,42,SurrogateTransfer,randomized_smoothing,C1,106,79,0,415,6,0.988,1.0,0.9294117647058824,0.9634146341463414,0.9647058823529412
primary_42_SurrogateTransfer_randomized_smoothing_C1,42,SurrogateTransfer,randomized_smoothing,C1,107,79,0,415,6,0.988,1.0,0.9294117647058824,0.9634146341463414,0.9647058823529412
primary_42_SurrogateTransfer_randomized_smoothing_C1,42,SurrogateTransfer,randomized_smoothing,C1,108,81,0,415,4,0.992,1.0,0.9529411764705882,0.9759036144578312,0.9764705882352941
primary_42_SurrogateTransfer_randomized_smoothing_C1,42,SurrogateTransfer,randomized_smoothing,C1,109,78,0,415,7,0.986,1.0,0.9176470588235294,0.9570552147239264,0.9588235294117646
primary_42_SurrogateTransfer_randomized_smoothing_C1,42,SurrogateTransfer,randomized_smoothing,C1,110,78,1,414,7,0.984,0.9873417721518988,0.9176470588235294,0.9512195121951219,0.9576187101346563
primary_42_SurrogateTransfer_randomized_smoothing_C1,42,SurrogateTransfer,randomized_smoothing,C1,111,84,1,414,1,0.996,0.9882352941176471,0.9882352941176471,0.9882352941176471,0.9929128277817152
primary_42_SurrogateTransfer_randomized_smoothing_C1,42,SurrogateTransfer,randomized_smoothing,C1,112,81,1,414,4,0.99,0.9878048780487805,0.9529411764705882,0.9700598802395209,0.9752657689581856
primary_42_SurrogateTransfer_randomized_smoothing_C1,42,SurrogateTransfer,randomized_smoothing,C1,113,79,1,414,6,0.986,0.9875,0.9294117647058824,0.9575757575757576,0.9635010630758327
primary_42_SurrogateTransfer_randomized_smoothing_C1,42,SurrogateTransfer,randomized_smoothing,C1,114,80,0,415,5,0.99,1.0,0.9411764705882353,0.9696969696969697,0.9705882352941176
primary_42_SurrogateTransfer_randomized_smoothing_C1,42,SurrogateTransfer,randomized_smoothing,C1,115,78,0,415,7,0.986,1.0,0.9176470588235294,0.9570552147239264,0.9588235294117646
primary_42_SurrogateTransfer_randomized_smoothing_C1,42,SurrogateTransfer,randomized_smoothing,C1,116,78,1,414,7,0.984,0.9873417721518988,0.9176470588235294,0.9512195121951219,0.9576187101346563
primary_42_SurrogateTransfer_randomized_smoothing_C1,42,SurrogateTransfer,randomized_smoothing,C1,117,80,0,415,5,0.99,1.0,0.9411764705882353,0.9696969696969697,0.9705882352941176
primary_42_SurrogateTransfer_randomized_smoothing_C1,42,SurrogateTransfer,randomized_smoothing,C1,118,78,1,414,7,0.984,0.9873417721518988,0.9176470588235294,0.9512195121951219,0.9576187101346563
primary_42_SurrogateTransfer_randomized_smoothing_C1,42,SurrogateTransfer,randomized_smoothing,C1,119,80,0,415,5,0.99,1.0,0.9411764705882353,0.9696969696969697,0.9705882352941176
primary_42_SurrogateTransfer_randomized_smoothing_C1,42,SurrogateTransfer,randomized_smoothing,C1,120,82,0,415,3,0.994,1.0,0.9647058823529412,0.9820359281437125,0.9823529411764707
primary_42_SurrogateTransfer_randomized_smoothing_C1,42,SurrogateTransfer,randomized_smoothing,C1,121,81,0,415,4,0.992,1.0,0.9529411764705882,0.9759036144578312,0.9764705882352941
primary_42_SurrogateTransfer_randomized_smoothing_C1,42,SurrogateTransfer,randomized_smoothing,C1,122,80,0,415,5,0.99,1.0,0.9411764705882353,0.9696969696969697,0.9705882352941176
primary_42_SurrogateTransfer_randomized_smoothing_C1,42,SurrogateTransfer,randomized_smoothing,C1,123,76,0,415,9,0.982,1.0,0.8941176470588236,0.9440993788819877,0.9470588235294117
primary_42_SurrogateTransfer_randomized_smoothing_C1,42,SurrogateTransfer,randomized_smoothing,C1,124,80,1,414,5,0.988,0.9876543209876543,0.9411764705882353,0.963855421686747,0.9693834160170092
primary_42_SurrogateTransfer_randomized_smoothing_C1,42,SurrogateTransfer,randomized_smoothing,C1,125,82,2,413,3,0.99,0.9761904761904762,0.9647058823529412,0.9704142011834319,0.9799433026222537
primary_42_SurrogateTransfer_randomized_smoothing_C1,42,SurrogateTransfer,randomized_smoothing,C1,126,83,0,415,2,0.996,1.0,0.9764705882352941,0.988095238095238,0.9882352941176471
primary_42_SurrogateTransfer_randomized_smoothing_C1,42,SurrogateTransfer,randomized_smoothing,C1,127,77,0,415,8,0.984,1.0,0.9058823529411765,0.9506172839506173,0.9529411764705882
primary_42_SurrogateTransfer_randomized_smoothing_C1,42,SurrogateTransfer,randomized_smoothing,C1,128,83,0,415,2,0.996,1.0,0.9764705882352941,0.988095238095238,0.9882352941176471
primary_42_SurrogateTransfer_randomized_smoothing_C1,42,SurrogateTransfer,randomized_smoothing,C1,129,79,0,415,6,0.988,1.0,0.9294117647058824,0.9634146341463414,0.9647058823529412
primary_42_SurrogateTransfer_randomized_smoothing_C1,42,SurrogateTransfer,randomized_smoothing,C1,130,83,0,415,2,0.996,1.0,0.9764705882352941,0.988095238095238,0.9882352941176471
primary_42_SurrogateTransfer_randomized_smoothing_C1,42,SurrogateTransfer,randomized_smoothing,C1,131,80,1,414,5,0.988,0.9876543209876543,0.9411764705882353,0.963855421686747,0.9693834160170092
primary_42_SurrogateTransfer_randomized_smoothing_C1,42,SurrogateTransfer,randomized_smoothing,C1,132,78,0,415,7,0.986,1.0,0.9176470588235294,0.9570552147239264,0.9588235294117646
primary_42_SurrogateTransfer_randomized_smoothing_C1,42,SurrogateTransfer,randomized_smoothing,C1,133,81,1,414,4,0.99,0.9878048780487805,0.9529411764705882,0.9700598802395209,0.9752657689581856
primary_42_SurrogateTransfer_randomized_smoothing_C1,42,SurrogateTransfer,randomized_smoothing,C1,134,78,0,415,7,0.986,1.0,0.9176470588235294,0.9570552147239264,0.9588235294117646
primary_42_SurrogateTransfer_randomized_smoothing_C1,42,SurrogateTransfer,randomized_smoothing,C1,135,83,0,415,2,0.996,1.0,0.9764705882352941,0.988095238095238,0.9882352941176471
primary_42_SurrogateTransfer_randomized_smoothing_C1,42,SurrogateTransfer,randomized_smoothing,C1,136,82,0,415,3,0.994,1.0,0.9647058823529412,0.9820359281437125,0.9823529411764707
primary_42_SurrogateTransfer_randomized_smoothing_C1,42,SurrogateTransfer,randomized_smoothing,C1,137,79,2,413,6,0.984,0.9753086419753086,0.9294117647058824,0.9518072289156626,0.9622962437987244
primary_42_SurrogateTransfer_randomized_smoothing_C1,42,SurrogateTransfer,randomized_smoothing,C1,138,82,0,415,3,0.994,1.0,0.9647058823529412,0.9820359281437125,0.9823529411764707
primary_42_SurrogateTransfer_randomized_smoothing_C1,42,SurrogateTransfer,randomized_smoothing,C1,139,78,1,414,7,0.984,0.9873417721518988,0.9176470588235294,0.9512195121951219,0.9576187101346563
primary_42_SurrogateTransfer_randomized_smoothing_C1,42,SurrogateTransfer,randomized_smoothing,C1,140,79,0,415,6,0.988,1.0,0.9294117647058824,0.9634146341463414,0.9647058823529412
primary_42_SurrogateTransfer_randomized_smoothing_C1,42,SurrogateTransfer,randomized_smoothing,C1,141,77,0,415,8,0.984,1.0,0.9058823529411765,0.9506172839506173,0.9529411764705882
primary_42_SurrogateTransfer_randomized_smoothing_C1,42,SurrogateTransfer,randomized_smoothing,C1,142,84,0,415,1,0.998,1.0,0.9882352941176471,0.9940828402366864,0.9941176470588236
primary_42_SurrogateTransfer_randomized_smoothing_C1,42,SurrogateTransfer,randomized_smoothing,C1,143,81,0,415,4,0.992,1.0,0.9529411764705882,0.9759036144578312,0.9764705882352941
primary_42_DecisionBoundary_afp_Base,42,DecisionBoundary,afp,Base,0,70,0,414,16,0.968,1.0,0.813953488372093,0.8974358974358974,0.9069767441860466
primary_42_DecisionBoundary_afp_Base,42,DecisionBoundary,afp,Base,1,65,0,414,21,0.958,1.0,0.7558139534883721,0.8609271523178808,0.877906976744186
primary_42_DecisionBoundary_afp_Base,42,DecisionBoundary,afp,Base,2,71,0,414,15,0.97,1.0,0.8255813953488372,0.9044585987261146,0.9127906976744187
primary_42_DecisionBoundary_afp_Base,42,DecisionBoundary,afp,Base,3,66,0,414,20,0.96,1.0,0.7674418604651163,0.868421052631579,0.8837209302325582
primary_42_DecisionBoundary_afp_Base,42,DecisionBoundary,afp,Base,4,73,0,414,13,0.974,1.0,0.8488372093023255,0.9182389937106918,0.9244186046511628
primary_42_DecisionBoundary_afp_Base,42,DecisionBoundary,afp,Base,5,66,0,414,20,0.96,1.0,0.7674418604651163,0.868421052631579,0.8837209302325582
primary_42_DecisionBoundary_afp_Base,42,DecisionBoundary,afp,Base,6,73,0,414,13,0.974,1.0,0.8488372093023255,0.9182389937106918,0.9244186046511628
primary_42_DecisionBoundary_afp_Base,42,DecisionBoundary,afp,Base,7,70,0,414,16,0.968,1.0,0.813953488372093,0.8974358974358974,0.9069767441860466
primary_42_DecisionBoundary_afp_Base,42,DecisionBoundary,afp,Base,8,64,0,414,22,0.956,1.0,0.7441860465116279,0.8533333333333333,0.872093023255814
primary_42_DecisionBoundary_afp_Base,42,DecisionBoundary,afp,Base,9,69,0,414,17,0.966,1.0,0.8023255813953488,0.8903225806451612,0.9011627906976745
primary_42_DecisionBoundary_afp_Base,42,DecisionBoundary,afp,Base,10,70,0,414,16,0.968,1.0,0.813953488372093,0.8974358974358974,0.9069767441860466
primary_42_DecisionBoundary_afp_Base,42,DecisionBoundary,afp,Base,11,65,0,414,21,0.958,1.0,0.7558139534883721,0.8609271523178808,0.877906976744186
primary_42_DecisionBoundary_afp_Base,42,DecisionBoundary,afp,Base,12,68,0,414,18,0.964,1.0,0.7906976744186046,0.8831168831168831,0.8953488372093024
primary_42_DecisionBoundary_afp_Base,42,DecisionBoundary,afp,Base,13,74,0,414,12,0.976,1.0,0.8604651162790697,0.9249999999999999,0.9302325581395349
primary_42_DecisionBoundary_afp_Base,42,DecisionBoundary,afp,Base,14,73,0,414,13,0.974,1.0,0.8488372093023255,0.9182389937106918,0.9244186046511628
primary_42_DecisionBoundary_afp_Base,42,DecisionBoundary,afp,Base,15,68,0,414,18,0.964,1.0,0.7906976744186046,0.8831168831168831,0.8953488372093024
primary_42_DecisionBoundary_afp_Base,42,DecisionBoundary,afp,Base,16,67,0,414,19,0.962,1.0,0.7790697674418605,0.8758169934640523,0.8895348837209303
primary_42_DecisionBoundary_afp_Base,42,DecisionBoundary,afp,Base,17,80,0,415,5,0.99,1.0,0.9411764705882353,0.9696969696969697,0.9705882352941176
primary_42_DecisionBoundary_afp_Base,42,DecisionBoundary,afp,Base,18,67,0,415,18,0.964,1.0,0.788235294117647,0.8815789473684211,0.8941176470588235
primary_42_DecisionBoundary_afp_Base,42,DecisionBoundary,afp,Base,19,71,0,415,14,0.972,1.0,0.8352941176470589,0.9102564102564102,0.9176470588235295
primary_42_DecisionBoundary_afp_Base,42,DecisionBoundary,afp,Base,20,66,0,415,19,0.962,1.0,0.7764705882352941,0.8741721854304636,0.888235294117647
primary_42_DecisionBoundary_afp_Base,42,DecisionBoundary,afp,Base,21,67,0,415,18,0.964,1.0,0.788235294117647,0.8815789473684211,0.8941176470588235
primary_42_DecisionBoundary_afp_Base,42,DecisionBoundary,afp,Base,22,67,0,415,18,0.964,1.0,0.788235294117647,0.8815789473684211,0.8941176470588235
primary_42_DecisionBoundary_afp_Base,42,DecisionBoundary,afp,Base,23,69,0,415,16,0.968,1.0,0.8117647058823529,0.8961038961038961,0.9058823529411765
primary_42_DecisionBoundary_afp_Base,42,DecisionBoundary,afp,Base,24,68,0,415,17,0.966,1.0,0.8,0.888888888888889,0.9
primary_42_DecisionBoundary_afp_Base,42,DecisionBoundary,afp,Base,25,67,0,415,18,0.964,1.0,0.788235294117647,0.8815789473684211,0.8941176470588235
primary_42_DecisionBoundary_afp_Base,42,DecisionBoundary,afp,Base,26,62,0,415,23,0.954,1.0,0.7294117647058823,0.8435374149659863,0.8647058823529412
primary_42_DecisionBoundary_afp_Base,42,DecisionBoundary,afp,Base,27,60,0,415,25,0.95,1.0,0.7058823529411765,0.8275862068965517,0.8529411764705883
primary_42_DecisionBoundary_afp_Base,42,DecisionBoundary,afp,Base,28,69,0,415,16,0.968,1.0,0.8117647058823529,0.8961038961038961,0.9058823529411765
primary_42_DecisionBoundary_afp_Base,42,DecisionBoundary,afp,Base,29,65,0,415,20,0.96,1.0,0.7647058823529411,0.8666666666666666,0.8823529411764706
primary_42_DecisionBoundary_afp_Base,42,DecisionBoundary,afp,Base,30,66,0,415,19,0.962,1.0,0.7764705882352941,0.8741721854304636,0.888235294117647
primary_42_DecisionBoundary_afp_Base,42,DecisionBoundary,afp,Base,31,67,0,415,18,0.964,1.0,0.788235294117647,0.8815789473684211,0.8941176470588235
primary_42_DecisionBoundary_afp_Base,42,DecisionBoundary,afp,Base,32,66,0,415,19,0.962,1.0,0.7764705882352941,0.8741721854304636,0.888235294117647
primary_42_DecisionBoundary_afp_Base,42,DecisionBoundary,afp,Base,33,65,0,415,20,0.96,1.0,0.7647058823529411,0.8666666666666666,0.8823529411764706
primary_42_DecisionBoundary_afp_Base,42,DecisionBoundary,afp,Base,34,64,0,415,21,0.958,1.0,0.7529411764705882,0.8590604026845637,0.8764705882352941
primary_42_DecisionBoundary_afp_Base,42,DecisionBoundary,afp,Base,35,60,0,415,25,0.95,1.0,0.7058823529411765,0.8275862068965517,0.8529411764705883
primary_42_DecisionBoundary_afp_Base,42,DecisionBoundary,afp,Base,36,66,0,415,19,0.962,1.0,0.7764705882352941,0.8741721854304636,0.888235294117647
primary_42_DecisionBoundary_afp_Base,42,DecisionBoundary,afp,Base,37,74,0,415,11,0.978,1.0,0.8705882352941177,0.9308176100628931,0.9352941176470588
primary_42_DecisionBoundary_afp_Base,42,DecisionBoundary,afp,Base,38,68,0,415,17,0.966,1.0,0.8,0.888888888888889,0.9
primary_42_DecisionBoundary_afp_Base,42,DecisionBoundary,afp,Base,39,62,0,415,23,0.954,1.0,0.7294117647058823,0.8435374149659863,0.8647058823529412
primary_42_DecisionBoundary_afp_Base,42,DecisionBoundary,afp,Base,40,73,0,415,12,0.976,1.0,0.8588235294117647,0.9240506329113923,0.9294117647058824
primary_42_DecisionBoundary_afp_Base,42,DecisionBoundary,afp,Base,41,73,0,415,12,0.976,1.0,0.8588235294117647,0.9240506329113923,0.9294117647058824
primary_42_DecisionBoundary_afp_Base,42,DecisionBoundary,afp,Base,42,67,0,415,18,0.964,1.0,0.788235294117647,0.8815789473684211,0.8941176470588235
primary_42_DecisionBoundary_afp_Base,42,DecisionBoundary,afp,Base,43,66,0,415,19,0.962,1.0,0.7764705882352941,0.8741721854304636,0.888235294117647
primary_42_DecisionBoundary_afp_Base,42,DecisionBoundary,afp,Base,44,64,0,415,21,0.958,1.0,0.7529411764705882,0.8590604026845637,0.8764705882352941
primary_42_DecisionBoundary_afp_Base,42,DecisionBoundary,afp,Base,45,72,0,415,13,0.974,1.0,0.8470588235294118,0.9171974522292993,0.9235294117647059
primary_42_DecisionBoundary_afp_Base,42,DecisionBoundary,afp,Base,46,70,0,415,15,0.97,1.0,0.8235294117647058,0.9032258064516129,0.9117647058823529
primary_42_DecisionBoundary_afp_Base,42,DecisionBoundary,afp,Base,47,67,0,415,18,0.964,1.0,0.788235294117647,0.8815789473684211,0.8941176470588235
primary_42_DecisionBoundary_afp_Base,42,DecisionBoundary,afp,Base,48,73,0,415,12,0.976,1.0,0.8588235294117647,0.9240506329113923,0.9294117647058824
primary_42_DecisionBoundary_afp_Base,42,DecisionBoundary,afp,Base,49,69,1,414,16,0.966,0.9857142857142858,0.8117647058823529,0.8903225806451613,0.904677533664068
primary_42_DecisionBoundary_afp_Base,42,DecisionBoundary,afp,Base,50,66,0,415,19,0.962,1.0,0.7764705882352941,0.8741721854304636,0.888235294117647
primary_42_DecisionBoundary_afp_Base,42,DecisionBoundary,afp,Base,51,68,0,415,17,0.966,1.0,0.8,0.888888888888889,0.9
primary_42_DecisionBoundary_afp_Base,42,DecisionBoundary,afp,Base,52,65,0,415,20,0.96,1.0,0.7647058823529411,0.8666666666666666,0.8823529411764706
primary_42_DecisionBoundary_afp_Base,42,DecisionBoundary,afp,Base,53,63,0,415,22,0.956,1.0,0.7411764705882353,0.8513513513513514,0.8705882352941177
primary_42_DecisionBoundary_afp_Base,42,DecisionBoundary,afp,Base,54,66,0,415,19,0.962,1.0,0.7764705882352941,0.8741721854304636,0.888235294117647
primary_42_DecisionBoundary_afp_Base,42,DecisionBoundary,afp,Base,55,64,0,415,21,0.958,1.0,0.7529411764705882,0.8590604026845637,0.8764705882352941
primary_42_DecisionBoundary_afp_Base,42,DecisionBoundary,afp,Base,56,66,0,415,19,0.962,1.0,0.7764705882352941,0.8741721854304636,0.888235294117647
primary_42_DecisionBoundary_afp_Base,42,DecisionBoundary,afp,Base,57,68,0,415,17,0.966,1.0,0.8,0.888888888888889,0.9
primary_42_DecisionBoundary_afp_Base,42,DecisionBoundary,afp,Base,58,68,0,415,17,0.966,1.0,0.8,0.888888888888889,0.9
primary_42_DecisionBoundary_afp_Base,42,DecisionBoundary,afp,Base,59,69,0,415,16,0.968,1.0,0.8117647058823529,0.8961038961038961,0.9058823529411765
primary_42_DecisionBoundary_afp_Base,42,DecisionBoundary,afp,Base,60,66,0,415,19,0.962,1.0,0.7764705882352941,0.8741721854304636,0.888235294117647
primary_42_DecisionBoundary_afp_Base,42,DecisionBoundary,afp,Base,61,68,0,415,17,0.966,1.0,0.8,0.888888888888889,0.9
primary_42_DecisionBoundary_afp_Base,42,DecisionBoundary,afp,Base,62,66,0,415,19,0.962,1.0,0.7764705882352941,0.8741721854304636,0.888235294117647
primary_42_DecisionBoundary_afp_Base,42,DecisionBoundary,afp,Base,63,68,0,415,17,0.966,1.0,0.8,0.888888888888889,0.9
primary_42_DecisionBoundary_afp_Base,42,DecisionBoundary,afp,Base,64,63,0,415,22,0.956,1.0,0.7411764705882353,0.8513513513513514,0.8705882352941177
primary_42_DecisionBoundary_afp_Base,42,DecisionBoundary,afp,Base,65,65,0,415,20,0.96,1.0,0.7647058823529411,0.8666666666666666,0.8823529411764706
primary_42_DecisionBoundary_afp_Base,42,DecisionBoundary,afp,Base,66,68,0,415,17,0.966,1.0,0.8,0.888888888888889,0.9
primary_42_DecisionBoundary_afp_Base,42,DecisionBoundary,afp,Base,67,66,0,415,19,0.962,1.0,0.7764705882352941,0.8741721854304636,0.888235294117647
primary_42_DecisionBoundary_afp_Base,42,DecisionBoundary,afp,Base,68,66,0,415,19,0.962,1.0,0.7764705882352941,0.8741721854304636,0.888235294117647
primary_42_DecisionBoundary_afp_Base,42,DecisionBoundary,afp,Base,69,66,1,414,19,0.96,0.9850746268656716,0.7764705882352941,0.8684210526315789,0.8870304748405387
primary_42_DecisionBoundary_afp_Base,42,DecisionBoundary,afp,Base,70,69,0,415,16,0.968,1.0,0.8117647058823529,0.8961038961038961,0.9058823529411765
primary_42_DecisionBoundary_afp_Base,42,DecisionBoundary,afp,Base,71,67,0,415,18,0.964,1.0,0.788235294117647,0.8815789473684211,0.8941176470588235
primary_42_DecisionBoundary_afp_Base,42,DecisionBoundary,afp,Base,72,65,0,415,20,0.96,1.0,0.7647058823529411,0.8666666666666666,0.8823529411764706
primary_42_DecisionBoundary_afp_Base,42,DecisionBoundary,afp,Base,73,65,0,415,20,0.96,1.0,0.7647058823529411,0.8666666666666666,0.8823529411764706
primary_42_DecisionBoundary_afp_Base,42,DecisionBoundary,afp,Base,74,74,0,415,11,0.978,1.0,0.8705882352941177,0.9308176100628931,0.9352941176470588
primary_42_DecisionBoundary_afp_Base,42,DecisionBoundary,afp,Base,75,66,0,415,19,0.962,1.0,0.7764705882352941,0.8741721854304636,0.888235294117647
primary_42_DecisionBoundary_afp_Base,42,DecisionBoundary,afp,Base,76,69,0,415,16,0.968,1.0,0.8117647058823529,0.8961038961038961,0.9058823529411765
primary_42_DecisionBoundary_afp_Base,42,DecisionBoundary,afp,Base,77,70,0,415,15,0.97,1.0,0.8235294117647058,0.9032258064516129,0.9117647058823529
primary_42_DecisionBoundary_afp_Base,42,DecisionBoundary,afp,Base,78,68,0,415,17,0.966,1.0,0.8,0.888888888888889,0.9
primary_42_DecisionBoundary_afp_Base,42,DecisionBoundary,afp,Base,79,64,0,415,21,0.958,1.0,0.7529411764705882,0.8590604026845637,0.8764705882352941
primary_42_DecisionBoundary_afp_Base,42,DecisionBoundary,afp,Base,80,66,0,415,19,0.962,1.0,0.7764705882352941,0.8741721854304636,0.888235294117647
primary_42_DecisionBoundary_afp_Base,42,DecisionBoundary,afp,Base,81,65,0,415,20,0.96,1.0,0.7647058823529411,0.8666666666666666,0.8823529411764706
primary_42_DecisionBoundary_afp_Base,42,DecisionBoundary,afp,Base,82,71,0,415,14,0.972,1.0,0.8352941176470589,0.9102564102564102,0.9176470588235295
primary_42_DecisionBoundary_afp_Base,42,DecisionBoundary,afp,Base,83,62,0,415,23,0.954,1.0,0.7294117647058823,0.8435374149659863,0.8647058823529412
primary_42_DecisionBoundary_afp_Base,42,DecisionBoundary,afp,Base,84,69,0,415,16,0.968,1.0,0.8117647058823529,0.8961038961038961,0.9058823529411765
primary_42_DecisionBoundary_afp_Base,42,DecisionBoundary,afp,Base,85,68,0,415,17,0.966,1.0,0.8,0.888888888888889,0.9
primary_42_DecisionBoundary_afp_Base,42,DecisionBoundary,afp,Base,86,69,1,414,16,0.966,0.9857142857142858,0.8117647058823529,0.8903225806451613,0.904677533664068
primary_42_DecisionBoundary_afp_Base,42,DecisionBoundary,afp,Base,87,60,0,415,25,0.95,1.0,0.7058823529411765,0.8275862068965517,0.8529411764705883
primary_42_DecisionBoundary_afp_Base,42,DecisionBoundary,afp,Base,88,68,0,415,17,0.966,1.0,0.8,0.888888888888889,0.9
primary_42_DecisionBoundary_afp_Base,42,DecisionBoundary,afp,Base,89,69,0,415,16,0.968,1.0,0.8117647058823529,0.8961038961038961,0.9058823529411765
primary_42_DecisionBoundary_afp_Base,42,DecisionBoundary,afp,Base,90,67,0,415,18,0.964,1.0,0.788235294117647,0.8815789473684211,0.8941176470588235
primary_42_DecisionBoundary_afp_Base,42,DecisionBoundary,afp,Base,91,66,0,415,19,0.962,1.0,0.7764705882352941,0.8741721854304636,0.888235294117647
primary_42_DecisionBoundary_afp_Base,42,DecisionBoundary,afp,Base,92,62,0,415,23,0.954,1.0,0.7294117647058823,0.8435374149659863,0.8647058823529412
primary_42_DecisionBoundary_afp_Base,42,DecisionBoundary,afp,Base,93,70,0,415,15,0.97,1.0,0.8235294117647058,0.9032258064516129,0.9117647058823529
primary_42_DecisionBoundary_afp_Base,42,DecisionBoundary,afp,Base,94,69,0,415,16,0.968,1.0,0.8117647058823529,0.8961038961038961,0.9058823529411765
primary_42_DecisionBoundary_afp_Base,42,DecisionBoundary,afp,Base,95,71,0,415,14,0.972,1.0,0.8352941176470589,0.9102564102564102,0.9176470588235295
primary_42_DecisionBoundary_afp_Base,42,DecisionBoundary,afp,Base,96,67,0,415,18,0.964,1.0,0.788235294117647,0.8815789473684211,0.8941176470588235
primary_42_DecisionBoundary_afp_Base,42,DecisionBoundary,afp,Base,97,63,0,415,22,0.956,1.0,0.7411764705882353,0.8513513513513514,0.8705882352941177
primary_42_DecisionBoundary_afp_Base,42,DecisionBoundary,afp,Base,98,69,0,415,16,0.968,1.0,0.8117647058823529,0.8961038961038961,0.9058823529411765
primary_42_DecisionBoundary_afp_Base,42,DecisionBoundary,afp,Base,99,61,0,415,24,0.952,1.0,0.7176470588235294,0.8356164383561643,0.8588235294117648
primary_42_DecisionBoundary_afp_Base,42,DecisionBoundary,afp,Base,100,70,0,415,15,0.97,1.0,0.8235294117647058,0.9032258064516129,0.9117647058823529
primary_42_DecisionBoundary_afp_Base,42,DecisionBoundary,afp,Base,101,66,0,415,19,0.962,1.0,0.7764705882352941,0.8741721854304636,0.888235294117647
primary_42_DecisionBoundary_afp_Base,42,DecisionBoundary,afp,Base,102,65,0,415,20,0.96,1.0,0.7647058823529411,0.8666666666666666,0.8823529411764706
primary_42_DecisionBoundary_afp_Base,42,DecisionBoundary,afp,Base,103,74,0,415,11,0.978,1.0,0.8705882352941177,0.9308176100628931,0.9352941176470588
primary_42_DecisionBoundary_afp_Base,42,DecisionBoundary,afp,Base,104,72,0,415,13,0.974,1.0,0.8470588235294118,0.9171974522292993,0.9235294117647059
primary_42_DecisionBoundary_afp_Base,42,DecisionBoundary,afp,Base,105,70,0,415,15,0.97,1.0,0.8235294117647058,0.9032258064516129,0.9117647058823529
primary_42_DecisionBoundary_afp_Base,42,DecisionBoundary,afp,Base,106,69,0,415,16,0.968,1.0,0.8117647058823529,0.8961038961038961,0.9058823529411765
primary_42_DecisionBoundary_afp_Base,42,DecisionBoundary,afp,Base,107,66,0,415,19,0.962,1.0,0.7764705882352941,0.8741721854304636,0.888235294117647
primary_42_DecisionBoundary_afp_Base,42,DecisionBoundary,afp,Base,108,69,0,415,16,0.968,1.0,0.8117647058823529,0.8961038961038961,0.9058823529411765
primary_42_DecisionBoundary_afp_Base,42,DecisionBoundary,afp,Base,109,62,0,415,23,0.954,1.0,0.7294117647058823,0.8435374149659863,0.8647058823529412
primary_42_DecisionBoundary_afp_Base,42,DecisionBoundary,afp,Base,110,61,1,414,24,0.95,0.9838709677419355,0.7176470588235294,0.8299319727891156,0.8576187101346563
primary_42_DecisionBoundary_afp_Base,42,DecisionBoundary,afp,Base,111,69,0,415,16,0.968,1.0,0.8117647058823529,0.8961038961038961,0.9058823529411765
primary_42_DecisionBoundary_afp_Base,42,DecisionBoundary,afp,Base,112,69,0,415,16,0.968,1.0,0.8117647058823529,0.8961038961038961,0.9058823529411765
primary_42_DecisionBoundary_afp_Base,42,DecisionBoundary,afp,Base,113,68,0,415,17,0.966,1.0,0.8,0.888888888888889,0.9
primary_42_DecisionBoundary_afp_Base,42,DecisionBoundary,afp,Base,114,59,0,415,26,0.948,1.0,0.6941176470588235,0.8194444444444444,0.8470588235294118
primary_42_DecisionBoundary_afp_Base,42,DecisionBoundary,afp,Base,115,66,0,415,19,0.962,1.0,0.7764705882352941,0.8741721854304636,0.888235294117647
primary_42_DecisionBoundary_afp_Base,42,DecisionBoundary,afp,Base,116,60,0,415,25,0.95,1.0,0.7058823529411765,0.8275862068965517,0.8529411764705883
primary_42_DecisionBoundary_afp_Base,42,DecisionBoundary,afp,Base,117,70,0,415,15,0.97,1.0,0.8235294117647058,0.9032258064516129,0.9117647058823529
primary_42_DecisionBoundary_afp_Base,42,DecisionBoundary,afp,Base,118,70,0,415,15,0.97,1.0,0.8235294117647058,0.9032258064516129,0.9117647058823529
primary_42_DecisionBoundary_afp_Base,42,DecisionBoundary,afp,Base,119,71,0,415,14,0.972,1.0,0.8352941176470589,0.9102564102564102,0.9176470588235295
primary_42_DecisionBoundary_afp_Base,42,DecisionBoundary,afp,Base,120,73,0,415,12,0.976,1.0,0.8588235294117647,0.9240506329113923,0.9294117647058824
primary_42_DecisionBoundary_afp_Base,42,DecisionBoundary,afp,Base,121,68,0,415,17,0.966,1.0,0.8,0.888888888888889,0.9
primary_42_DecisionBoundary_afp_Base,42,DecisionBoundary,afp,Base,122,70,0,415,15,0.97,1.0,0.8235294117647058,0.9032258064516129,0.9117647058823529
primary_42_DecisionBoundary_afp_Base,42,DecisionBoundary,afp,Base,123,68,0,415,17,0.966,1.0,0.8,0.888888888888889,0.9
primary_42_DecisionBoundary_afp_Base,42,DecisionBoundary,afp,Base,124,67,0,415,18,0.964,1.0,0.788235294117647,0.8815789473684211,0.8941176470588235
primary_42_DecisionBoundary_afp_Base,42,DecisionBoundary,afp,Base,125,70,0,415,15,0.97,1.0,0.8235294117647058,0.9032258064516129,0.9117647058823529
primary_42_DecisionBoundary_afp_Base,42,DecisionBoundary,afp,Base,126,74,0,415,11,0.978,1.0,0.8705882352941177,0.9308176100628931,0.9352941176470588
primary_42_DecisionBoundary_afp_Base,42,DecisionBoundary,afp,Base,127,62,0,415,23,0.954,1.0,0.7294117647058823,0.8435374149659863,0.8647058823529412
primary_42_DecisionBoundary_afp_Base,42,DecisionBoundary,afp,Base,128,71,0,415,14,0.972,1.0,0.8352941176470589,0.9102564102564102,0.9176470588235295
primary_42_DecisionBoundary_afp_Base,42,DecisionBoundary,afp,Base,129,66,0,415,19,0.962,1.0,0.7764705882352941,0.8741721854304636,0.888235294117647
primary_42_DecisionBoundary_afp_Base,42,DecisionBoundary,afp,Base,130,74,0,415,11,0.978,1.0,0.8705882352941177,0.9308176100628931,0.9352941176470588
primary_42_DecisionBoundary_afp_Base,42,DecisionBoundary,afp,Base,131,64,0,415,21,0.958,1.0,0.7529411764705882,0.8590604026845637,0.8764705882352941
primary_42_DecisionBoundary_afp_Base,42,DecisionBoundary,afp,Base,132,63,0,415,22,0.956,1.0,0.7411764705882353,0.8513513513513514,0.8705882352941177
primary_42_DecisionBoundary_afp_Base,42,DecisionBoundary,afp,Base,133,67,0,415,18,0.964,1.0,0.788235294117647,0.8815789473684211,0.8941176470588235
primary_42_DecisionBoundary_afp_Base,42,DecisionBoundary,afp,Base,134,61,0,415,24,0.952,1.0,0.7176470588235294,0.8356164383561643,0.8588235294117648
primary_42_DecisionBoundary_afp_Base,42,DecisionBoundary,afp,Base,135,63,0,415,22,0.956,1.0,0.7411764705882353,0.8513513513513514,0.8705882352941177
primary_42_DecisionBoundary_afp_Base,42,DecisionBoundary,afp,Base,136,72,0,415,13,0.974,1.0,0.8470588235294118,0.9171974522292993,0.9235294117647059
primary_42_DecisionBoundary_afp_Base,42,DecisionBoundary,afp,Base,137,67,0,415,18,0.964,1.0,0.788235294117647,0.8815789473684211,0.8941176470588235
primary_42_DecisionBoundary_afp_Base,42,DecisionBoundary,afp,Base,138,70,0,415,15,0.97,1.0,0.8235294117647058,0.9032258064516129,0.9117647058823529
primary_42_DecisionBoundary_afp_Base,42,DecisionBoundary,afp,Base,139,67,0,415,18,0.964,1.0,0.788235294117647,0.8815789473684211,0.8941176470588235
primary_42_DecisionBoundary_afp_Base,42,DecisionBoundary,afp,Base,140,68,0,415,17,0.966,1.0,0.8,0.888888888888889,0.9
primary_42_DecisionBoundary_afp_Base,42,DecisionBoundary,afp,Base,141,67,0,415,18,0.964,1.0,0.788235294117647,0.8815789473684211,0.8941176470588235
primary_42_DecisionBoundary_afp_Base,42,DecisionBoundary,afp,Base,142,64,0,415,21,0.958,1.0,0.7529411764705882,0.8590604026845637,0.8764705882352941
primary_42_DecisionBoundary_afp_Base,42,DecisionBoundary,afp,Base,143,74,0,415,11,0.978,1.0,0.8705882352941177,0.9308176100628931,0.9352941176470588
primary_42_DecisionBoundary_afp_C1,42,DecisionBoundary,afp,C1,0,70,0,414,16,0.968,1.0,0.813953488372093,0.8974358974358974,0.9069767441860466
primary_42_DecisionBoundary_afp_C1,42,DecisionBoundary,afp,C1,1,69,0,414,17,0.966,1.0,0.8023255813953488,0.8903225806451612,0.9011627906976745
primary_42_DecisionBoundary_afp_C1,42,DecisionBoundary,afp,C1,2,78,0,414,8,0.984,1.0,0.9069767441860465,0.951219512195122,0.9534883720930232
primary_42_DecisionBoundary_afp_C1,42,DecisionBoundary,afp,C1,3,77,0,414,9,0.982,1.0,0.8953488372093024,0.9447852760736196,0.9476744186046512
primary_42_DecisionBoundary_afp_C1,42,DecisionBoundary,afp,C1,4,82,1,413,4,0.99,0.9879518072289156,0.9534883720930233,0.9704142011834319,0.9755364565779125
primary_42_DecisionBoundary_afp_C1,42,DecisionBoundary,afp,C1,5,81,0,414,5,0.99,1.0,0.9418604651162791,0.970059880239521,0.9709302325581395
primary_42_DecisionBoundary_afp_C1,42,DecisionBoundary,afp,C1,6,79,0,414,7,0.986,1.0,0.9186046511627907,0.9575757575757576,0.9593023255813953
primary_42_DecisionBoundary_afp_C1,42,DecisionBoundary,afp,C1,7,77,0,414,9,0.982,1.0,0.8953488372093024,0.9447852760736196,0.9476744186046512
primary_42_DecisionBoundary_afp_C1,42,DecisionBoundary,afp,C1,8,79,0,414,7,0.986,1.0,0.9186046511627907,0.9575757575757576,0.9593023255813953
primary_42_DecisionBoundary_afp_C1,42,DecisionBoundary,afp,C1,9,83,0,414,3,0.994,1.0,0.9651162790697675,0.9822485207100593,0.9825581395348837
primary_42_DecisionBoundary_afp_C1,42,DecisionBoundary,afp,C1,10,78,1,413,8,0.982,0.9873417721518988,0.9069767441860465,0.9454545454545454,0.9522806426244241
primary_42_DecisionBoundary_afp_C1,42,DecisionBoundary,afp,C1,11,79,0,414,7,0.986,1.0,0.9186046511627907,0.9575757575757576,0.9593023255813953
primary_42_DecisionBoundary_afp_C1,42,DecisionBoundary,afp,C1,12,81,0,414,5,0.99,1.0,0.9418604651162791,0.970059880239521,0.9709302325581395
primary_42_DecisionBoundary_afp_C1,42,DecisionBoundary,afp,C1,13,82,0,414,4,0.992,1.0,0.9534883720930233,0.9761904761904763,0.9767441860465116
primary_42_DecisionBoundary_afp_C1,42,DecisionBoundary,afp,C1,14,83,1,413,3,0.992,0.9880952380952381,0.9651162790697675,0.9764705882352942,0.9813504100662847
primary_42_DecisionBoundary_afp_C1,42,DecisionBoundary,afp,C1,15,82,0,414,4,0.992,1.0,0.9534883720930233,0.9761904761904763,0.9767441860465116
primary_42_DecisionBoundary_afp_C1,42,DecisionBoundary,afp,C1,16,76,1,413,10,0.978,0.987012987012987,0.8837209302325582,0.9325153374233128,0.94065273564768
primary_42_DecisionBoundary_afp_C1,42,DecisionBoundary,afp,C1,17,84,0,415,1,0.998,1.0,0.9882352941176471,0.9940828402366864,0.9941176470588236
primary_42_DecisionBoundary_afp_C1,42,DecisionBoundary,afp,C1,18,81,0,415,4,0.992,1.0,0.9529411764705882,0.9759036144578312,0.9764705882352941
primary_42_DecisionBoundary_afp_C1,42,DecisionBoundary,afp,C1,19,83,0,415,2,0.996,1.0,0.9764705882352941,0.988095238095238,0.9882352941176471
primary_42_DecisionBoundary_afp_C1,42,DecisionBoundary,afp,C1,20,75,1,414,10,0.978,0.9868421052631579,0.8823529411764706,0.9316770186335402,0.9399716513111269
primary_42_DecisionBoundary_afp_C1,42,DecisionBoundary,afp,C1,21,75,1,414,10,0.978,0.9868421052631579,0.8823529411764706,0.9316770186335402,0.9399716513111269
primary_42_DecisionBoundary_afp_C1,42,DecisionBoundary,afp,C1,22,75,0,415,10,0.98,1.0,0.8823529411764706,0.9375,0.9411764705882353
primary_42_DecisionBoundary_afp_C1,42,DecisionBoundary,afp,C1,23,80,0,415,5,0.99,1.0,0.9411764705882353,0.9696969696969697,0.9705882352941176
primary_42_DecisionBoundary_afp_C1,42,DecisionBoundary,afp,C1,24,79,0,415,6,0.988,1.0,0.9294117647058824,0.9634146341463414,0.9647058823529412
primary_42_DecisionBoundary_afp_C1,42,DecisionBoundary,afp,C1,25,76,0,415,9,0.982,1.0,0.8941176470588236,0.9440993788819877,0.9470588235294117
primary_42_DecisionBoundary_afp_C1,42,DecisionBoundary,afp,C1,26,76,0,415,9,0.982,1.0,0.8941176470588236,0.9440993788819877,0.9470588235294117
primary_42_DecisionBoundary_afp_C1,42,DecisionBoundary,afp,C1,27,74,0,415,11,0.978,1.0,0.8705882352941177,0.9308176100628931,0.9352941176470588
primary_42_DecisionBoundary_afp_C1,42,DecisionBoundary,afp,C1,28,79,0,415,6,0.988,1.0,0.9294117647058824,0.9634146341463414,0.9647058823529412
primary_42_DecisionBoundary_afp_C1,42,DecisionBoundary,afp,C1,29,79,0,415,6,0.988,1.0,0.9294117647058824,0.9634146341463414,0.9647058823529412
primary_42_DecisionBoundary_afp_C1,42,DecisionBoundary,afp,C1,30,77,0,415,8,0.984,1.0,0.9058823529411765,0.9506172839506173,0.9529411764705882
primary_42_DecisionBoundary_afp_C1,42,DecisionBoundary,afp,C1,31,76,1,414,9,0.98,0.987012987012987,0.8941176470588236,0.9382716049382716,0.9458540042523034
primary_42_DecisionBoundary_afp_C1,42,DecisionBoundary,afp,C1,32,79,0,415,6,0.988,1.0,0.9294117647058824,0.9634146341463414,0.9647058823529412
primary_42_DecisionBoundary_afp_C1,42,DecisionBoundary,afp,C1,33,78,0,415,7,0.986,1.0,0.9176470588235294,0.9570552147239264,0.9588235294117646
primary_42_DecisionBoundary_afp_C1,42,DecisionBoundary,afp,C1,34,77,1,414,8,0.982,0.9871794871794872,0.9058823529411765,0.9447852760736197,0.9517363571934798
primary_42_DecisionBoundary_afp_C1,42,DecisionBoundary,afp,C1,35,73,1,414,12,0.974,0.9864864864864865,0.8588235294117647,0.9182389937106918,0.9282069454287739
primary_42_DecisionBoundary_afp_C1,42,DecisionBoundary,afp,C1,36,77,0,415,8,0.984,1.0,0.9058823529411765,0.9506172839506173,0.9529411764705882
primary_42_DecisionBoundary_afp_C1,42,DecisionBoundary,afp,C1,37,80,1,414,5,0.988,0.9876543209876543,0.9411764705882353,0.963855421686747,0.9693834160170092
primary_42_DecisionBoundary_afp_C1,42,DecisionBoundary,afp,C1,38,78,0,415,7,0.986,1.0,0.9176470588235294,0.9570552147239264,0.9588235294117646
primary_42_DecisionBoundary_afp_C1,42,DecisionBoundary,afp,C1,39,80,0,415,5,0.99,1.0,0.9411764705882353,0.9696969696969697,0.9705882352941176
primary_42_DecisionBoundary_afp_C1,42,DecisionBoundary,afp,C1,40,81,0,415,4,0.992,1.0,0.9529411764705882,0.9759036144578312,0.9764705882352941
primary_42_DecisionBoundary_afp_C1,42,DecisionBoundary,afp,C1,41,81,0,415,4,0.992,1.0,0.9529411764705882,0.9759036144578312,0.9764705882352941
primary_42_DecisionBoundary_afp_C1,42,DecisionBoundary,afp,C1,42,78,0,415,7,0.986,1.0,0.9176470588235294,0.9570552147239264,0.9588235294117646
primary_42_DecisionBoundary_afp_C1,42,DecisionBoundary,afp,C1,43,79,1,414,6,0.986,0.9875,0.9294117647058824,0.9575757575757576,0.9635010630758327
primary_42_DecisionBoundary_afp_C1,42,DecisionBoundary,afp,C1,44,79,0,415,6,0.988,1.0,0.9294117647058824,0.9634146341463414,0.9647058823529412
primary_42_DecisionBoundary_afp_C1,42,DecisionBoundary,afp,C1,45,81,1,414,4,0.99,0.9878048780487805,0.9529411764705882,0.9700598802395209,0.9752657689581856
primary_42_DecisionBoundary_afp_C1,42,DecisionBoundary,afp,C1,46,81,1,414,4,0.99,0.9878048780487805,0.9529411764705882,0.9700598802395209,0.9752657689581856
primary_42_DecisionBoundary_afp_C1,42,DecisionBoundary,afp,C1,47,74,0,415,11,0.978,1.0,0.8705882352941177,0.9308176100628931,0.9352941176470588
primary_42_DecisionBoundary_afp_C1,42,DecisionBoundary,afp,C1,48,79,0,415,6,0.988,1.0,0.9294117647058824,0.9634146341463414,0.9647058823529412
primary_42_DecisionBoundary_afp_C1,42,DecisionBoundary,afp,C1,49,77,0,415,8,0.984,1.0,0.9058823529411765,0.9506172839506173,0.9529411764705882
primary_42_DecisionBoundary_afp_C1,42,DecisionBoundary,afp,C1,50,79,0,415,6,0.988,1.0,0.9294117647058824,0.9634146341463414,0.9647058823529412
primary_42_DecisionBoundary_afp_C1,42,DecisionBoundary,afp,C1,51,77,1,414,8,0.982,0.9871794871794872,0.9058823529411765,0.9447852760736197,0.9517363571934798
primary_42_DecisionBoundary_afp_C1,42,DecisionBoundary,afp,C1,52,77,1,414,8,0.982,0.9871794871794872,0.9058823529411765,0.9447852760736197,0.9517363571934798
primary_42_DecisionBoundary_afp_C1,42,DecisionBoundary,afp,C1,53,76,1,414,9,0.98,0.987012987012987,0.8941176470588236,0.9382716049382716,0.9458540042523034
primary_42_DecisionBoundary_afp_C1,42,DecisionBoundary,afp,C1,54,81,0,415,4,0.992,1.0,0.9529411764705882,0.9759036144578312,0.9764705882352941
primary_42_DecisionBoundary_afp_C1,42,DecisionBoundary,afp,C1,55,77,1,414,8,0.982,0.9871794871794872,0.9058823529411765,0.9447852760736197,0.9517363571934798
primary_42_DecisionBoundary_afp_C1,42,DecisionBoundary,afp,C1,56,74,0,415,11,0.978,1.0,0.8705882352941177,0.9308176100628931,0.9352941176470588
primary_42_DecisionBoundary_afp_C1,42,DecisionBoundary,afp,C1,57,80,1,414,5,0.988,0.9876543209876543,0.9411764705882353,0.963855421686747,0.9693834160170092
primary_42_DecisionBoundary_afp_C1,42,DecisionBoundary,afp,C1,58,78,2,413,7,0.982,0.975,0.9176470588235294,0.9454545454545454,0.9564138908575478
primary_42_DecisionBoundary_afp_C1,42,DecisionBoundary,afp,C1,59,77,1,414,8,0.982,0.9871794871794872,0.9058823529411765,0.9447852760736197,0.9517363571934798
primary_42_DecisionBoundary_afp_C1,42,DecisionBoundary,afp,C1,60,79,0,415,6,0.988,1.0,0.9294117647058824,0.9634146341463414,0.9647058823529412
primary_42_DecisionBoundary_afp_C1,42,DecisionBoundary,afp,C1,61,78,0,415,7,0.986,1.0,0.9176470588235294,0.9570552147239264,0.9588235294117646
primary_42_DecisionBoundary_afp_C1,42,DecisionBoundary,afp,C1,62,80,0,415,5,0.99,1.0,0.9411764705882353,0.9696969696969697,0.9705882352941176
primary_42_DecisionBoundary_afp_C1,42,DecisionBoundary,afp,C1,63,76,0,415,9,0.982,1.0,0.8941176470588236,0.9440993788819877,0.9470588235294117
primary_42_DecisionBoundary_afp_C1,42,DecisionBoundary,afp,C1,64,73,0,415,12,0.976,1.0,0.8588235294117647,0.9240506329113923,0.9294117647058824
primary_42_DecisionBoundary_afp_C1,42,DecisionBoundary,afp,C1,65,76,2,413,9,0.978,0.9743589743589743,0.8941176470588236,0.9325153374233129,0.9446491849751949
primary_42_DecisionBoundary_afp_C1,42,DecisionBoundary,afp,C1,66,81,1,414,4,0.99,0.9878048780487805,0.9529411764705882,0.9700598802395209,0.9752657689581856
primary_42_DecisionBoundary_afp_C1,42,DecisionBoundary,afp,C1,67,78,1,414,7,0.984,0.9873417721518988,0.9176470588235294,0.9512195121951219,0.9576187101346563
primary_42_DecisionBoundary_afp_C1,42,DecisionBoundary,afp,C1,68,77,0,415,8,0.984,1.0,0.9058823529411765,0.9506172839506173,0.9529411764705882
primary_42_DecisionBoundary_afp_C1,42,DecisionBoundary,afp,C1,69,79,2,413,6,0.984,0.9753086419753086,0.9294117647058824,0.9518072289156626,0.9622962437987244
primary_42_DecisionBoundary_afp_C1,42,DecisionBoundary,afp,C1,70,80,0,415,5,0.99,1.0,0.9411764705882353,0.9696969696969697,0.9705882352941176
primary_42_DecisionBoundary_afp_C1,42,DecisionBoundary,afp,C1,71,76,0,415,9,0.982,1.0,0.8941176470588236,0.9440993788819877,0.9470588235294117
primary_42_DecisionBoundary_afp_C1,42,DecisionBoundary,afp,C1,72,78,1,414,7,0.984,0.9873417721518988,0.9176470588235294,0.9512195121951219,0.9576187101346563
primary_42_DecisionBoundary_afp_C1,42,DecisionBoundary,afp,C1,73,75,1,414,10,0.978,0.9868421052631579,0.8823529411764706,0.9316770186335402,0.9399716513111269
primary_42_DecisionBoundary_afp_C1,42,DecisionBoundary,afp,C1,74,81,0,415,4,0.992,1.0,0.9529411764705882,0.9759036144578312,0.9764705882352941
primary_42_DecisionBoundary_afp_C1,42,DecisionBoundary,afp,C1,75,77,0,415,8,0.984,1.0,0.9058823529411765,0.9506172839506173,0.9529411764705882
primary_42_DecisionBoundary_afp_C1,42,DecisionBoundary,afp,C1,76,81,1,414,4,0.99,0.9878048780487805,0.9529411764705882,0.9700598802395209,0.9752657689581856
primary_42_DecisionBoundary_afp_C1,42,DecisionBoundary,afp,C1,77,79,0,415,6,0.988,1.0,0.9294117647058824,0.9634146341463414,0.9647058823529412
primary_42_DecisionBoundary_afp_C1,42,DecisionBoundary,afp,C1,78,82,1,414,3,0.992,0.9879518072289156,0.9647058823529412,0.9761904761904762,0.9811481218993622
primary_42_DecisionBoundary_afp_C1,42,DecisionBoundary,afp,C1,79,80,0,415,5,0.99,1.0,0.9411764705882353,0.9696969696969697,0.9705882352941176
primary_42_DecisionBoundary_afp_C1,42,DecisionBoundary,afp,C1,80,78,0,415,7,0.986,1.0,0.9176470588235294,0.9570552147239264,0.9588235294117646
primary_42_DecisionBoundary_afp_C1,42,DecisionBoundary,afp,C1,81,75,0,415,10,0.98,1.0,0.8823529411764706,0.9375,0.9411764705882353
primary_42_DecisionBoundary_afp_C1,42,DecisionBoundary,afp,C1,82,80,1,414,5,0.988,0.9876543209876543,0.9411764705882353,0.963855421686747,0.9693834160170092
primary_42_DecisionBoundary_afp_C1,42,DecisionBoundary,afp,C1,83,76,0,415,9,0.982,1.0,0.8941176470588236,0.9440993788819877,0.9470588235294117
primary_42_DecisionBoundary_afp_C1,42,DecisionBoundary,afp,C1,84,77,0,415,8,0.984,1.0,0.9058823529411765,0.9506172839506173,0.9529411764705882
primary_42_DecisionBoundary_afp_C1,42,DecisionBoundary,afp,C1,85,81,1,414,4,0.99,0.9878048780487805,0.9529411764705882,0.9700598802395209,0.9752657689581856
primary_42_DecisionBoundary_afp_C1,42,DecisionBoundary,afp,C1,86,75,2,413,10,0.976,0.974025974025974,0.8823529411764706,0.9259259259259258,0.9387668320340183
primary_42_DecisionBoundary_afp_C1,42,DecisionBoundary,afp,C1,87,78,0,415,7,0.986,1.0,0.9176470588235294,0.9570552147239264,0.9588235294117646
primary_42_DecisionBoundary_afp_C1,42,DecisionBoundary,afp,C1,88,81,0,415,4,0.992,1.0,0.9529411764705882,0.9759036144578312,0.9764705882352941
primary_42_DecisionBoundary_afp_C1,42,DecisionBoundary,afp,C1,89,77,1,414,8,0.982,0.9871794871794872,0.9058823529411765,0.9447852760736197,0.9517363571934798
primary_42_DecisionBoundary_afp_C1,42,DecisionBoundary,afp,C1,90,82,1,414,3,0.992,0.9879518072289156,0.9647058823529412,0.9761904761904762,0.9811481218993622
primary_42_DecisionBoundary_afp_C1,42,DecisionBoundary,afp,C1,91,80,2,413,5,0.986,0.975609756097561,0.9411764705882353,0.9580838323353293,0.9681785967399008
primary_42_DecisionBoundary_afp_C1,42,DecisionBoundary,afp,C1,92,79,0,415,6,0.988,1.0,0.9294117647058824,0.9634146341463414,0.9647058823529412
primary_42_DecisionBoundary_afp_C1,42,DecisionBoundary,afp,C1,93,78,0,415,7,0.986,1.0,0.9176470588235294,0.9570552147239264,0.9588235294117646
primary_42_DecisionBoundary_afp_C1,42,DecisionBoundary,afp,C1,94,80,0,415,5,0.99,1.0,0.9411764705882353,0.9696969696969697,0.9705882352941176
primary_42_DecisionBoundary_afp_C1,42,DecisionBoundary,afp,C1,95,81,1,414,4,0.99,0.9878048780487805,0.9529411764705882,0.9700598802395209,0.9752657689581856
primary_42_DecisionBoundary_afp_C1,42,DecisionBoundary,afp,C1,96,83,0,415,2,0.996,1.0,0.9764705882352941,0.988095238095238,0.9882352941176471
primary_42_DecisionBoundary_afp_C1,42,DecisionBoundary,afp,C1,97,75,1,414,10,0.978,0.9868421052631579,0.8823529411764706,0.9316770186335402,0.9399716513111269
primary_42_DecisionBoundary_afp_C1,42,DecisionBoundary,afp,C1,98,78,0,415,7,0.986,1.0,0.9176470588235294,0.9570552147239264,0.9588235294117646
primary_42_DecisionBoundary_afp_C1,42,DecisionBoundary,afp,C1,99,81,1,414,4,0.99,0.9878048780487805,0.9529411764705882,0.9700598802395209,0.9752657689581856
primary_42_DecisionBoundary_afp_C1,42,DecisionBoundary,afp,C1,100,78,1,414,7,0.984,0.9873417721518988,0.9176470588235294,0.9512195121951219,0.9576187101346563
primary_42_DecisionBoundary_afp_C1,42,DecisionBoundary,afp,C1,101,81,0,415,4,0.992,1.0,0.9529411764705882,0.9759036144578312,0.9764705882352941
primary_42_DecisionBoundary_afp_C1,42,DecisionBoundary,afp,C1,102,79,0,415,6,0.988,1.0,0.9294117647058824,0.9634146341463414,0.9647058823529412
primary_42_DecisionBoundary_afp_C1,42,DecisionBoundary,afp,C1,103,80,0,415,5,0.99,1.0,0.9411764705882353,0.9696969696969697,0.9705882352941176
primary_42_DecisionBoundary_afp_C1,42,DecisionBoundary,afp,C1,104,82,0,415,3,0.994,1.0,0.9647058823529412,0.9820359281437125,0.9823529411764707
primary_42_DecisionBoundary_afp_C1,42,DecisionBoundary,afp,C1,105,80,0,415,5,0.99,1.0,0.9411764705882353,0.9696969696969697,0.9705882352941176
primary_42_DecisionBoundary_afp_C1,42,DecisionBoundary,afp,C1,106,79,0,415,6,0.988,1.0,0.9294117647058824,0.9634146341463414,0.9647058823529412
primary_42_DecisionBoundary_afp_C1,42,DecisionBoundary,afp,C1,107,78,0,415,7,0.986,1.0,0.9176470588235294,0.9570552147239264,0.9588235294117646
primary_42_DecisionBoundary_afp_C1,42,DecisionBoundary,afp,C1,108,78,0,415,7,0.986,1.0,0.9176470588235294,0.9570552147239264,0.9588235294117646
primary_42_DecisionBoundary_afp_C1,42,DecisionBoundary,afp,C1,109,77,0,415,8,0.984,1.0,0.9058823529411765,0.9506172839506173,0.9529411764705882
primary_42_DecisionBoundary_afp_C1,42,DecisionBoundary,afp,C1,110,76,1,414,9,0.98,0.987012987012987,0.8941176470588236,0.9382716049382716,0.9458540042523034
primary_42_DecisionBoundary_afp_C1,42,DecisionBoundary,afp,C1,111,80,1,414,5,0.988,0.9876543209876543,0.9411764705882353,0.963855421686747,0.9693834160170092
primary_42_DecisionBoundary_afp_C1,42,DecisionBoundary,afp,C1,112,81,1,414,4,0.99,0.9878048780487805,0.9529411764705882,0.9700598802395209,0.9752657689581856
primary_42_DecisionBoundary_afp_C1,42,DecisionBoundary,afp,C1,113,78,1,414,7,0.984,0.9873417721518988,0.9176470588235294,0.9512195121951219,0.9576187101346563
primary_42_DecisionBoundary_afp_C1,42,DecisionBoundary,afp,C1,114,74,0,415,11,0.978,1.0,0.8705882352941177,0.9308176100628931,0.9352941176470588
primary_42_DecisionBoundary_afp_C1,42,DecisionBoundary,afp,C1,115,78,0,415,7,0.986,1.0,0.9176470588235294,0.9570552147239264,0.9588235294117646
primary_42_DecisionBoundary_afp_C1,42,DecisionBoundary,afp,C1,116,78,1,414,7,0.984,0.9873417721518988,0.9176470588235294,0.9512195121951219,0.9576187101346563
primary_42_DecisionBoundary_afp_C1,42,DecisionBoundary,afp,C1,117,80,0,415,5,0.99,1.0,0.9411764705882353,0.9696969696969697,0.9705882352941176
primary_42_DecisionBoundary_afp_C1,42,DecisionBoundary,afp,C1,118,78,1,414,7,0.984,0.9873417721518988,0.9176470588235294,0.9512195121951219,0.9576187101346563
primary_42_DecisionBoundary_afp_C1,42,DecisionBoundary,afp,C1,119,80,0,415,5,0.99,1.0,0.9411764705882353,0.9696969696969697,0.9705882352941176
primary_42_DecisionBoundary_afp_C1,42,DecisionBoundary,afp,C1,120,78,0,415,7,0.986,1.0,0.9176470588235294,0.9570552147239264,0.9588235294117646
primary_42_DecisionBoundary_afp_C1,42,DecisionBoundary,afp,C1,121,80,0,415,5,0.99,1.0,0.9411764705882353,0.9696969696969697,0.9705882352941176
primary_42_DecisionBoundary_afp_C1,42,DecisionBoundary,afp,C1,122,77,0,415,8,0.984,1.0,0.9058823529411765,0.9506172839506173,0.9529411764705882
primary_42_DecisionBoundary_afp_C1,42,DecisionBoundary,afp,C1,123,76,0,415,9,0.982,1.0,0.8941176470588236,0.9440993788819877,0.9470588235294117
primary_42_DecisionBoundary_afp_C1,42,DecisionBoundary,afp,C1,124,78,1,414,7,0.984,0.9873417721518988,0.9176470588235294,0.9512195121951219,0.9576187101346563
primary_42_DecisionBoundary_afp_C1,42,DecisionBoundary,afp,C1,125,82,2,413,3,0.99,0.9761904761904762,0.9647058823529412,0.9704142011834319,0.9799433026222537
primary_42_DecisionBoundary_afp_C1,42,DecisionBoundary,afp,C1,126,83,0,415,2,0.996,1.0,0.9764705882352941,0.988095238095238,0.9882352941176471
primary_42_DecisionBoundary_afp_C1,42,DecisionBoundary,afp,C1,127,75,0,415,10,0.98,1.0,0.8823529411764706,0.9375,0.9411764705882353
primary_42_DecisionBoundary_afp_C1,42,DecisionBoundary,afp,C1,128,82,0,415,3,0.994,1.0,0.9647058823529412,0.9820359281437125,0.9823529411764707
primary_42_DecisionBoundary_afp_C1,42,DecisionBoundary,afp,C1,129,79,0,415,6,0.988,1.0,0.9294117647058824,0.9634146341463414,0.9647058823529412
primary_42_DecisionBoundary_afp_C1,42,DecisionBoundary,afp,C1,130,83,0,415,2,0.996,1.0,0.9764705882352941,0.988095238095238,0.9882352941176471
primary_42_DecisionBoundary_afp_C1,42,DecisionBoundary,afp,C1,131,78,1,414,7,0.984,0.9873417721518988,0.9176470588235294,0.9512195121951219,0.9576187101346563
primary_42_DecisionBoundary_afp_C1,42,DecisionBoundary,afp,C1,132,77,0,415,8,0.984,1.0,0.9058823529411765,0.9506172839506173,0.9529411764705882
primary_42_DecisionBoundary_afp_C1,42,DecisionBoundary,afp,C1,133,80,1,414,5,0.988,0.9876543209876543,0.9411764705882353,0.963855421686747,0.9693834160170092
primary_42_DecisionBoundary_afp_C1,42,DecisionBoundary,afp,C1,134,76,0,415,9,0.982,1.0,0.8941176470588236,0.9440993788819877,0.9470588235294117
primary_42_DecisionBoundary_afp_C1,42,DecisionBoundary,afp,C1,135,80,0,415,5,0.99,1.0,0.9411764705882353,0.9696969696969697,0.9705882352941176
primary_42_DecisionBoundary_afp_C1,42,DecisionBoundary,afp,C1,136,82,0,415,3,0.994,1.0,0.9647058823529412,0.9820359281437125,0.9823529411764707
primary_42_DecisionBoundary_afp_C1,42,DecisionBoundary,afp,C1,137,77,2,413,8,0.98,0.9746835443037974,0.9058823529411765,0.9390243902439025,0.9505315379163713
primary_42_DecisionBoundary_afp_C1,42,DecisionBoundary,afp,C1,138,81,0,415,4,0.992,1.0,0.9529411764705882,0.9759036144578312,0.9764705882352941
primary_42_DecisionBoundary_afp_C1,42,DecisionBoundary,afp,C1,139,76,1,414,9,0.98,0.987012987012987,0.8941176470588236,0.9382716049382716,0.9458540042523034
primary_42_DecisionBoundary_afp_C1,42,DecisionBoundary,afp,C1,140,79,0,415,6,0.988,1.0,0.9294117647058824,0.9634146341463414,0.9647058823529412
primary_42_DecisionBoundary_afp_C1,42,DecisionBoundary,afp,C1,141,77,0,415,8,0.984,1.0,0.9058823529411765,0.9506172839506173,0.9529411764705882
primary_42_DecisionBoundary_afp_C1,42,DecisionBoundary,afp,C1,142,81,0,415,4,0.992,1.0,0.9529411764705882,0.9759036144578312,0.9764705882352941
primary_42_DecisionBoundary_afp_C1,42,DecisionBoundary,afp,C1,143,81,0,415,4,0.992,1.0,0.9529411764705882,0.9759036144578312,0.9764705882352941
primary_42_DecisionBoundary_feature_squeezing_Base,42,DecisionBoundary,feature_squeezing,Base,0,79,0,414,7,0.986,1.0,0.9186046511627907,0.9575757575757576,0.9593023255813953
primary_42_DecisionBoundary_feature_squeezing_Base,42,DecisionBoundary,feature_squeezing,Base,1,78,0,414,8,0.984,1.0,0.9069767441860465,0.951219512195122,0.9534883720930232
primary_42_DecisionBoundary_feature_squeezing_Base,42,DecisionBoundary,feature_squeezing,Base,2,81,1,413,5,0.988,0.9878048780487805,0.9418604651162791,0.9642857142857143,0.9697225030895404
primary_42_DecisionBoundary_feature_squeezing_Base,42,DecisionBoundary,feature_squeezing,Base,3,80,0,414,6,0.988,1.0,0.9302325581395349,0.963855421686747,0.9651162790697674
primary_42_DecisionBoundary_feature_squeezing_Base,42,DecisionBoundary,feature_squeezing,Base,4,83,0,414,3,0.994,1.0,0.9651162790697675,0.9822485207100593,0.9825581395348837
primary_42_DecisionBoundary_feature_squeezing_Base,42,DecisionBoundary,feature_squeezing,Base,5,80,1,413,6,0.986,0.9876543209876543,0.9302325581395349,0.9580838323353293,0.9639085496011683
primary_42_DecisionBoundary_feature_squeezing_Base,42,DecisionBoundary,feature_squeezing,Base,6,81,0,414,5,0.99,1.0,0.9418604651162791,0.970059880239521,0.9709302325581395
primary_42_DecisionBoundary_feature_squeezing_Base,42,DecisionBoundary,feature_squeezing,Base,7,76,0,414,10,0.98,1.0,0.8837209302325582,0.9382716049382717,0.9418604651162791
primary_42_DecisionBoundary_feature_squeezing_Base,42,DecisionBoundary,feature_squeezing,Base,8,78,0,414,8,0.984,1.0,0.9069767441860465,0.951219512195122,0.9534883720930232
primary_42_DecisionBoundary_feature_squeezing_Base,42,DecisionBoundary,feature_squeezing,Base,9,83,0,414,3,0.994,1.0,0.9651162790697675,0.9822485207100593,0.9825581395348837
primary_42_DecisionBoundary_feature_squeezing_Base,42,DecisionBoundary,feature_squeezing,Base,10,78,0,414,8,0.984,1.0,0.9069767441860465,0.951219512195122,0.9534883720930232
primary_42_DecisionBoundary_feature_squeezing_Base,42,DecisionBoundary,feature_squeezing,Base,11,79,0,414,7,0.986,1.0,0.9186046511627907,0.9575757575757576,0.9593023255813953
primary_42_DecisionBoundary_feature_squeezing_Base,42,DecisionBoundary,feature_squeezing,Base,12,82,0,414,4,0.992,1.0,0.9534883720930233,0.9761904761904763,0.9767441860465116
primary_42_DecisionBoundary_feature_squeezing_Base,42,DecisionBoundary,feature_squeezing,Base,13,82,0,414,4,0.992,1.0,0.9534883720930233,0.9761904761904763,0.9767441860465116
primary_42_DecisionBoundary_feature_squeezing_Base,42,DecisionBoundary,feature_squeezing,Base,14,82,1,413,4,0.99,0.9879518072289156,0.9534883720930233,0.9704142011834319,0.9755364565779125
primary_42_DecisionBoundary_feature_squeezing_Base,42,DecisionBoundary,feature_squeezing,Base,15,80,0,414,6,0.988,1.0,0.9302325581395349,0.963855421686747,0.9651162790697674
primary_42_DecisionBoundary_feature_squeezing_Base,42,DecisionBoundary,feature_squeezing,Base,16,76,0,414,10,0.98,1.0,0.8837209302325582,0.9382716049382717,0.9418604651162791
primary_42_DecisionBoundary_feature_squeezing_Base,42,DecisionBoundary,feature_squeezing,Base,17,84,0,415,1,0.998,1.0,0.9882352941176471,0.9940828402366864,0.9941176470588236
primary_42_DecisionBoundary_feature_squeezing_Base,42,DecisionBoundary,feature_squeezing,Base,18,80,0,415,5,0.99,1.0,0.9411764705882353,0.9696969696969697,0.9705882352941176
primary_42_DecisionBoundary_feature_squeezing_Base,42,DecisionBoundary,feature_squeezing,Base,19,82,0,415,3,0.994,1.0,0.9647058823529412,0.9820359281437125,0.9823529411764707
primary_42_DecisionBoundary_feature_squeezing_Base,42,DecisionBoundary,feature_squeezing,Base,20,74,0,415,11,0.978,1.0,0.8705882352941177,0.9308176100628931,0.9352941176470588
primary_42_DecisionBoundary_feature_squeezing_Base,42,DecisionBoundary,feature_squeezing,Base,21,74,0,415,11,0.978,1.0,0.8705882352941177,0.9308176100628931,0.9352941176470588
primary_42_DecisionBoundary_feature_squeezing_Base,42,DecisionBoundary,feature_squeezing,Base,22,73,0,415,12,0.976,1.0,0.8588235294117647,0.9240506329113923,0.9294117647058824
primary_42_DecisionBoundary_feature_squeezing_Base,42,DecisionBoundary,feature_squeezing,Base,23,80,0,415,5,0.99,1.0,0.9411764705882353,0.9696969696969697,0.9705882352941176
primary_42_DecisionBoundary_feature_squeezing_Base,42,DecisionBoundary,feature_squeezing,Base,24,78,0,415,7,0.986,1.0,0.9176470588235294,0.9570552147239264,0.9588235294117646
primary_42_DecisionBoundary_feature_squeezing_Base,42,DecisionBoundary,feature_squeezing,Base,25,76,0,415,9,0.982,1.0,0.8941176470588236,0.9440993788819877,0.9470588235294117
primary_42_DecisionBoundary_feature_squeezing_Base,42,DecisionBoundary,feature_squeezing,Base,26,75,0,415,10,0.98,1.0,0.8823529411764706,0.9375,0.9411764705882353
primary_42_DecisionBoundary_feature_squeezing_Base,42,DecisionBoundary,feature_squeezing,Base,27,72,0,415,13,0.974,1.0,0.8470588235294118,0.9171974522292993,0.9235294117647059
primary_42_DecisionBoundary_feature_squeezing_Base,42,DecisionBoundary,feature_squeezing,Base,28,79,0,415,6,0.988,1.0,0.9294117647058824,0.9634146341463414,0.9647058823529412
primary_42_DecisionBoundary_feature_squeezing_Base,42,DecisionBoundary,feature_squeezing,Base,29,79,0,415,6,0.988,1.0,0.9294117647058824,0.9634146341463414,0.9647058823529412
primary_42_DecisionBoundary_feature_squeezing_Base,42,DecisionBoundary,feature_squeezing,Base,30,78,0,415,7,0.986,1.0,0.9176470588235294,0.9570552147239264,0.9588235294117646
primary_42_DecisionBoundary_feature_squeezing_Base,42,DecisionBoundary,feature_squeezing,Base,31,75,0,415,10,0.98,1.0,0.8823529411764706,0.9375,0.9411764705882353
primary_42_DecisionBoundary_feature_squeezing_Base,42,DecisionBoundary,feature_squeezing,Base,32,77,0,415,8,0.984,1.0,0.9058823529411765,0.9506172839506173,0.9529411764705882
primary_42_DecisionBoundary_feature_squeezing_Base,42,DecisionBoundary,feature_squeezing,Base,33,78,0,415,7,0.986,1.0,0.9176470588235294,0.9570552147239264,0.9588235294117646
primary_42_DecisionBoundary_feature_squeezing_Base,42,DecisionBoundary,feature_squeezing,Base,34,76,1,414,9,0.98,0.987012987012987,0.8941176470588236,0.9382716049382716,0.9458540042523034
primary_42_DecisionBoundary_feature_squeezing_Base,42,DecisionBoundary,feature_squeezing,Base,35,72,0,415,13,0.974,1.0,0.8470588235294118,0.9171974522292993,0.9235294117647059
primary_42_DecisionBoundary_feature_squeezing_Base,42,DecisionBoundary,feature_squeezing,Base,36,77,0,415,8,0.984,1.0,0.9058823529411765,0.9506172839506173,0.9529411764705882
primary_42_DecisionBoundary_feature_squeezing_Base,42,DecisionBoundary,feature_squeezing,Base,37,79,1,414,6,0.986,0.9875,0.9294117647058824,0.9575757575757576,0.9635010630758327
primary_42_DecisionBoundary_feature_squeezing_Base,42,DecisionBoundary,feature_squeezing,Base,38,79,0,415,6,0.988,1.0,0.9294117647058824,0.9634146341463414,0.9647058823529412
primary_42_DecisionBoundary_feature_squeezing_Base,42,DecisionBoundary,feature_squeezing,Base,39,78,0,415,7,0.986,1.0,0.9176470588235294,0.9570552147239264,0.9588235294117646
primary_42_DecisionBoundary_feature_squeezing_Base,42,DecisionBoundary,feature_squeezing,Base,40,81,0,415,4,0.992,1.0,0.9529411764705882,0.9759036144578312,0.9764705882352941
primary_42_DecisionBoundary_feature_squeezing_Base,42,DecisionBoundary,feature_squeezing,Base,41,79,0,415,6,0.988,1.0,0.9294117647058824,0.9634146341463414,0.9647058823529412
primary_42_DecisionBoundary_feature_squeezing_Base,42,DecisionBoundary,feature_squeezing,Base,42,77,0,415,8,0.984,1.0,0.9058823529411765,0.9506172839506173,0.9529411764705882
primary_42_DecisionBoundary_feature_squeezing_Base,42,DecisionBoundary,feature_squeezing,Base,43,76,1,414,9,0.98,0.987012987012987,0.8941176470588236,0.9382716049382716,0.9458540042523034
primary_42_DecisionBoundary_feature_squeezing_Base,42,DecisionBoundary,feature_squeezing,Base,44,79,0,415,6,0.988,1.0,0.9294117647058824,0.9634146341463414,0.9647058823529412
primary_42_DecisionBoundary_feature_squeezing_Base,42,DecisionBoundary,feature_squeezing,Base,45,81,0,415,4,0.992,1.0,0.9529411764705882,0.9759036144578312,0.9764705882352941
primary_42_DecisionBoundary_feature_squeezing_Base,42,DecisionBoundary,feature_squeezing,Base,46,80,1,414,5,0.988,0.9876543209876543,0.9411764705882353,0.963855421686747,0.9693834160170092
primary_42_DecisionBoundary_feature_squeezing_Base,42,DecisionBoundary,feature_squeezing,Base,47,73,0,415,12,0.976,1.0,0.8588235294117647,0.9240506329113923,0.9294117647058824
primary_42_DecisionBoundary_feature_squeezing_Base,42,DecisionBoundary,feature_squeezing,Base,48,79,0,415,6,0.988,1.0,0.9294117647058824,0.9634146341463414,0.9647058823529412
primary_42_DecisionBoundary_feature_squeezing_Base,42,DecisionBoundary,feature_squeezing,Base,49,77,0,415,8,0.984,1.0,0.9058823529411765,0.9506172839506173,0.9529411764705882
primary_42_DecisionBoundary_feature_squeezing_Base,42,DecisionBoundary,feature_squeezing,Base,50,77,0,415,8,0.984,1.0,0.9058823529411765,0.9506172839506173,0.9529411764705882
primary_42_DecisionBoundary_feature_squeezing_Base,42,DecisionBoundary,feature_squeezing,Base,51,77,1,414,8,0.982,0.9871794871794872,0.9058823529411765,0.9447852760736197,0.9517363571934798
primary_42_DecisionBoundary_feature_squeezing_Base,42,DecisionBoundary,feature_squeezing,Base,52,76,0,415,9,0.982,1.0,0.8941176470588236,0.9440993788819877,0.9470588235294117
primary_42_DecisionBoundary_feature_squeezing_Base,42,DecisionBoundary,feature_squeezing,Base,53,76,0,415,9,0.982,1.0,0.8941176470588236,0.9440993788819877,0.9470588235294117
primary_42_DecisionBoundary_feature_squeezing_Base,42,DecisionBoundary,feature_squeezing,Base,54,81,0,415,4,0.992,1.0,0.9529411764705882,0.9759036144578312,0.9764705882352941
primary_42_DecisionBoundary_feature_squeezing_Base,42,DecisionBoundary,feature_squeezing,Base,55,77,0,415,8,0.984,1.0,0.9058823529411765,0.9506172839506173,0.9529411764705882
primary_42_DecisionBoundary_feature_squeezing_Base,42,DecisionBoundary,feature_squeezing,Base,56,75,0,415,10,0.98,1.0,0.8823529411764706,0.9375,0.9411764705882353
primary_42_DecisionBoundary_feature_squeezing_Base,42,DecisionBoundary,feature_squeezing,Base,57,80,0,415,5,0.99,1.0,0.9411764705882353,0.9696969696969697,0.9705882352941176
primary_42_DecisionBoundary_feature_squeezing_Base,42,DecisionBoundary,feature_squeezing,Base,58,78,0,415,7,0.986,1.0,0.9176470588235294,0.9570552147239264,0.9588235294117646
primary_42_DecisionBoundary_feature_squeezing_Base,42,DecisionBoundary,feature_squeezing,Base,59,76,0,415,9,0.982,1.0,0.8941176470588236,0.9440993788819877,0.9470588235294117
primary_42_DecisionBoundary_feature_squeezing_Base,42,DecisionBoundary,feature_squeezing,Base,60,77,0,415,8,0.984,1.0,0.9058823529411765,0.9506172839506173,0.9529411764705882
primary_42_DecisionBoundary_feature_squeezing_Base,42,DecisionBoundary,feature_squeezing,Base,61,76,0,415,9,0.982,1.0,0.8941176470588236,0.9440993788819877,0.9470588235294117
primary_42_DecisionBoundary_feature_squeezing_Base,42,DecisionBoundary,feature_squeezing,Base,62,80,0,415,5,0.99,1.0,0.9411764705882353,0.9696969696969697,0.9705882352941176
primary_42_DecisionBoundary_feature_squeezing_Base,42,DecisionBoundary,feature_squeezing,Base,63,76,0,415,9,0.982,1.0,0.8941176470588236,0.9440993788819877,0.9470588235294117
primary_42_DecisionBoundary_feature_squeezing_Base,42,DecisionBoundary,feature_squeezing,Base,64,73,0,415,12,0.976,1.0,0.8588235294117647,0.9240506329113923,0.9294117647058824
primary_42_DecisionBoundary_feature_squeezing_Base,42,DecisionBoundary,feature_squeezing,Base,65,76,0,415,9,0.982,1.0,0.8941176470588236,0.9440993788819877,0.9470588235294117
primary_42_DecisionBoundary_feature_squeezing_Base,42,DecisionBoundary,feature_squeezing,Base,66,79,0,415,6,0.988,1.0,0.9294117647058824,0.9634146341463414,0.9647058823529412
primary_42_DecisionBoundary_feature_squeezing_Base,42,DecisionBoundary,feature_squeezing,Base,67,78,0,415,7,0.986,1.0,0.9176470588235294,0.9570552147239264,0.9588235294117646
primary_42_DecisionBoundary_feature_squeezing_Base,42,DecisionBoundary,feature_squeezing,Base,68,77,0,415,8,0.984,1.0,0.9058823529411765,0.9506172839506173,0.9529411764705882
primary_42_DecisionBoundary_feature_squeezing_Base,42,DecisionBoundary,feature_squeezing,Base,69,75,1,414,10,0.978,0.9868421052631579,0.8823529411764706,0.9316770186335402,0.9399716513111269
primary_42_DecisionBoundary_feature_squeezing_Base,42,DecisionBoundary,feature_squeezing,Base,70,80,0,415,5,0.99,1.0,0.9411764705882353,0.9696969696969697,0.9705882352941176
primary_42_DecisionBoundary_feature_squeezing_Base,42,DecisionBoundary,feature_squeezing,Base,71,75,0,415,10,0.98,1.0,0.8823529411764706,0.9375,0.9411764705882353
primary_42_DecisionBoundary_feature_squeezing_Base,42,DecisionBoundary,feature_squeezing,Base,72,78,0,415,7,0.986,1.0,0.9176470588235294,0.9570552147239264,0.9588235294117646
primary_42_DecisionBoundary_feature_squeezing_Base,42,DecisionBoundary,feature_squeezing,Base,73,75,0,415,10,0.98,1.0,0.8823529411764706,0.9375,0.9411764705882353
primary_42_DecisionBoundary_feature_squeezing_Base,42,DecisionBoundary,feature_squeezing,Base,74,81,0,415,4,0.992,1.0,0.9529411764705882,0.9759036144578312,0.9764705882352941
primary_42_DecisionBoundary_feature_squeezing_Base,42,DecisionBoundary,feature_squeezing,Base,75,77,0,415,8,0.984,1.0,0.9058823529411765,0.9506172839506173,0.9529411764705882
primary_42_DecisionBoundary_feature_squeezing_Base,42,DecisionBoundary,feature_squeezing,Base,76,81,1,414,4,0.99,0.9878048780487805,0.9529411764705882,0.9700598802395209,0.9752657689581856
primary_42_DecisionBoundary_feature_squeezing_Base,42,DecisionBoundary,feature_squeezing,Base,77,79,0,415,6,0.988,1.0,0.9294117647058824,0.9634146341463414,0.9647058823529412
primary_42_DecisionBoundary_feature_squeezing_Base,42,DecisionBoundary,feature_squeezing,Base,78,78,0,415,7,0.986,1.0,0.9176470588235294,0.9570552147239264,0.9588235294117646
primary_42_DecisionBoundary_feature_squeezing_Base,42,DecisionBoundary,feature_squeezing,Base,79,79,0,415,6,0.988,1.0,0.9294117647058824,0.9634146341463414,0.9647058823529412
primary_42_DecisionBoundary_feature_squeezing_Base,42,DecisionBoundary,feature_squeezing,Base,80,76,0,415,9,0.982,1.0,0.8941176470588236,0.9440993788819877,0.9470588235294117
primary_42_DecisionBoundary_feature_squeezing_Base,42,DecisionBoundary,feature_squeezing,Base,81,74,0,415,11,0.978,1.0,0.8705882352941177,0.9308176100628931,0.9352941176470588
primary_42_DecisionBoundary_feature_squeezing_Base,42,DecisionBoundary,feature_squeezing,Base,82,79,0,415,6,0.988,1.0,0.9294117647058824,0.9634146341463414,0.9647058823529412
primary_42_DecisionBoundary_feature_squeezing_Base,42,DecisionBoundary,feature_squeezing,Base,83,74,0,415,11,0.978,1.0,0.8705882352941177,0.9308176100628931,0.9352941176470588
primary_42_DecisionBoundary_feature_squeezing_Base,42,DecisionBoundary,feature_squeezing,Base,84,77,0,415,8,0.984,1.0,0.9058823529411765,0.9506172839506173,0.9529411764705882
primary_42_DecisionBoundary_feature_squeezing_Base,42,DecisionBoundary,feature_squeezing,Base,85,80,0,415,5,0.99,1.0,0.9411764705882353,0.9696969696969697,0.9705882352941176
primary_42_DecisionBoundary_feature_squeezing_Base,42,DecisionBoundary,feature_squeezing,Base,86,74,1,414,11,0.976,0.9866666666666667,0.8705882352941177,0.925,0.9340892983699505
primary_42_DecisionBoundary_feature_squeezing_Base,42,DecisionBoundary,feature_squeezing,Base,87,78,0,415,7,0.986,1.0,0.9176470588235294,0.9570552147239264,0.9588235294117646
primary_42_DecisionBoundary_feature_squeezing_Base,42,DecisionBoundary,feature_squeezing,Base,88,81,0,415,4,0.992,1.0,0.9529411764705882,0.9759036144578312,0.9764705882352941
primary_42_DecisionBoundary_feature_squeezing_Base,42,DecisionBoundary,feature_squeezing,Base,89,77,0,415,8,0.984,1.0,0.9058823529411765,0.9506172839506173,0.9529411764705882
primary_42_DecisionBoundary_feature_squeezing_Base,42,DecisionBoundary,feature_squeezing,Base,90,80,1,414,5,0.988,0.9876543209876543,0.9411764705882353,0.963855421686747,0.9693834160170092
primary_42_DecisionBoundary_feature_squeezing_Base,42,DecisionBoundary,feature_squeezing,Base,91,80,0,415,5,0.99,1.0,0.9411764705882353,0.9696969696969697,0.9705882352941176
primary_42_DecisionBoundary_feature_squeezing_Base,42,DecisionBoundary,feature_squeezing,Base,92,78,0,415,7,0.986,1.0,0.9176470588235294,0.9570552147239264,0.9588235294117646
primary_42_DecisionBoundary_feature_squeezing_Base,42,DecisionBoundary,feature_squeezing,Base,93,77,0,415,8,0.984,1.0,0.9058823529411765,0.9506172839506173,0.9529411764705882
primary_42_DecisionBoundary_feature_squeezing_Base,42,DecisionBoundary,feature_squeezing,Base,94,80,0,415,5,0.99,1.0,0.9411764705882353,0.9696969696969697,0.9705882352941176
primary_42_DecisionBoundary_feature_squeezing_Base,42,DecisionBoundary,feature_squeezing,Base,95,80,0,415,5,0.99,1.0,0.9411764705882353,0.9696969696969697,0.9705882352941176
primary_42_DecisionBoundary_feature_squeezing_Base,42,DecisionBoundary,feature_squeezing,Base,96,83,0,415,2,0.996,1.0,0.9764705882352941,0.988095238095238,0.9882352941176471
primary_42_DecisionBoundary_feature_squeezing_Base,42,DecisionBoundary,feature_squeezing,Base,97,73,1,414,12,0.974,0.9864864864864865,0.8588235294117647,0.9182389937106918,0.9282069454287739
primary_42_DecisionBoundary_feature_squeezing_Base,42,DecisionBoundary,feature_squeezing,Base,98,77,0,415,8,0.984,1.0,0.9058823529411765,0.9506172839506173,0.9529411764705882
primary_42_DecisionBoundary_feature_squeezing_Base,42,DecisionBoundary,feature_squeezing,Base,99,79,0,415,6,0.988,1.0,0.9294117647058824,0.9634146341463414,0.9647058823529412
primary_42_DecisionBoundary_feature_squeezing_Base,42,DecisionBoundary,feature_squeezing,Base,100,78,0,415,7,0.986,1.0,0.9176470588235294,0.9570552147239264,0.9588235294117646
primary_42_DecisionBoundary_feature_squeezing_Base,42,DecisionBoundary,feature_squeezing,Base,101,80,0,415,5,0.99,1.0,0.9411764705882353,0.9696969696969697,0.9705882352941176
primary_42_DecisionBoundary_feature_squeezing_Base,42,DecisionBoundary,feature_squeezing,Base,102,78,0,415,7,0.986,1.0,0.9176470588235294,0.9570552147239264,0.9588235294117646
primary_42_DecisionBoundary_feature_squeezing_Base,42,DecisionBoundary,feature_squeezing,Base,103,81,0,415,4,0.992,1.0,0.9529411764705882,0.9759036144578312,0.9764705882352941
primary_42_DecisionBoundary_feature_squeezing_Base,42,DecisionBoundary,feature_squeezing,Base,104,80,0,415,5,0.99,1.0,0.9411764705882353,0.9696969696969697,0.9705882352941176
primary_42_DecisionBoundary_feature_squeezing_Base,42,DecisionBoundary,feature_squeezing,Base,105,79,0,415,6,0.988,1.0,0.9294117647058824,0.9634146341463414,0.9647058823529412
primary_42_DecisionBoundary_feature_squeezing_Base,42,DecisionBoundary,feature_squeezing,Base,106,78,0,415,7,0.986,1.0,0.9176470588235294,0.9570552147239264,0.9588235294117646
primary_42_DecisionBoundary_feature_squeezing_Base,42,DecisionBoundary,feature_squeezing,Base,107,77,0,415,8,0.984,1.0,0.9058823529411765,0.9506172839506173,0.9529411764705882
primary_42_DecisionBoundary_feature_squeezing_Base,42,DecisionBoundary,feature_squeezing,Base,108,79,0,415,6,0.988,1.0,0.9294117647058824,0.9634146341463414,0.9647058823529412
primary_42_DecisionBoundary_feature_squeezing_Base,42,DecisionBoundary,feature_squeezing,Base,109,76,0,415,9,0.982,1.0,0.8941176470588236,0.9440993788819877,0.9470588235294117
primary_42_DecisionBoundary_feature_squeezing_Base,42,DecisionBoundary,feature_squeezing,Base,110,75,1,414,10,0.978,0.9868421052631579,0.8823529411764706,0.9316770186335402,0.9399716513111269
primary_42_DecisionBoundary_feature_squeezing_Base,42,DecisionBoundary,feature_squeezing,Base,111,79,0,415,6,0.988,1.0,0.9294117647058824,0.9634146341463414,0.9647058823529412
primary_42_DecisionBoundary_feature_squeezing_Base,42,DecisionBoundary,feature_squeezing,Base,112,81,1,414,4,0.99,0.9878048780487805,0.9529411764705882,0.9700598802395209,0.9752657689581856
primary_42_DecisionBoundary_feature_squeezing_Base,42,DecisionBoundary,feature_squeezing,Base,113,79,0,415,6,0.988,1.0,0.9294117647058824,0.9634146341463414,0.9647058823529412
primary_42_DecisionBoundary_feature_squeezing_Base,42,DecisionBoundary,feature_squeezing,Base,114,72,0,415,13,0.974,1.0,0.8470588235294118,0.9171974522292993,0.9235294117647059
primary_42_DecisionBoundary_feature_squeezing_Base,42,DecisionBoundary,feature_squeezing,Base,115,77,0,415,8,0.984,1.0,0.9058823529411765,0.9506172839506173,0.9529411764705882
primary_42_DecisionBoundary_feature_squeezing_Base,42,DecisionBoundary,feature_squeezing,Base,116,77,0,415,8,0.984,1.0,0.9058823529411765,0.9506172839506173,0.9529411764705882
primary_42_DecisionBoundary_feature_squeezing_Base,42,DecisionBoundary,feature_squeezing,Base,117,80,1,414,5,0.988,0.9876543209876543,0.9411764705882353,0.963855421686747,0.9693834160170092
primary_42_DecisionBoundary_feature_squeezing_Base,42,DecisionBoundary,feature_squeezing,Base,118,77,0,415,8,0.984,1.0,0.9058823529411765,0.9506172839506173,0.9529411764705882
primary_42_DecisionBoundary_feature_squeezing_Base,42,DecisionBoundary,feature_squeezing,Base,119,80,0,415,5,0.99,1.0,0.9411764705882353,0.9696969696969697,0.9705882352941176
primary_42_DecisionBoundary_feature_squeezing_Base,42,DecisionBoundary,feature_squeezing,Base,120,77,0,415,8,0.984,1.0,0.9058823529411765,0.9506172839506173,0.9529411764705882
primary_42_DecisionBoundary_feature_squeezing_Base,42,DecisionBoundary,feature_squeezing,Base,121,80,0,415,5,0.99,1.0,0.9411764705882353,0.9696969696969697,0.9705882352941176
primary_42_DecisionBoundary_feature_squeezing_Base,42,DecisionBoundary,feature_squeezing,Base,122,77,0,415,8,0.984,1.0,0.9058823529411765,0.9506172839506173,0.9529411764705882
primary_42_DecisionBoundary_feature_squeezing_Base,42,DecisionBoundary,feature_squeezing,Base,123,75,0,415,10,0.98,1.0,0.8823529411764706,0.9375,0.9411764705882353
primary_42_DecisionBoundary_feature_squeezing_Base,42,DecisionBoundary,feature_squeezing,Base,124,77,0,415,8,0.984,1.0,0.9058823529411765,0.9506172839506173,0.9529411764705882
primary_42_DecisionBoundary_feature_squeezing_Base,42,DecisionBoundary,feature_squeezing,Base,125,79,0,415,6,0.988,1.0,0.9294117647058824,0.9634146341463414,0.9647058823529412
primary_42_DecisionBoundary_feature_squeezing_Base,42,DecisionBoundary,feature_squeezing,Base,126,82,0,415,3,0.994,1.0,0.9647058823529412,0.9820359281437125,0.9823529411764707
primary_42_DecisionBoundary_feature_squeezing_Base,42,DecisionBoundary,feature_squeezing,Base,127,73,0,415,12,0.976,1.0,0.8588235294117647,0.9240506329113923,0.9294117647058824
primary_42_DecisionBoundary_feature_squeezing_Base,42,DecisionBoundary,feature_squeezing,Base,128,81,0,415,4,0.992,1.0,0.9529411764705882,0.9759036144578312,0.9764705882352941
primary_42_DecisionBoundary_feature_squeezing_Base,42,DecisionBoundary,feature_squeezing,Base,129,79,0,415,6,0.988,1.0,0.9294117647058824,0.9634146341463414,0.9647058823529412
primary_42_DecisionBoundary_feature_squeezing_Base,42,DecisionBoundary,feature_squeezing,Base,130,83,0,415,2,0.996,1.0,0.9764705882352941,0.988095238095238,0.9882352941176471
primary_42_DecisionBoundary_feature_squeezing_Base,42,DecisionBoundary,feature_squeezing,Base,131,76,0,415,9,0.982,1.0,0.8941176470588236,0.9440993788819877,0.9470588235294117
primary_42_DecisionBoundary_feature_squeezing_Base,42,DecisionBoundary,feature_squeezing,Base,132,77,0,415,8,0.984,1.0,0.9058823529411765,0.9506172839506173,0.9529411764705882
primary_42_DecisionBoundary_feature_squeezing_Base,42,DecisionBoundary,feature_squeezing,Base,133,80,0,415,5,0.99,1.0,0.9411764705882353,0.9696969696969697,0.9705882352941176
primary_42_DecisionBoundary_feature_squeezing_Base,42,DecisionBoundary,feature_squeezing,Base,134,75,0,415,10,0.98,1.0,0.8823529411764706,0.9375,0.9411764705882353
primary_42_DecisionBoundary_feature_squeezing_Base,42,DecisionBoundary,feature_squeezing,Base,135,80,0,415,5,0.99,1.0,0.9411764705882353,0.9696969696969697,0.9705882352941176
primary_42_DecisionBoundary_feature_squeezing_Base,42,DecisionBoundary,feature_squeezing,Base,136,80,0,415,5,0.99,1.0,0.9411764705882353,0.9696969696969697,0.9705882352941176
primary_42_DecisionBoundary_feature_squeezing_Base,42,DecisionBoundary,feature_squeezing,Base,137,76,0,415,9,0.982,1.0,0.8941176470588236,0.9440993788819877,0.9470588235294117
primary_42_DecisionBoundary_feature_squeezing_Base,42,DecisionBoundary,feature_squeezing,Base,138,80,0,415,5,0.99,1.0,0.9411764705882353,0.9696969696969697,0.9705882352941176
primary_42_DecisionBoundary_feature_squeezing_Base,42,DecisionBoundary,feature_squeezing,Base,139,77,0,415,8,0.984,1.0,0.9058823529411765,0.9506172839506173,0.9529411764705882
primary_42_DecisionBoundary_feature_squeezing_Base,42,DecisionBoundary,feature_squeezing,Base,140,77,0,415,8,0.984,1.0,0.9058823529411765,0.9506172839506173,0.9529411764705882
primary_42_DecisionBoundary_feature_squeezing_Base,42,DecisionBoundary,feature_squeezing,Base,141,76,0,415,9,0.982,1.0,0.8941176470588236,0.9440993788819877,0.9470588235294117
primary_42_DecisionBoundary_feature_squeezing_Base,42,DecisionBoundary,feature_squeezing,Base,142,81,0,415,4,0.992,1.0,0.9529411764705882,0.9759036144578312,0.9764705882352941
primary_42_DecisionBoundary_feature_squeezing_Base,42,DecisionBoundary,feature_squeezing,Base,143,80,0,415,5,0.99,1.0,0.9411764705882353,0.9696969696969697,0.9705882352941176
primary_42_DecisionBoundary_feature_squeezing_C1,42,DecisionBoundary,feature_squeezing,C1,0,79,0,414,7,0.986,1.0,0.9186046511627907,0.9575757575757576,0.9593023255813953
primary_42_DecisionBoundary_feature_squeezing_C1,42,DecisionBoundary,feature_squeezing,C1,1,79,0,414,7,0.986,1.0,0.9186046511627907,0.9575757575757576,0.9593023255813953
primary_42_DecisionBoundary_feature_squeezing_C1,42,DecisionBoundary,feature_squeezing,C1,2,82,1,413,4,0.99,0.9879518072289156,0.9534883720930233,0.9704142011834319,0.9755364565779125
primary_42_DecisionBoundary_feature_squeezing_C1,42,DecisionBoundary,feature_squeezing,C1,3,81,0,414,5,0.99,1.0,0.9418604651162791,0.970059880239521,0.9709302325581395
primary_42_DecisionBoundary_feature_squeezing_C1,42,DecisionBoundary,feature_squeezing,C1,4,83,1,413,3,0.992,0.9880952380952381,0.9651162790697675,0.9764705882352942,0.9813504100662847
primary_42_DecisionBoundary_feature_squeezing_C1,42,DecisionBoundary,feature_squeezing,C1,5,81,0,414,5,0.99,1.0,0.9418604651162791,0.970059880239521,0.9709302325581395
primary_42_DecisionBoundary_feature_squeezing_C1,42,DecisionBoundary,feature_squeezing,C1,6,82,0,414,4,0.992,1.0,0.9534883720930233,0.9761904761904763,0.9767441860465116
primary_42_DecisionBoundary_feature_squeezing_C1,42,DecisionBoundary,feature_squeezing,C1,7,78,1,413,8,0.982,0.9873417721518988,0.9069767441860465,0.9454545454545454,0.9522806426244241
primary_42_DecisionBoundary_feature_squeezing_C1,42,DecisionBoundary,feature_squeezing,C1,8,79,1,413,7,0.984,0.9875,0.9186046511627907,0.9518072289156626,0.9580945961127962
primary_42_DecisionBoundary_feature_squeezing_C1,42,DecisionBoundary,feature_squeezing,C1,9,83,0,414,3,0.994,1.0,0.9651162790697675,0.9822485207100593,0.9825581395348837
primary_42_DecisionBoundary_feature_squeezing_C1,42,DecisionBoundary,feature_squeezing,C1,10,78,1,413,8,0.982,0.9873417721518988,0.9069767441860465,0.9454545454545454,0.9522806426244241
primary_42_DecisionBoundary_feature_squeezing_C1,42,DecisionBoundary,feature_squeezing,C1,11,80,0,414,6,0.988,1.0,0.9302325581395349,0.963855421686747,0.9651162790697674
primary_42_DecisionBoundary_feature_squeezing_C1,42,DecisionBoundary,feature_squeezing,C1,12,81,0,414,5,0.99,1.0,0.9418604651162791,0.970059880239521,0.9709302325581395
primary_42_DecisionBoundary_feature_squeezing_C1,42,DecisionBoundary,feature_squeezing,C1,13,83,0,414,3,0.994,1.0,0.9651162790697675,0.9822485207100593,0.9825581395348837
primary_42_DecisionBoundary_feature_squeezing_C1,42,DecisionBoundary,feature_squeezing,C1,14,83,1,413,3,0.992,0.9880952380952381,0.9651162790697675,0.9764705882352942,0.9813504100662847
primary_42_DecisionBoundary_feature_squeezing_C1,42,DecisionBoundary,feature_squeezing,C1,15,82,0,414,4,0.992,1.0,0.9534883720930233,0.9761904761904763,0.9767441860465116
primary_42_DecisionBoundary_feature_squeezing_C1,42,DecisionBoundary,feature_squeezing,C1,16,77,1,413,9,0.98,0.9871794871794872,0.8953488372093024,0.9390243902439025,0.9464666891360521
primary_42_DecisionBoundary_feature_squeezing_C1,42,DecisionBoundary,feature_squeezing,C1,17,84,0,415,1,0.998,1.0,0.9882352941176471,0.9940828402366864,0.9941176470588236
primary_42_DecisionBoundary_feature_squeezing_C1,42,DecisionBoundary,feature_squeezing,C1,18,81,0,415,4,0.992,1.0,0.9529411764705882,0.9759036144578312,0.9764705882352941
primary_42_DecisionBoundary_feature_squeezing_C1,42,DecisionBoundary,feature_squeezing,C1,19,83,0,415,2,0.996,1.0,0.9764705882352941,0.988095238095238,0.9882352941176471
primary_42_DecisionBoundary_feature_squeezing_C1,42,DecisionBoundary,feature_squeezing,C1,20,75,1,414,10,0.978,0.9868421052631579,0.8823529411764706,0.9316770186335402,0.9399716513111269
primary_42_DecisionBoundary_feature_squeezing_C1,42,DecisionBoundary,feature_squeezing,C1,21,75,1,414,10,0.978,0.9868421052631579,0.8823529411764706,0.9316770186335402,0.9399716513111269
primary_42_DecisionBoundary_feature_squeezing_C1,42,DecisionBoundary,feature_squeezing,C1,22,75,0,415,10,0.98,1.0,0.8823529411764706,0.9375,0.9411764705882353
primary_42_DecisionBoundary_feature_squeezing_C1,42,DecisionBoundary,feature_squeezing,C1,23,81,2,413,4,0.988,0.9759036144578314,0.9529411764705882,0.9642857142857143,0.9740609496810773
primary_42_DecisionBoundary_feature_squeezing_C1,42,DecisionBoundary,feature_squeezing,C1,24,80,2,413,5,0.986,0.975609756097561,0.9411764705882353,0.9580838323353293,0.9681785967399008
primary_42_DecisionBoundary_feature_squeezing_C1,42,DecisionBoundary,feature_squeezing,C1,25,76,0,415,9,0.982,1.0,0.8941176470588236,0.9440993788819877,0.9470588235294117
primary_42_DecisionBoundary_feature_squeezing_C1,42,DecisionBoundary,feature_squeezing,C1,26,76,0,415,9,0.982,1.0,0.8941176470588236,0.9440993788819877,0.9470588235294117
primary_42_DecisionBoundary_feature_squeezing_C1,42,DecisionBoundary,feature_squeezing,C1,27,73,0,415,12,0.976,1.0,0.8588235294117647,0.9240506329113923,0.9294117647058824
primary_42_DecisionBoundary_feature_squeezing_C1,42,DecisionBoundary,feature_squeezing,C1,28,79,0,415,6,0.988,1.0,0.9294117647058824,0.9634146341463414,0.9647058823529412
primary_42_DecisionBoundary_feature_squeezing_C1,42,DecisionBoundary,feature_squeezing,C1,29,80,0,415,5,0.99,1.0,0.9411764705882353,0.9696969696969697,0.9705882352941176
primary_42_DecisionBoundary_feature_squeezing_C1,42,DecisionBoundary,feature_squeezing,C1,30,77,0,415,8,0.984,1.0,0.9058823529411765,0.9506172839506173,0.9529411764705882
primary_42_DecisionBoundary_feature_squeezing_C1,42,DecisionBoundary,feature_squeezing,C1,31,76,1,414,9,0.98,0.987012987012987,0.8941176470588236,0.9382716049382716,0.9458540042523034
primary_42_DecisionBoundary_feature_squeezing_C1,42,DecisionBoundary,feature_squeezing,C1,32,79,0,415,6,0.988,1.0,0.9294117647058824,0.9634146341463414,0.9647058823529412
primary_42_DecisionBoundary_feature_squeezing_C1,42,DecisionBoundary,feature_squeezing,C1,33,78,0,415,7,0.986,1.0,0.9176470588235294,0.9570552147239264,0.9588235294117646
primary_42_DecisionBoundary_feature_squeezing_C1,42,DecisionBoundary,feature_squeezing,C1,34,77,1,414,8,0.982,0.9871794871794872,0.9058823529411765,0.9447852760736197,0.9517363571934798
primary_42_DecisionBoundary_feature_squeezing_C1,42,DecisionBoundary,feature_squeezing,C1,35,73,0,415,12,0.976,1.0,0.8588235294117647,0.9240506329113923,0.9294117647058824
primary_42_DecisionBoundary_feature_squeezing_C1,42,DecisionBoundary,feature_squeezing,C1,36,79,0,415,6,0.988,1.0,0.9294117647058824,0.9634146341463414,0.9647058823529412
primary_42_DecisionBoundary_feature_squeezing_C1,42,DecisionBoundary,feature_squeezing,C1,37,80,1,414,5,0.988,0.9876543209876543,0.9411764705882353,0.963855421686747,0.9693834160170092
primary_42_DecisionBoundary_feature_squeezing_C1,42,DecisionBoundary,feature_squeezing,C1,38,78,0,415,7,0.986,1.0,0.9176470588235294,0.9570552147239264,0.9588235294117646
primary_42_DecisionBoundary_feature_squeezing_C1,42,DecisionBoundary,feature_squeezing,C1,39,80,0,415,5,0.99,1.0,0.9411764705882353,0.9696969696969697,0.9705882352941176
primary_42_DecisionBoundary_feature_squeezing_C1,42,DecisionBoundary,feature_squeezing,C1,40,82,0,415,3,0.994,1.0,0.9647058823529412,0.9820359281437125,0.9823529411764707
primary_42_DecisionBoundary_feature_squeezing_C1,42,DecisionBoundary,feature_squeezing,C1,41,81,0,415,4,0.992,1.0,0.9529411764705882,0.9759036144578312,0.9764705882352941
primary_42_DecisionBoundary_feature_squeezing_C1,42,DecisionBoundary,feature_squeezing,C1,42,78,0,415,7,0.986,1.0,0.9176470588235294,0.9570552147239264,0.9588235294117646
primary_42_DecisionBoundary_feature_squeezing_C1,42,DecisionBoundary,feature_squeezing,C1,43,78,1,414,7,0.984,0.9873417721518988,0.9176470588235294,0.9512195121951219,0.9576187101346563
primary_42_DecisionBoundary_feature_squeezing_C1,42,DecisionBoundary,feature_squeezing,C1,44,79,0,415,6,0.988,1.0,0.9294117647058824,0.9634146341463414,0.9647058823529412
primary_42_DecisionBoundary_feature_squeezing_C1,42,DecisionBoundary,feature_squeezing,C1,45,81,0,415,4,0.992,1.0,0.9529411764705882,0.9759036144578312,0.9764705882352941
primary_42_DecisionBoundary_feature_squeezing_C1,42,DecisionBoundary,feature_squeezing,C1,46,81,1,414,4,0.99,0.9878048780487805,0.9529411764705882,0.9700598802395209,0.9752657689581856
primary_42_DecisionBoundary_feature_squeezing_C1,42,DecisionBoundary,feature_squeezing,C1,47,74,0,415,11,0.978,1.0,0.8705882352941177,0.9308176100628931,0.9352941176470588
primary_42_DecisionBoundary_feature_squeezing_C1,42,DecisionBoundary,feature_squeezing,C1,48,79,0,415,6,0.988,1.0,0.9294117647058824,0.9634146341463414,0.9647058823529412
primary_42_DecisionBoundary_feature_squeezing_C1,42,DecisionBoundary,feature_squeezing,C1,49,77,0,415,8,0.984,1.0,0.9058823529411765,0.9506172839506173,0.9529411764705882
primary_42_DecisionBoundary_feature_squeezing_C1,42,DecisionBoundary,feature_squeezing,C1,50,79,0,415,6,0.988,1.0,0.9294117647058824,0.9634146341463414,0.9647058823529412
primary_42_DecisionBoundary_feature_squeezing_C1,42,DecisionBoundary,feature_squeezing,C1,51,77,1,414,8,0.982,0.9871794871794872,0.9058823529411765,0.9447852760736197,0.9517363571934798
primary_42_DecisionBoundary_feature_squeezing_C1,42,DecisionBoundary,feature_squeezing,C1,52,78,1,414,7,0.984,0.9873417721518988,0.9176470588235294,0.9512195121951219,0.9576187101346563
primary_42_DecisionBoundary_feature_squeezing_C1,42,DecisionBoundary,feature_squeezing,C1,53,76,1,414,9,0.98,0.987012987012987,0.8941176470588236,0.9382716049382716,0.9458540042523034
primary_42_DecisionBoundary_feature_squeezing_C1,42,DecisionBoundary,feature_squeezing,C1,54,81,0,415,4,0.992,1.0,0.9529411764705882,0.9759036144578312,0.9764705882352941
primary_42_DecisionBoundary_feature_squeezing_C1,42,DecisionBoundary,feature_squeezing,C1,55,77,0,415,8,0.984,1.0,0.9058823529411765,0.9506172839506173,0.9529411764705882
primary_42_DecisionBoundary_feature_squeezing_C1,42,DecisionBoundary,feature_squeezing,C1,56,74,0,415,11,0.978,1.0,0.8705882352941177,0.9308176100628931,0.9352941176470588
primary_42_DecisionBoundary_feature_squeezing_C1,42,DecisionBoundary,feature_squeezing,C1,57,80,0,415,5,0.99,1.0,0.9411764705882353,0.9696969696969697,0.9705882352941176
primary_42_DecisionBoundary_feature_squeezing_C1,42,DecisionBoundary,feature_squeezing,C1,58,78,1,414,7,0.984,0.9873417721518988,0.9176470588235294,0.9512195121951219,0.9576187101346563
primary_42_DecisionBoundary_feature_squeezing_C1,42,DecisionBoundary,feature_squeezing,C1,59,77,0,415,8,0.984,1.0,0.9058823529411765,0.9506172839506173,0.9529411764705882
primary_42_DecisionBoundary_feature_squeezing_C1,42,DecisionBoundary,feature_squeezing,C1,60,79,0,415,6,0.988,1.0,0.9294117647058824,0.9634146341463414,0.9647058823529412
primary_42_DecisionBoundary_feature_squeezing_C1,42,DecisionBoundary,feature_squeezing,C1,61,78,0,415,7,0.986,1.0,0.9176470588235294,0.9570552147239264,0.9588235294117646
primary_42_DecisionBoundary_feature_squeezing_C1,42,DecisionBoundary,feature_squeezing,C1,62,80,0,415,5,0.99,1.0,0.9411764705882353,0.9696969696969697,0.9705882352941176
primary_42_DecisionBoundary_feature_squeezing_C1,42,DecisionBoundary,feature_squeezing,C1,63,77,0,415,8,0.984,1.0,0.9058823529411765,0.9506172839506173,0.9529411764705882
primary_42_DecisionBoundary_feature_squeezing_C1,42,DecisionBoundary,feature_squeezing,C1,64,73,0,415,12,0.976,1.0,0.8588235294117647,0.9240506329113923,0.9294117647058824
primary_42_DecisionBoundary_feature_squeezing_C1,42,DecisionBoundary,feature_squeezing,C1,65,76,0,415,9,0.982,1.0,0.8941176470588236,0.9440993788819877,0.9470588235294117
primary_42_DecisionBoundary_feature_squeezing_C1,42,DecisionBoundary,feature_squeezing,C1,66,80,0,415,5,0.99,1.0,0.9411764705882353,0.9696969696969697,0.9705882352941176
primary_42_DecisionBoundary_feature_squeezing_C1,42,DecisionBoundary,feature_squeezing,C1,67,78,0,415,7,0.986,1.0,0.9176470588235294,0.9570552147239264,0.9588235294117646
primary_42_DecisionBoundary_feature_squeezing_C1,42,DecisionBoundary,feature_squeezing,C1,68,77,0,415,8,0.984,1.0,0.9058823529411765,0.9506172839506173,0.9529411764705882
primary_42_DecisionBoundary_feature_squeezing_C1,42,DecisionBoundary,feature_squeezing,C1,69,79,1,414,6,0.986,0.9875,0.9294117647058824,0.9575757575757576,0.9635010630758327
primary_42_DecisionBoundary_feature_squeezing_C1,42,DecisionBoundary,feature_squeezing,C1,70,79,0,415,6,0.988,1.0,0.9294117647058824,0.9634146341463414,0.9647058823529412
primary_42_DecisionBoundary_feature_squeezing_C1,42,DecisionBoundary,feature_squeezing,C1,71,75,0,415,10,0.98,1.0,0.8823529411764706,0.9375,0.9411764705882353
primary_42_DecisionBoundary_feature_squeezing_C1,42,DecisionBoundary,feature_squeezing,C1,72,78,0,415,7,0.986,1.0,0.9176470588235294,0.9570552147239264,0.9588235294117646
primary_42_DecisionBoundary_feature_squeezing_C1,42,DecisionBoundary,feature_squeezing,C1,73,76,0,415,9,0.982,1.0,0.8941176470588236,0.9440993788819877,0.9470588235294117
primary_42_DecisionBoundary_feature_squeezing_C1,42,DecisionBoundary,feature_squeezing,C1,74,82,0,415,3,0.994,1.0,0.9647058823529412,0.9820359281437125,0.9823529411764707
primary_42_DecisionBoundary_feature_squeezing_C1,42,DecisionBoundary,feature_squeezing,C1,75,77,0,415,8,0.984,1.0,0.9058823529411765,0.9506172839506173,0.9529411764705882
primary_42_DecisionBoundary_feature_squeezing_C1,42,DecisionBoundary,feature_squeezing,C1,76,81,0,415,4,0.992,1.0,0.9529411764705882,0.9759036144578312,0.9764705882352941
primary_42_DecisionBoundary_feature_squeezing_C1,42,DecisionBoundary,feature_squeezing,C1,77,79,0,415,6,0.988,1.0,0.9294117647058824,0.9634146341463414,0.9647058823529412
primary_42_DecisionBoundary_feature_squeezing_C1,42,DecisionBoundary,feature_squeezing,C1,78,83,0,415,2,0.996,1.0,0.9764705882352941,0.988095238095238,0.9882352941176471
primary_42_DecisionBoundary_feature_squeezing_C1,42,DecisionBoundary,feature_squeezing,C1,79,80,0,415,5,0.99,1.0,0.9411764705882353,0.9696969696969697,0.9705882352941176
primary_42_DecisionBoundary_feature_squeezing_C1,42,DecisionBoundary,feature_squeezing,C1,80,77,0,415,8,0.984,1.0,0.9058823529411765,0.9506172839506173,0.9529411764705882
primary_42_DecisionBoundary_feature_squeezing_C1,42,DecisionBoundary,feature_squeezing,C1,81,75,0,415,10,0.98,1.0,0.8823529411764706,0.9375,0.9411764705882353
primary_42_DecisionBoundary_feature_squeezing_C1,42,DecisionBoundary,feature_squeezing,C1,82,79,0,415,6,0.988,1.0,0.9294117647058824,0.9634146341463414,0.9647058823529412
primary_42_DecisionBoundary_feature_squeezing_C1,42,DecisionBoundary,feature_squeezing,C1,83,76,0,415,9,0.982,1.0,0.8941176470588236,0.9440993788819877,0.9470588235294117
primary_42_DecisionBoundary_feature_squeezing_C1,42,DecisionBoundary,feature_squeezing,C1,84,77,0,415,8,0.984,1.0,0.9058823529411765,0.9506172839506173,0.9529411764705882
primary_42_DecisionBoundary_feature_squeezing_C1,42,DecisionBoundary,feature_squeezing,C1,85,81,1,414,4,0.99,0.9878048780487805,0.9529411764705882,0.9700598802395209,0.9752657689581856
primary_42_DecisionBoundary_feature_squeezing_C1,42,DecisionBoundary,feature_squeezing,C1,86,75,1,414,10,0.978,0.9868421052631579,0.8823529411764706,0.9316770186335402,0.9399716513111269
primary_42_DecisionBoundary_feature_squeezing_C1,42,DecisionBoundary,feature_squeezing,C1,87,78,0,415,7,0.986,1.0,0.9176470588235294,0.9570552147239264,0.9588235294117646
primary_42_DecisionBoundary_feature_squeezing_C1,42,DecisionBoundary,feature_squeezing,C1,88,81,0,415,4,0.992,1.0,0.9529411764705882,0.9759036144578312,0.9764705882352941
primary_42_DecisionBoundary_feature_squeezing_C1,42,DecisionBoundary,feature_squeezing,C1,89,77,1,414,8,0.982,0.9871794871794872,0.9058823529411765,0.9447852760736197,0.9517363571934798
primary_42_DecisionBoundary_feature_squeezing_C1,42,DecisionBoundary,feature_squeezing,C1,90,81,1,414,4,0.99,0.9878048780487805,0.9529411764705882,0.9700598802395209,0.9752657689581856
primary_42_DecisionBoundary_feature_squeezing_C1,42,DecisionBoundary,feature_squeezing,C1,91,80,1,414,5,0.988,0.9876543209876543,0.9411764705882353,0.963855421686747,0.9693834160170092
primary_42_DecisionBoundary_feature_squeezing_C1,42,DecisionBoundary,feature_squeezing,C1,92,79,0,415,6,0.988,1.0,0.9294117647058824,0.9634146341463414,0.9647058823529412
primary_42_DecisionBoundary_feature_squeezing_C1,42,DecisionBoundary,feature_squeezing,C1,93,78,0,415,7,0.986,1.0,0.9176470588235294,0.9570552147239264,0.9588235294117646
primary_42_DecisionBoundary_feature_squeezing_C1,42,DecisionBoundary,feature_squeezing,C1,94,80,0,415,5,0.99,1.0,0.9411764705882353,0.9696969696969697,0.9705882352941176
primary_42_DecisionBoundary_feature_squeezing_C1,42,DecisionBoundary,feature_squeezing,C1,95,80,0,415,5,0.99,1.0,0.9411764705882353,0.9696969696969697,0.9705882352941176
primary_42_DecisionBoundary_feature_squeezing_C1,42,DecisionBoundary,feature_squeezing,C1,96,83,0,415,2,0.996,1.0,0.9764705882352941,0.988095238095238,0.9882352941176471
primary_42_DecisionBoundary_feature_squeezing_C1,42,DecisionBoundary,feature_squeezing,C1,97,74,1,414,11,0.976,0.9866666666666667,0.8705882352941177,0.925,0.9340892983699505
primary_42_DecisionBoundary_feature_squeezing_C1,42,DecisionBoundary,feature_squeezing,C1,98,78,0,415,7,0.986,1.0,0.9176470588235294,0.9570552147239264,0.9588235294117646
primary_42_DecisionBoundary_feature_squeezing_C1,42,DecisionBoundary,feature_squeezing,C1,99,80,0,415,5,0.99,1.0,0.9411764705882353,0.9696969696969697,0.9705882352941176
primary_42_DecisionBoundary_feature_squeezing_C1,42,DecisionBoundary,feature_squeezing,C1,100,78,0,415,7,0.986,1.0,0.9176470588235294,0.9570552147239264,0.9588235294117646
primary_42_DecisionBoundary_feature_squeezing_C1,42,DecisionBoundary,feature_squeezing,C1,101,81,0,415,4,0.992,1.0,0.9529411764705882,0.9759036144578312,0.9764705882352941
primary_42_DecisionBoundary_feature_squeezing_C1,42,DecisionBoundary,feature_squeezing,C1,102,80,0,415,5,0.99,1.0,0.9411764705882353,0.9696969696969697,0.9705882352941176
primary_42_DecisionBoundary_feature_squeezing_C1,42,DecisionBoundary,feature_squeezing,C1,103,80,0,415,5,0.99,1.0,0.9411764705882353,0.9696969696969697,0.9705882352941176
primary_42_DecisionBoundary_feature_squeezing_C1,42,DecisionBoundary,feature_squeezing,C1,104,81,0,415,4,0.992,1.0,0.9529411764705882,0.9759036144578312,0.9764705882352941
primary_42_DecisionBoundary_feature_squeezing_C1,42,DecisionBoundary,feature_squeezing,C1,105,80,0,415,5,0.99,1.0,0.9411764705882353,0.9696969696969697,0.9705882352941176
primary_42_DecisionBoundary_feature_squeezing_C1,42,DecisionBoundary,feature_squeezing,C1,106,79,0,415,6,0.988,1.0,0.9294117647058824,0.9634146341463414,0.9647058823529412
primary_42_DecisionBoundary_feature_squeezing_C1,42,DecisionBoundary,feature_squeezing,C1,107,78,0,415,7,0.986,1.0,0.9176470588235294,0.9570552147239264,0.9588235294117646
primary_42_DecisionBoundary_feature_squeezing_C1,42,DecisionBoundary,feature_squeezing,C1,108,78,0,415,7,0.986,1.0,0.9176470588235294,0.9570552147239264,0.9588235294117646
primary_42_DecisionBoundary_feature_squeezing_C1,42,DecisionBoundary,feature_squeezing,C1,109,78,0,415,7,0.986,1.0,0.9176470588235294,0.9570552147239264,0.9588235294117646
primary_42_DecisionBoundary_feature_squeezing_C1,42,DecisionBoundary,feature_squeezing,C1,110,76,1,414,9,0.98,0.987012987012987,0.8941176470588236,0.9382716049382716,0.9458540042523034
primary_42_DecisionBoundary_feature_squeezing_C1,42,DecisionBoundary,feature_squeezing,C1,111,82,0,415,3,0.994,1.0,0.9647058823529412,0.9820359281437125,0.9823529411764707
primary_42_DecisionBoundary_feature_squeezing_C1,42,DecisionBoundary,feature_squeezing,C1,112,81,1,414,4,0.99,0.9878048780487805,0.9529411764705882,0.9700598802395209,0.9752657689581856
primary_42_DecisionBoundary_feature_squeezing_C1,42,DecisionBoundary,feature_squeezing,C1,113,78,1,414,7,0.984,0.9873417721518988,0.9176470588235294,0.9512195121951219,0.9576187101346563
primary_42_DecisionBoundary_feature_squeezing_C1,42,DecisionBoundary,feature_squeezing,C1,114,73,0,415,12,0.976,1.0,0.8588235294117647,0.9240506329113923,0.9294117647058824
primary_42_DecisionBoundary_feature_squeezing_C1,42,DecisionBoundary,feature_squeezing,C1,115,77,0,415,8,0.984,1.0,0.9058823529411765,0.9506172839506173,0.9529411764705882
primary_42_DecisionBoundary_feature_squeezing_C1,42,DecisionBoundary,feature_squeezing,C1,116,78,0,415,7,0.986,1.0,0.9176470588235294,0.9570552147239264,0.9588235294117646
primary_42_DecisionBoundary_feature_squeezing_C1,42,DecisionBoundary,feature_squeezing,C1,117,80,0,415,5,0.99,1.0,0.9411764705882353,0.9696969696969697,0.9705882352941176
primary_42_DecisionBoundary_feature_squeezing_C1,42,DecisionBoundary,feature_squeezing,C1,118,77,1,414,8,0.982,0.9871794871794872,0.9058823529411765,0.9447852760736197,0.9517363571934798
primary_42_DecisionBoundary_feature_squeezing_C1,42,DecisionBoundary,feature_squeezing,C1,119,80,0,415,5,0.99,1.0,0.9411764705882353,0.9696969696969697,0.9705882352941176
primary_42_DecisionBoundary_feature_squeezing_C1,42,DecisionBoundary,feature_squeezing,C1,120,77,0,415,8,0.984,1.0,0.9058823529411765,0.9506172839506173,0.9529411764705882
primary_42_DecisionBoundary_feature_squeezing_C1,42,DecisionBoundary,feature_squeezing,C1,121,80,0,415,5,0.99,1.0,0.9411764705882353,0.9696969696969697,0.9705882352941176
primary_42_DecisionBoundary_feature_squeezing_C1,42,DecisionBoundary,feature_squeezing,C1,122,77,0,415,8,0.984,1.0,0.9058823529411765,0.9506172839506173,0.9529411764705882
primary_42_DecisionBoundary_feature_squeezing_C1,42,DecisionBoundary,feature_squeezing,C1,123,76,0,415,9,0.982,1.0,0.8941176470588236,0.9440993788819877,0.9470588235294117
primary_42_DecisionBoundary_feature_squeezing_C1,42,DecisionBoundary,feature_squeezing,C1,124,78,0,415,7,0.986,1.0,0.9176470588235294,0.9570552147239264,0.9588235294117646
primary_42_DecisionBoundary_feature_squeezing_C1,42,DecisionBoundary,feature_squeezing,C1,125,80,1,414,5,0.988,0.9876543209876543,0.9411764705882353,0.963855421686747,0.9693834160170092
primary_42_DecisionBoundary_feature_squeezing_C1,42,DecisionBoundary,feature_squeezing,C1,126,83,0,415,2,0.996,1.0,0.9764705882352941,0.988095238095238,0.9882352941176471
primary_42_DecisionBoundary_feature_squeezing_C1,42,DecisionBoundary,feature_squeezing,C1,127,75,0,415,10,0.98,1.0,0.8823529411764706,0.9375,0.9411764705882353
primary_42_DecisionBoundary_feature_squeezing_C1,42,DecisionBoundary,feature_squeezing,C1,128,82,0,415,3,0.994,1.0,0.9647058823529412,0.9820359281437125,0.9823529411764707
primary_42_DecisionBoundary_feature_squeezing_C1,42,DecisionBoundary,feature_squeezing,C1,129,79,0,415,6,0.988,1.0,0.9294117647058824,0.9634146341463414,0.9647058823529412
primary_42_DecisionBoundary_feature_squeezing_C1,42,DecisionBoundary,feature_squeezing,C1,130,83,0,415,2,0.996,1.0,0.9764705882352941,0.988095238095238,0.9882352941176471
primary_42_DecisionBoundary_feature_squeezing_C1,42,DecisionBoundary,feature_squeezing,C1,131,79,0,415,6,0.988,1.0,0.9294117647058824,0.9634146341463414,0.9647058823529412
primary_42_DecisionBoundary_feature_squeezing_C1,42,DecisionBoundary,feature_squeezing,C1,132,77,0,415,8,0.984,1.0,0.9058823529411765,0.9506172839506173,0.9529411764705882
primary_42_DecisionBoundary_feature_squeezing_C1,42,DecisionBoundary,feature_squeezing,C1,133,80,0,415,5,0.99,1.0,0.9411764705882353,0.9696969696969697,0.9705882352941176
primary_42_DecisionBoundary_feature_squeezing_C1,42,DecisionBoundary,feature_squeezing,C1,134,76,0,415,9,0.982,1.0,0.8941176470588236,0.9440993788819877,0.9470588235294117
primary_42_DecisionBoundary_feature_squeezing_C1,42,DecisionBoundary,feature_squeezing,C1,135,80,0,415,5,0.99,1.0,0.9411764705882353,0.9696969696969697,0.9705882352941176
primary_42_DecisionBoundary_feature_squeezing_C1,42,DecisionBoundary,feature_squeezing,C1,136,82,0,415,3,0.994,1.0,0.9647058823529412,0.9820359281437125,0.9823529411764707
primary_42_DecisionBoundary_feature_squeezing_C1,42,DecisionBoundary,feature_squeezing,C1,137,77,1,414,8,0.982,0.9871794871794872,0.9058823529411765,0.9447852760736197,0.9517363571934798
primary_42_DecisionBoundary_feature_squeezing_C1,42,DecisionBoundary,feature_squeezing,C1,138,81,0,415,4,0.992,1.0,0.9529411764705882,0.9759036144578312,0.9764705882352941
primary_42_DecisionBoundary_feature_squeezing_C1,42,DecisionBoundary,feature_squeezing,C1,139,76,0,415,9,0.982,1.0,0.8941176470588236,0.9440993788819877,0.9470588235294117
primary_42_DecisionBoundary_feature_squeezing_C1,42,DecisionBoundary,feature_squeezing,C1,140,78,0,415,7,0.986,1.0,0.9176470588235294,0.9570552147239264,0.9588235294117646
primary_42_DecisionBoundary_feature_squeezing_C1,42,DecisionBoundary,feature_squeezing,C1,141,76,0,415,9,0.982,1.0,0.8941176470588236,0.9440993788819877,0.9470588235294117
primary_42_DecisionBoundary_feature_squeezing_C1,42,DecisionBoundary,feature_squeezing,C1,142,81,0,415,4,0.992,1.0,0.9529411764705882,0.9759036144578312,0.9764705882352941
primary_42_DecisionBoundary_feature_squeezing_C1,42,DecisionBoundary,feature_squeezing,C1,143,81,0,415,4,0.992,1.0,0.9529411764705882,0.9759036144578312,0.9764705882352941
primary_42_DecisionBoundary_randomized_smoothing_Base,42,DecisionBoundary,randomized_smoothing,Base,0,69,0,414,17,0.966,1.0,0.8023255813953488,0.8903225806451612,0.9011627906976745
primary_42_DecisionBoundary_randomized_smoothing_Base,42,DecisionBoundary,randomized_smoothing,Base,1,68,0,414,18,0.964,1.0,0.7906976744186046,0.8831168831168831,0.8953488372093024
primary_42_DecisionBoundary_randomized_smoothing_Base,42,DecisionBoundary,randomized_smoothing,Base,2,72,1,413,14,0.97,0.9863013698630136,0.8372093023255814,0.9056603773584905,0.9173969216941917
primary_42_DecisionBoundary_randomized_smoothing_Base,42,DecisionBoundary,randomized_smoothing,Base,3,65,0,414,21,0.958,1.0,0.7558139534883721,0.8609271523178808,0.877906976744186
primary_42_DecisionBoundary_randomized_smoothing_Base,42,DecisionBoundary,randomized_smoothing,Base,4,75,0,414,11,0.978,1.0,0.872093023255814,0.9316770186335404,0.936046511627907
primary_42_DecisionBoundary_randomized_smoothing_Base,42,DecisionBoundary,randomized_smoothing,Base,5,67,0,414,19,0.962,1.0,0.7790697674418605,0.8758169934640523,0.8895348837209303
primary_42_DecisionBoundary_randomized_smoothing_Base,42,DecisionBoundary,randomized_smoothing,Base,6,73,0,414,13,0.974,1.0,0.8488372093023255,0.9182389937106918,0.9244186046511628
primary_42_DecisionBoundary_randomized_smoothing_Base,42,DecisionBoundary,randomized_smoothing,Base,7,67,0,414,19,0.962,1.0,0.7790697674418605,0.8758169934640523,0.8895348837209303
primary_42_DecisionBoundary_randomized_smoothing_Base,42,DecisionBoundary,randomized_smoothing,Base,8,64,0,414,22,0.956,1.0,0.7441860465116279,0.8533333333333333,0.872093023255814
primary_42_DecisionBoundary_randomized_smoothing_Base,42,DecisionBoundary,randomized_smoothing,Base,9,70,0,414,16,0.968,1.0,0.813953488372093,0.8974358974358974,0.9069767441860466
primary_42_DecisionBoundary_randomized_smoothing_Base,42,DecisionBoundary,randomized_smoothing,Base,10,68,0,414,18,0.964,1.0,0.7906976744186046,0.8831168831168831,0.8953488372093024
primary_42_DecisionBoundary_randomized_smoothing_Base,42,DecisionBoundary,randomized_smoothing,Base,11,67,0,414,19,0.962,1.0,0.7790697674418605,0.8758169934640523,0.8895348837209303
primary_42_DecisionBoundary_randomized_smoothing_Base,42,DecisionBoundary,randomized_smoothing,Base,12,70,0,414,16,0.968,1.0,0.813953488372093,0.8974358974358974,0.9069767441860466
primary_42_DecisionBoundary_randomized_smoothing_Base,42,DecisionBoundary,randomized_smoothing,Base,13,76,0,414,10,0.98,1.0,0.8837209302325582,0.9382716049382717,0.9418604651162791
primary_42_DecisionBoundary_randomized_smoothing_Base,42,DecisionBoundary,randomized_smoothing,Base,14,73,0,414,13,0.974,1.0,0.8488372093023255,0.9182389937106918,0.9244186046511628
primary_42_DecisionBoundary_randomized_smoothing_Base,42,DecisionBoundary,randomized_smoothing,Base,15,71,0,414,15,0.97,1.0,0.8255813953488372,0.9044585987261146,0.9127906976744187
primary_42_DecisionBoundary_randomized_smoothing_Base,42,DecisionBoundary,randomized_smoothing,Base,16,65,0,414,21,0.958,1.0,0.7558139534883721,0.8609271523178808,0.877906976744186
primary_42_DecisionBoundary_randomized_smoothing_Base,42,DecisionBoundary,randomized_smoothing,Base,17,79,0,415,6,0.988,1.0,0.9294117647058824,0.9634146341463414,0.9647058823529412
primary_42_DecisionBoundary_randomized_smoothing_Base,42,DecisionBoundary,randomized_smoothing,Base,18,68,0,415,17,0.966,1.0,0.8,0.888888888888889,0.9
primary_42_DecisionBoundary_randomized_smoothing_Base,42,DecisionBoundary,randomized_smoothing,Base,19,71,0,415,14,0.972,1.0,0.8352941176470589,0.9102564102564102,0.9176470588235295
primary_42_DecisionBoundary_randomized_smoothing_Base,42,DecisionBoundary,randomized_smoothing,Base,20,66,0,415,19,0.962,1.0,0.7764705882352941,0.8741721854304636,0.888235294117647
primary_42_DecisionBoundary_randomized_smoothing_Base,42,DecisionBoundary,randomized_smoothing,Base,21,67,0,415,18,0.964,1.0,0.788235294117647,0.8815789473684211,0.8941176470588235
primary_42_DecisionBoundary_randomized_smoothing_Base,42,DecisionBoundary,randomized_smoothing,Base,22,68,0,415,17,0.966,1.0,0.8,0.888888888888889,0.9
primary_42_DecisionBoundary_randomized_smoothing_Base,42,DecisionBoundary,randomized_smoothing,Base,23,68,0,415,17,0.966,1.0,0.8,0.888888888888889,0.9
primary_42_DecisionBoundary_randomized_smoothing_Base,42,DecisionBoundary,randomized_smoothing,Base,24,67,0,415,18,0.964,1.0,0.788235294117647,0.8815789473684211,0.8941176470588235
primary_42_DecisionBoundary_randomized_smoothing_Base,42,DecisionBoundary,randomized_smoothing,Base,25,69,0,415,16,0.968,1.0,0.8117647058823529,0.8961038961038961,0.9058823529411765
primary_42_DecisionBoundary_randomized_smoothing_Base,42,DecisionBoundary,randomized_smoothing,Base,26,62,0,415,23,0.954,1.0,0.7294117647058823,0.8435374149659863,0.8647058823529412
primary_42_DecisionBoundary_randomized_smoothing_Base,42,DecisionBoundary,randomized_smoothing,Base,27,59,0,415,26,0.948,1.0,0.6941176470588235,0.8194444444444444,0.8470588235294118
primary_42_DecisionBoundary_randomized_smoothing_Base,42,DecisionBoundary,randomized_smoothing,Base,28,71,0,415,14,0.972,1.0,0.8352941176470589,0.9102564102564102,0.9176470588235295
primary_42_DecisionBoundary_randomized_smoothing_Base,42,DecisionBoundary,randomized_smoothing,Base,29,67,0,415,18,0.964,1.0,0.788235294117647,0.8815789473684211,0.8941176470588235
primary_42_DecisionBoundary_randomized_smoothing_Base,42,DecisionBoundary,randomized_smoothing,Base,30,68,0,415,17,0.966,1.0,0.8,0.888888888888889,0.9
primary_42_DecisionBoundary_randomized_smoothing_Base,42,DecisionBoundary,randomized_smoothing,Base,31,65,0,415,20,0.96,1.0,0.7647058823529411,0.8666666666666666,0.8823529411764706
primary_42_DecisionBoundary_randomized_smoothing_Base,42,DecisionBoundary,randomized_smoothing,Base,32,65,0,415,20,0.96,1.0,0.7647058823529411,0.8666666666666666,0.8823529411764706
primary_42_DecisionBoundary_randomized_smoothing_Base,42,DecisionBoundary,randomized_smoothing,Base,33,63,0,415,22,0.956,1.0,0.7411764705882353,0.8513513513513514,0.8705882352941177
primary_42_DecisionBoundary_randomized_smoothing_Base,42,DecisionBoundary,randomized_smoothing,Base,34,65,0,415,20,0.96,1.0,0.7647058823529411,0.8666666666666666,0.8823529411764706
primary_42_DecisionBoundary_randomized_smoothing_Base,42,DecisionBoundary,randomized_smoothing,Base,35,61,0,415,24,0.952,1.0,0.7176470588235294,0.8356164383561643,0.8588235294117648
primary_42_DecisionBoundary_randomized_smoothing_Base,42,DecisionBoundary,randomized_smoothing,Base,36,64,0,415,21,0.958,1.0,0.7529411764705882,0.8590604026845637,0.8764705882352941
primary_42_DecisionBoundary_randomized_smoothing_Base,42,DecisionBoundary,randomized_smoothing,Base,37,73,0,415,12,0.976,1.0,0.8588235294117647,0.9240506329113923,0.9294117647058824
primary_42_DecisionBoundary_randomized_smoothing_Base,42,DecisionBoundary,randomized_smoothing,Base,38,66,0,415,19,0.962,1.0,0.7764705882352941,0.8741721854304636,0.888235294117647
primary_42_DecisionBoundary_randomized_smoothing_Base,42,DecisionBoundary,randomized_smoothing,Base,39,65,0,415,20,0.96,1.0,0.7647058823529411,0.8666666666666666,0.8823529411764706
primary_42_DecisionBoundary_randomized_smoothing_Base,42,DecisionBoundary,randomized_smoothing,Base,40,75,0,415,10,0.98,1.0,0.8823529411764706,0.9375,0.9411764705882353
primary_42_DecisionBoundary_randomized_smoothing_Base,42,DecisionBoundary,randomized_smoothing,Base,41,71,0,415,14,0.972,1.0,0.8352941176470589,0.9102564102564102,0.9176470588235295
primary_42_DecisionBoundary_randomized_smoothing_Base,42,DecisionBoundary,randomized_smoothing,Base,42,67,0,415,18,0.964,1.0,0.788235294117647,0.8815789473684211,0.8941176470588235
primary_42_DecisionBoundary_randomized_smoothing_Base,42,DecisionBoundary,randomized_smoothing,Base,43,64,0,415,21,0.958,1.0,0.7529411764705882,0.8590604026845637,0.8764705882352941
primary_42_DecisionBoundary_randomized_smoothing_Base,42,DecisionBoundary,randomized_smoothing,Base,44,65,0,415,20,0.96,1.0,0.7647058823529411,0.8666666666666666,0.8823529411764706
primary_42_DecisionBoundary_randomized_smoothing_Base,42,DecisionBoundary,randomized_smoothing,Base,45,73,0,415,12,0.976,1.0,0.8588235294117647,0.9240506329113923,0.9294117647058824
primary_42_DecisionBoundary_randomized_smoothing_Base,42,DecisionBoundary,randomized_smoothing,Base,46,70,0,415,15,0.97,1.0,0.8235294117647058,0.9032258064516129,0.9117647058823529
primary_42_DecisionBoundary_randomized_smoothing_Base,42,DecisionBoundary,randomized_smoothing,Base,47,64,0,415,21,0.958,1.0,0.7529411764705882,0.8590604026845637,0.8764705882352941
primary_42_DecisionBoundary_randomized_smoothing_Base,42,DecisionBoundary,randomized_smoothing,Base,48,73,0,415,12,0.976,1.0,0.8588235294117647,0.9240506329113923,0.9294117647058824
primary_42_DecisionBoundary_randomized_smoothing_Base,42,DecisionBoundary,randomized_smoothing,Base,49,68,0,415,17,0.966,1.0,0.8,0.888888888888889,0.9
primary_42_DecisionBoundary_randomized_smoothing_Base,42,DecisionBoundary,randomized_smoothing,Base,50,68,0,415,17,0.966,1.0,0.8,0.888888888888889,0.9
primary_42_DecisionBoundary_randomized_smoothing_Base,42,DecisionBoundary,randomized_smoothing,Base,51,70,0,415,15,0.97,1.0,0.8235294117647058,0.9032258064516129,0.9117647058823529
primary_42_DecisionBoundary_randomized_smoothing_Base,42,DecisionBoundary,randomized_smoothing,Base,52,65,0,415,20,0.96,1.0,0.7647058823529411,0.8666666666666666,0.8823529411764706
primary_42_DecisionBoundary_randomized_smoothing_Base,42,DecisionBoundary,randomized_smoothing,Base,53,62,0,415,23,0.954,1.0,0.7294117647058823,0.8435374149659863,0.8647058823529412
primary_42_DecisionBoundary_randomized_smoothing_Base,42,DecisionBoundary,randomized_smoothing,Base,54,68,0,415,17,0.966,1.0,0.8,0.888888888888889,0.9
primary_42_DecisionBoundary_randomized_smoothing_Base,42,DecisionBoundary,randomized_smoothing,Base,55,65,0,415,20,0.96,1.0,0.7647058823529411,0.8666666666666666,0.8823529411764706
primary_42_DecisionBoundary_randomized_smoothing_Base,42,DecisionBoundary,randomized_smoothing,Base,56,66,0,415,19,0.962,1.0,0.7764705882352941,0.8741721854304636,0.888235294117647
primary_42_DecisionBoundary_randomized_smoothing_Base,42,DecisionBoundary,randomized_smoothing,Base,57,67,0,415,18,0.964,1.0,0.788235294117647,0.8815789473684211,0.8941176470588235
primary_42_DecisionBoundary_randomized_smoothing_Base,42,DecisionBoundary,randomized_smoothing,Base,58,68,0,415,17,0.966,1.0,0.8,0.888888888888889,0.9
primary_42_DecisionBoundary_randomized_smoothing_Base,42,DecisionBoundary,randomized_smoothing,Base,59,69,0,415,16,0.968,1.0,0.8117647058823529,0.8961038961038961,0.9058823529411765
primary_42_DecisionBoundary_randomized_smoothing_Base,42,DecisionBoundary,randomized_smoothing,Base,60,62,0,415,23,0.954,1.0,0.7294117647058823,0.8435374149659863,0.8647058823529412
primary_42_DecisionBoundary_randomized_smoothing_Base,42,DecisionBoundary,randomized_smoothing,Base,61,69,0,415,16,0.968,1.0,0.8117647058823529,0.8961038961038961,0.9058823529411765
primary_42_DecisionBoundary_randomized_smoothing_Base,42,DecisionBoundary,randomized_smoothing,Base,62,66,0,415,19,0.962,1.0,0.7764705882352941,0.8741721854304636,0.888235294117647
primary_42_DecisionBoundary_randomized_smoothing_Base,42,DecisionBoundary,randomized_smoothing,Base,63,69,0,415,16,0.968,1.0,0.8117647058823529,0.8961038961038961,0.9058823529411765
primary_42_DecisionBoundary_randomized_smoothing_Base,42,DecisionBoundary,randomized_smoothing,Base,64,64,0,415,21,0.958,1.0,0.7529411764705882,0.8590604026845637,0.8764705882352941
primary_42_DecisionBoundary_randomized_smoothing_Base,42,DecisionBoundary,randomized_smoothing,Base,65,65,0,415,20,0.96,1.0,0.7647058823529411,0.8666666666666666,0.8823529411764706
primary_42_DecisionBoundary_randomized_smoothing_Base,42,DecisionBoundary,randomized_smoothing,Base,66,68,0,415,17,0.966,1.0,0.8,0.888888888888889,0.9
primary_42_DecisionBoundary_randomized_smoothing_Base,42,DecisionBoundary,randomized_smoothing,Base,67,66,0,415,19,0.962,1.0,0.7764705882352941,0.8741721854304636,0.888235294117647
primary_42_DecisionBoundary_randomized_smoothing_Base,42,DecisionBoundary,randomized_smoothing,Base,68,66,0,415,19,0.962,1.0,0.7764705882352941,0.8741721854304636,0.888235294117647
primary_42_DecisionBoundary_randomized_smoothing_Base,42,DecisionBoundary,randomized_smoothing,Base,69,68,1,414,17,0.964,0.9855072463768116,0.8,0.8831168831168831,0.8987951807228916
primary_42_DecisionBoundary_randomized_smoothing_Base,42,DecisionBoundary,randomized_smoothing,Base,70,67,0,415,18,0.964,1.0,0.788235294117647,0.8815789473684211,0.8941176470588235
primary_42_DecisionBoundary_randomized_smoothing_Base,42,DecisionBoundary,randomized_smoothing,Base,71,67,0,415,18,0.964,1.0,0.788235294117647,0.8815789473684211,0.8941176470588235
primary_42_DecisionBoundary_randomized_smoothing_Base,42,DecisionBoundary,randomized_smoothing,Base,72,68,0,415,17,0.966,1.0,0.8,0.888888888888889,0.9
primary_42_DecisionBoundary_randomized_smoothing_Base,42,DecisionBoundary,randomized_smoothing,Base,73,66,0,415,19,0.962,1.0,0.7764705882352941,0.8741721854304636,0.888235294117647
primary_42_DecisionBoundary_randomized_smoothing_Base,42,DecisionBoundary,randomized_smoothing,Base,74,76,0,415,9,0.982,1.0,0.8941176470588236,0.9440993788819877,0.9470588235294117
primary_42_DecisionBoundary_randomized_smoothing_Base,42,DecisionBoundary,randomized_smoothing,Base,75,67,0,415,18,0.964,1.0,0.788235294117647,0.8815789473684211,0.8941176470588235
primary_42_DecisionBoundary_randomized_smoothing_Base,42,DecisionBoundary,randomized_smoothing,Base,76,69,0,415,16,0.968,1.0,0.8117647058823529,0.8961038961038961,0.9058823529411765
primary_42_DecisionBoundary_randomized_smoothing_Base,42,DecisionBoundary,randomized_smoothing,Base,77,68,0,415,17,0.966,1.0,0.8,0.888888888888889,0.9
primary_42_DecisionBoundary_randomized_smoothing_Base,42,DecisionBoundary,randomized_smoothing,Base,78,69,0,415,16,0.968,1.0,0.8117647058823529,0.8961038961038961,0.9058823529411765
primary_42_DecisionBoundary_randomized_smoothing_Base,42,DecisionBoundary,randomized_smoothing,Base,79,67,0,415,18,0.964,1.0,0.788235294117647,0.8815789473684211,0.8941176470588235
primary_42_DecisionBoundary_randomized_smoothing_Base,42,DecisionBoundary,randomized_smoothing,Base,80,66,0,415,19,0.962,1.0,0.7764705882352941,0.8741721854304636,0.888235294117647
primary_42_DecisionBoundary_randomized_smoothing_Base,42,DecisionBoundary,randomized_smoothing,Base,81,68,0,415,17,0.966,1.0,0.8,0.888888888888889,0.9
primary_42_DecisionBoundary_randomized_smoothing_Base,42,DecisionBoundary,randomized_smoothing,Base,82,71,0,415,14,0.972,1.0,0.8352941176470589,0.9102564102564102,0.9176470588235295
primary_42_DecisionBoundary_randomized_smoothing_Base,42,DecisionBoundary,randomized_smoothing,Base,83,62,0,415,23,0.954,1.0,0.7294117647058823,0.8435374149659863,0.8647058823529412
primary_42_DecisionBoundary_randomized_smoothing_Base,42,DecisionBoundary,randomized_smoothing,Base,84,70,0,415,15,0.97,1.0,0.8235294117647058,0.9032258064516129,0.9117647058823529
primary_42_DecisionBoundary_randomized_smoothing_Base,42,DecisionBoundary,randomized_smoothing,Base,85,69,0,415,16,0.968,1.0,0.8117647058823529,0.8961038961038961,0.9058823529411765
primary_42_DecisionBoundary_randomized_smoothing_Base,42,DecisionBoundary,randomized_smoothing,Base,86,69,1,414,16,0.966,0.9857142857142858,0.8117647058823529,0.8903225806451613,0.904677533664068
primary_42_DecisionBoundary_randomized_smoothing_Base,42,DecisionBoundary,randomized_smoothing,Base,87,62,0,415,23,0.954,1.0,0.7294117647058823,0.8435374149659863,0.8647058823529412
primary_42_DecisionBoundary_randomized_smoothing_Base,42,DecisionBoundary,randomized_smoothing,Base,88,65,0,415,20,0.96,1.0,0.7647058823529411,0.8666666666666666,0.8823529411764706
primary_42_DecisionBoundary_randomized_smoothing_Base,42,DecisionBoundary,randomized_smoothing,Base,89,70,0,415,15,0.97,1.0,0.8235294117647058,0.9032258064516129,0.9117647058823529
primary_42_DecisionBoundary_randomized_smoothing_Base,42,DecisionBoundary,randomized_smoothing,Base,90,69,0,415,16,0.968,1.0,0.8117647058823529,0.8961038961038961,0.9058823529411765
primary_42_DecisionBoundary_randomized_smoothing_Base,42,DecisionBoundary,randomized_smoothing,Base,91,64,0,415,21,0.958,1.0,0.7529411764705882,0.8590604026845637,0.8764705882352941
primary_42_DecisionBoundary_randomized_smoothing_Base,42,DecisionBoundary,randomized_smoothing,Base,92,63,0,415,22,0.956,1.0,0.7411764705882353,0.8513513513513514,0.8705882352941177
primary_42_DecisionBoundary_randomized_smoothing_Base,42,DecisionBoundary,randomized_smoothing,Base,93,70,0,415,15,0.97,1.0,0.8235294117647058,0.9032258064516129,0.9117647058823529
primary_42_DecisionBoundary_randomized_smoothing_Base,42,DecisionBoundary,randomized_smoothing,Base,94,68,0,415,17,0.966,1.0,0.8,0.888888888888889,0.9
primary_42_DecisionBoundary_randomized_smoothing_Base,42,DecisionBoundary,randomized_smoothing,Base,95,70,0,415,15,0.97,1.0,0.8235294117647058,0.9032258064516129,0.9117647058823529
primary_42_DecisionBoundary_randomized_smoothing_Base,42,DecisionBoundary,randomized_smoothing,Base,96,64,0,415,21,0.958,1.0,0.7529411764705882,0.8590604026845637,0.8764705882352941
primary_42_DecisionBoundary_randomized_smoothing_Base,42,DecisionBoundary,randomized_smoothing,Base,97,64,0,415,21,0.958,1.0,0.7529411764705882,0.8590604026845637,0.8764705882352941
primary_42_DecisionBoundary_randomized_smoothing_Base,42,DecisionBoundary,randomized_smoothing,Base,98,70,0,415,15,0.97,1.0,0.8235294117647058,0.9032258064516129,0.9117647058823529
primary_42_DecisionBoundary_randomized_smoothing_Base,42,DecisionBoundary,randomized_smoothing,Base,99,63,0,415,22,0.956,1.0,0.7411764705882353,0.8513513513513514,0.8705882352941177
primary_42_DecisionBoundary_randomized_smoothing_Base,42,DecisionBoundary,randomized_smoothing,Base,100,72,0,415,13,0.974,1.0,0.8470588235294118,0.9171974522292993,0.9235294117647059
primary_42_DecisionBoundary_randomized_smoothing_Base,42,DecisionBoundary,randomized_smoothing,Base,101,67,0,415,18,0.964,1.0,0.788235294117647,0.8815789473684211,0.8941176470588235
primary_42_DecisionBoundary_randomized_smoothing_Base,42,DecisionBoundary,randomized_smoothing,Base,102,67,0,415,18,0.964,1.0,0.788235294117647,0.8815789473684211,0.8941176470588235
primary_42_DecisionBoundary_randomized_smoothing_Base,42,DecisionBoundary,randomized_smoothing,Base,103,72,0,415,13,0.974,1.0,0.8470588235294118,0.9171974522292993,0.9235294117647059
primary_42_DecisionBoundary_randomized_smoothing_Base,42,DecisionBoundary,randomized_smoothing,Base,104,72,0,415,13,0.974,1.0,0.8470588235294118,0.9171974522292993,0.9235294117647059
primary_42_DecisionBoundary_randomized_smoothing_Base,42,DecisionBoundary,randomized_smoothing,Base,105,71,0,415,14,0.972,1.0,0.8352941176470589,0.9102564102564102,0.9176470588235295
primary_42_DecisionBoundary_randomized_smoothing_Base,42,DecisionBoundary,randomized_smoothing,Base,106,68,0,415,17,0.966,1.0,0.8,0.888888888888889,0.9
primary_42_DecisionBoundary_randomized_smoothing_Base,42,DecisionBoundary,randomized_smoothing,Base,107,64,0,415,21,0.958,1.0,0.7529411764705882,0.8590604026845637,0.8764705882352941
primary_42_DecisionBoundary_randomized_smoothing_Base,42,DecisionBoundary,randomized_smoothing,Base,108,68,0,415,17,0.966,1.0,0.8,0.888888888888889,0.9
primary_42_DecisionBoundary_randomized_smoothing_Base,42,DecisionBoundary,randomized_smoothing,Base,109,63,0,415,22,0.956,1.0,0.7411764705882353,0.8513513513513514,0.8705882352941177
primary_42_DecisionBoundary_randomized_smoothing_Base,42,DecisionBoundary,randomized_smoothing,Base,110,65,1,414,20,0.958,0.9848484848484849,0.7647058823529411,0.8609271523178808,0.8811481218993622
primary_42_DecisionBoundary_randomized_smoothing_Base,42,DecisionBoundary,randomized_smoothing,Base,111,67,0,415,18,0.964,1.0,0.788235294117647,0.8815789473684211,0.8941176470588235
primary_42_DecisionBoundary_randomized_smoothing_Base,42,DecisionBoundary,randomized_smoothing,Base,112,70,0,415,15,0.97,1.0,0.8235294117647058,0.9032258064516129,0.9117647058823529
primary_42_DecisionBoundary_randomized_smoothing_Base,42,DecisionBoundary,randomized_smoothing,Base,113,68,0,415,17,0.966,1.0,0.8,0.888888888888889,0.9
primary_42_DecisionBoundary_randomized_smoothing_Base,42,DecisionBoundary,randomized_smoothing,Base,114,62,0,415,23,0.954,1.0,0.7294117647058823,0.8435374149659863,0.8647058823529412
primary_42_DecisionBoundary_randomized_smoothing_Base,42,DecisionBoundary,randomized_smoothing,Base,115,66,0,415,19,0.962,1.0,0.7764705882352941,0.8741721854304636,0.888235294117647
primary_42_DecisionBoundary_randomized_smoothing_Base,42,DecisionBoundary,randomized_smoothing,Base,116,60,0,415,25,0.95,1.0,0.7058823529411765,0.8275862068965517,0.8529411764705883
primary_42_DecisionBoundary_randomized_smoothing_Base,42,DecisionBoundary,randomized_smoothing,Base,117,70,0,415,15,0.97,1.0,0.8235294117647058,0.9032258064516129,0.9117647058823529
primary_42_DecisionBoundary_randomized_smoothing_Base,42,DecisionBoundary,randomized_smoothing,Base,118,69,0,415,16,0.968,1.0,0.8117647058823529,0.8961038961038961,0.9058823529411765
primary_42_DecisionBoundary_randomized_smoothing_Base,42,DecisionBoundary,randomized_smoothing,Base,119,71,0,415,14,0.972,1.0,0.8352941176470589,0.9102564102564102,0.9176470588235295
primary_42_DecisionBoundary_randomized_smoothing_Base,42,DecisionBoundary,randomized_smoothing,Base,120,74,0,415,11,0.978,1.0,0.8705882352941177,0.9308176100628931,0.9352941176470588
primary_42_DecisionBoundary_randomized_smoothing_Base,42,DecisionBoundary,randomized_smoothing,Base,121,70,0,415,15,0.97,1.0,0.8235294117647058,0.9032258064516129,0.9117647058823529
primary_42_DecisionBoundary_randomized_smoothing_Base,42,DecisionBoundary,randomized_smoothing,Base,122,70,0,415,15,0.97,1.0,0.8235294117647058,0.9032258064516129,0.9117647058823529
primary_42_DecisionBoundary_randomized_smoothing_Base,42,DecisionBoundary,randomized_smoothing,Base,123,67,0,415,18,0.964,1.0,0.788235294117647,0.8815789473684211,0.8941176470588235
primary_42_DecisionBoundary_randomized_smoothing_Base,42,DecisionBoundary,randomized_smoothing,Base,124,65,0,415,20,0.96,1.0,0.7647058823529411,0.8666666666666666,0.8823529411764706
primary_42_DecisionBoundary_randomized_smoothing_Base,42,DecisionBoundary,randomized_smoothing,Base,125,70,0,415,15,0.97,1.0,0.8235294117647058,0.9032258064516129,0.9117647058823529
primary_42_DecisionBoundary_randomized_smoothing_Base,42,DecisionBoundary,randomized_smoothing,Base,126,75,0,415,10,0.98,1.0,0.8823529411764706,0.9375,0.9411764705882353
primary_42_DecisionBoundary_randomized_smoothing_Base,42,DecisionBoundary,randomized_smoothing,Base,127,63,0,415,22,0.956,1.0,0.7411764705882353,0.8513513513513514,0.8705882352941177
primary_42_DecisionBoundary_randomized_smoothing_Base,42,DecisionBoundary,randomized_smoothing,Base,128,71,0,415,14,0.972,1.0,0.8352941176470589,0.9102564102564102,0.9176470588235295
primary_42_DecisionBoundary_randomized_smoothing_Base,42,DecisionBoundary,randomized_smoothing,Base,129,67,0,415,18,0.964,1.0,0.788235294117647,0.8815789473684211,0.8941176470588235
primary_42_DecisionBoundary_randomized_smoothing_Base,42,DecisionBoundary,randomized_smoothing,Base,130,74,0,415,11,0.978,1.0,0.8705882352941177,0.9308176100628931,0.9352941176470588
primary_42_DecisionBoundary_randomized_smoothing_Base,42,DecisionBoundary,randomized_smoothing,Base,131,63,0,415,22,0.956,1.0,0.7411764705882353,0.8513513513513514,0.8705882352941177
primary_42_DecisionBoundary_randomized_smoothing_Base,42,DecisionBoundary,randomized_smoothing,Base,132,66,0,415,19,0.962,1.0,0.7764705882352941,0.8741721854304636,0.888235294117647
primary_42_DecisionBoundary_randomized_smoothing_Base,42,DecisionBoundary,randomized_smoothing,Base,133,69,0,415,16,0.968,1.0,0.8117647058823529,0.8961038961038961,0.9058823529411765
primary_42_DecisionBoundary_randomized_smoothing_Base,42,DecisionBoundary,randomized_smoothing,Base,134,64,0,415,21,0.958,1.0,0.7529411764705882,0.8590604026845637,0.8764705882352941
primary_42_DecisionBoundary_randomized_smoothing_Base,42,DecisionBoundary,randomized_smoothing,Base,135,66,0,415,19,0.962,1.0,0.7764705882352941,0.8741721854304636,0.888235294117647
primary_42_DecisionBoundary_randomized_smoothing_Base,42,DecisionBoundary,randomized_smoothing,Base,136,72,0,415,13,0.974,1.0,0.8470588235294118,0.9171974522292993,0.9235294117647059
primary_42_DecisionBoundary_randomized_smoothing_Base,42,DecisionBoundary,randomized_smoothing,Base,137,69,0,415,16,0.968,1.0,0.8117647058823529,0.8961038961038961,0.9058823529411765
primary_42_DecisionBoundary_randomized_smoothing_Base,42,DecisionBoundary,randomized_smoothing,Base,138,70,0,415,15,0.97,1.0,0.8235294117647058,0.9032258064516129,0.9117647058823529
primary_42_DecisionBoundary_randomized_smoothing_Base,42,DecisionBoundary,randomized_smoothing,Base,139,67,0,415,18,0.964,1.0,0.788235294117647,0.8815789473684211,0.8941176470588235
primary_42_DecisionBoundary_randomized_smoothing_Base,42,DecisionBoundary,randomized_smoothing,Base,140,68,0,415,17,0.966,1.0,0.8,0.888888888888889,0.9
primary_42_DecisionBoundary_randomized_smoothing_Base,42,DecisionBoundary,randomized_smoothing,Base,141,69,0,415,16,0.968,1.0,0.8117647058823529,0.8961038961038961,0.9058823529411765
primary_42_DecisionBoundary_randomized_smoothing_Base,42,DecisionBoundary,randomized_smoothing,Base,142,65,0,415,20,0.96,1.0,0.7647058823529411,0.8666666666666666,0.8823529411764706
primary_42_DecisionBoundary_randomized_smoothing_Base,42,DecisionBoundary,randomized_smoothing,Base,143,72,0,415,13,0.974,1.0,0.8470588235294118,0.9171974522292993,0.9235294117647059
primary_42_DecisionBoundary_randomized_smoothing_C1,42,DecisionBoundary,randomized_smoothing,C1,0,69,0,414,17,0.966,1.0,0.8023255813953488,0.8903225806451612,0.9011627906976745
primary_42_DecisionBoundary_randomized_smoothing_C1,42,DecisionBoundary,randomized_smoothing,C1,1,71,0,414,15,0.97,1.0,0.8255813953488372,0.9044585987261146,0.9127906976744187
primary_42_DecisionBoundary_randomized_smoothing_C1,42,DecisionBoundary,randomized_smoothing,C1,2,78,1,413,8,0.982,0.9873417721518988,0.9069767441860465,0.9454545454545454,0.9522806426244241
primary_42_DecisionBoundary_randomized_smoothing_C1,42,DecisionBoundary,randomized_smoothing,C1,3,80,0,414,6,0.988,1.0,0.9302325581395349,0.963855421686747,0.9651162790697674
primary_42_DecisionBoundary_randomized_smoothing_C1,42,DecisionBoundary,randomized_smoothing,C1,4,83,1,413,3,0.992,0.9880952380952381,0.9651162790697675,0.9764705882352942,0.9813504100662847
primary_42_DecisionBoundary_randomized_smoothing_C1,42,DecisionBoundary,randomized_smoothing,C1,5,81,0,414,5,0.99,1.0,0.9418604651162791,0.970059880239521,0.9709302325581395
primary_42_DecisionBoundary_randomized_smoothing_C1,42,DecisionBoundary,randomized_smoothing,C1,6,81,0,414,5,0.99,1.0,0.9418604651162791,0.970059880239521,0.9709302325581395
primary_42_DecisionBoundary_randomized_smoothing_C1,42,DecisionBoundary,randomized_smoothing,C1,7,78,0,414,8,0.984,1.0,0.9069767441860465,0.951219512195122,0.9534883720930232
primary_42_DecisionBoundary_randomized_smoothing_C1,42,DecisionBoundary,randomized_smoothing,C1,8,78,0,414,8,0.984,1.0,0.9069767441860465,0.951219512195122,0.9534883720930232
primary_42_DecisionBoundary_randomized_smoothing_C1,42,DecisionBoundary,randomized_smoothing,C1,9,83,0,414,3,0.994,1.0,0.9651162790697675,0.9822485207100593,0.9825581395348837
primary_42_DecisionBoundary_randomized_smoothing_C1,42,DecisionBoundary,randomized_smoothing,C1,10,78,1,413,8,0.982,0.9873417721518988,0.9069767441860465,0.9454545454545454,0.9522806426244241
primary_42_DecisionBoundary_randomized_smoothing_C1,42,DecisionBoundary,randomized_smoothing,C1,11,79,0,414,7,0.986,1.0,0.9186046511627907,0.9575757575757576,0.9593023255813953
primary_42_DecisionBoundary_randomized_smoothing_C1,42,DecisionBoundary,randomized_smoothing,C1,12,81,0,414,5,0.99,1.0,0.9418604651162791,0.970059880239521,0.9709302325581395
primary_42_DecisionBoundary_randomized_smoothing_C1,42,DecisionBoundary,randomized_smoothing,C1,13,83,0,414,3,0.994,1.0,0.9651162790697675,0.9822485207100593,0.9825581395348837
primary_42_DecisionBoundary_randomized_smoothing_C1,42,DecisionBoundary,randomized_smoothing,C1,14,83,0,414,3,0.994,1.0,0.9651162790697675,0.9822485207100593,0.9825581395348837
primary_42_DecisionBoundary_randomized_smoothing_C1,42,DecisionBoundary,randomized_smoothing,C1,15,82,0,414,4,0.992,1.0,0.9534883720930233,0.9761904761904763,0.9767441860465116
primary_42_DecisionBoundary_randomized_smoothing_C1,42,DecisionBoundary,randomized_smoothing,C1,16,76,1,413,10,0.978,0.987012987012987,0.8837209302325582,0.9325153374233128,0.94065273564768
primary_42_DecisionBoundary_randomized_smoothing_C1,42,DecisionBoundary,randomized_smoothing,C1,17,84,0,415,1,0.998,1.0,0.9882352941176471,0.9940828402366864,0.9941176470588236
primary_42_DecisionBoundary_randomized_smoothing_C1,42,DecisionBoundary,randomized_smoothing,C1,18,80,0,415,5,0.99,1.0,0.9411764705882353,0.9696969696969697,0.9705882352941176
primary_42_DecisionBoundary_randomized_smoothing_C1,42,DecisionBoundary,randomized_smoothing,C1,19,83,0,415,2,0.996,1.0,0.9764705882352941,0.988095238095238,0.9882352941176471
primary_42_DecisionBoundary_randomized_smoothing_C1,42,DecisionBoundary,randomized_smoothing,C1,20,75,1,414,10,0.978,0.9868421052631579,0.8823529411764706,0.9316770186335402,0.9399716513111269
primary_42_DecisionBoundary_randomized_smoothing_C1,42,DecisionBoundary,randomized_smoothing,C1,21,75,1,414,10,0.978,0.9868421052631579,0.8823529411764706,0.9316770186335402,0.9399716513111269
primary_42_DecisionBoundary_randomized_smoothing_C1,42,DecisionBoundary,randomized_smoothing,C1,22,75,0,415,10,0.98,1.0,0.8823529411764706,0.9375,0.9411764705882353
primary_42_DecisionBoundary_randomized_smoothing_C1,42,DecisionBoundary,randomized_smoothing,C1,23,80,0,415,5,0.99,1.0,0.9411764705882353,0.9696969696969697,0.9705882352941176
primary_42_DecisionBoundary_randomized_smoothing_C1,42,DecisionBoundary,randomized_smoothing,C1,24,78,1,414,7,0.984,0.9873417721518988,0.9176470588235294,0.9512195121951219,0.9576187101346563
primary_42_DecisionBoundary_randomized_smoothing_C1,42,DecisionBoundary,randomized_smoothing,C1,25,76,0,415,9,0.982,1.0,0.8941176470588236,0.9440993788819877,0.9470588235294117
primary_42_DecisionBoundary_randomized_smoothing_C1,42,DecisionBoundary,randomized_smoothing,C1,26,76,0,415,9,0.982,1.0,0.8941176470588236,0.9440993788819877,0.9470588235294117
primary_42_DecisionBoundary_randomized_smoothing_C1,42,DecisionBoundary,randomized_smoothing,C1,27,73,0,415,12,0.976,1.0,0.8588235294117647,0.9240506329113923,0.9294117647058824
primary_42_DecisionBoundary_randomized_smoothing_C1,42,DecisionBoundary,randomized_smoothing,C1,28,79,0,415,6,0.988,1.0,0.9294117647058824,0.9634146341463414,0.9647058823529412
primary_42_DecisionBoundary_randomized_smoothing_C1,42,DecisionBoundary,randomized_smoothing,C1,29,79,0,415,6,0.988,1.0,0.9294117647058824,0.9634146341463414,0.9647058823529412
primary_42_DecisionBoundary_randomized_smoothing_C1,42,DecisionBoundary,randomized_smoothing,C1,30,77,0,415,8,0.984,1.0,0.9058823529411765,0.9506172839506173,0.9529411764705882
primary_42_DecisionBoundary_randomized_smoothing_C1,42,DecisionBoundary,randomized_smoothing,C1,31,76,1,414,9,0.98,0.987012987012987,0.8941176470588236,0.9382716049382716,0.9458540042523034
primary_42_DecisionBoundary_randomized_smoothing_C1,42,DecisionBoundary,randomized_smoothing,C1,32,79,0,415,6,0.988,1.0,0.9294117647058824,0.9634146341463414,0.9647058823529412
primary_42_DecisionBoundary_randomized_smoothing_C1,42,DecisionBoundary,randomized_smoothing,C1,33,78,0,415,7,0.986,1.0,0.9176470588235294,0.9570552147239264,0.9588235294117646
primary_42_DecisionBoundary_randomized_smoothing_C1,42,DecisionBoundary,randomized_smoothing,C1,34,77,1,414,8,0.982,0.9871794871794872,0.9058823529411765,0.9447852760736197,0.9517363571934798
primary_42_DecisionBoundary_randomized_smoothing_C1,42,DecisionBoundary,randomized_smoothing,C1,35,73,0,415,12,0.976,1.0,0.8588235294117647,0.9240506329113923,0.9294117647058824
primary_42_DecisionBoundary_randomized_smoothing_C1,42,DecisionBoundary,randomized_smoothing,C1,36,77,0,415,8,0.984,1.0,0.9058823529411765,0.9506172839506173,0.9529411764705882
primary_42_DecisionBoundary_randomized_smoothing_C1,42,DecisionBoundary,randomized_smoothing,C1,37,80,1,414,5,0.988,0.9876543209876543,0.9411764705882353,0.963855421686747,0.9693834160170092
primary_42_DecisionBoundary_randomized_smoothing_C1,42,DecisionBoundary,randomized_smoothing,C1,38,78,0,415,7,0.986,1.0,0.9176470588235294,0.9570552147239264,0.9588235294117646
primary_42_DecisionBoundary_randomized_smoothing_C1,42,DecisionBoundary,randomized_smoothing,C1,39,80,0,415,5,0.99,1.0,0.9411764705882353,0.9696969696969697,0.9705882352941176
primary_42_DecisionBoundary_randomized_smoothing_C1,42,DecisionBoundary,randomized_smoothing,C1,40,81,0,415,4,0.992,1.0,0.9529411764705882,0.9759036144578312,0.9764705882352941
primary_42_DecisionBoundary_randomized_smoothing_C1,42,DecisionBoundary,randomized_smoothing,C1,41,81,0,415,4,0.992,1.0,0.9529411764705882,0.9759036144578312,0.9764705882352941
primary_42_DecisionBoundary_randomized_smoothing_C1,42,DecisionBoundary,randomized_smoothing,C1,42,78,0,415,7,0.986,1.0,0.9176470588235294,0.9570552147239264,0.9588235294117646
primary_42_DecisionBoundary_randomized_smoothing_C1,42,DecisionBoundary,randomized_smoothing,C1,43,79,1,414,6,0.986,0.9875,0.9294117647058824,0.9575757575757576,0.9635010630758327
primary_42_DecisionBoundary_randomized_smoothing_C1,42,DecisionBoundary,randomized_smoothing,C1,44,79,0,415,6,0.988,1.0,0.9294117647058824,0.9634146341463414,0.9647058823529412
primary_42_DecisionBoundary_randomized_smoothing_C1,42,DecisionBoundary,randomized_smoothing,C1,45,81,1,414,4,0.99,0.9878048780487805,0.9529411764705882,0.9700598802395209,0.9752657689581856
primary_42_DecisionBoundary_randomized_smoothing_C1,42,DecisionBoundary,randomized_smoothing,C1,46,80,2,413,5,0.986,0.975609756097561,0.9411764705882353,0.9580838323353293,0.9681785967399008
primary_42_DecisionBoundary_randomized_smoothing_C1,42,DecisionBoundary,randomized_smoothing,C1,47,74,0,415,11,0.978,1.0,0.8705882352941177,0.9308176100628931,0.9352941176470588
primary_42_DecisionBoundary_randomized_smoothing_C1,42,DecisionBoundary,randomized_smoothing,C1,48,79,0,415,6,0.988,1.0,0.9294117647058824,0.9634146341463414,0.9647058823529412
primary_42_DecisionBoundary_randomized_smoothing_C1,42,DecisionBoundary,randomized_smoothing,C1,49,77,0,415,8,0.984,1.0,0.9058823529411765,0.9506172839506173,0.9529411764705882
primary_42_DecisionBoundary_randomized_smoothing_C1,42,DecisionBoundary,randomized_smoothing,C1,50,79,0,415,6,0.988,1.0,0.9294117647058824,0.9634146341463414,0.9647058823529412
primary_42_DecisionBoundary_randomized_smoothing_C1,42,DecisionBoundary,randomized_smoothing,C1,51,77,1,414,8,0.982,0.9871794871794872,0.9058823529411765,0.9447852760736197,0.9517363571934798
primary_42_DecisionBoundary_randomized_smoothing_C1,42,DecisionBoundary,randomized_smoothing,C1,52,77,1,414,8,0.982,0.9871794871794872,0.9058823529411765,0.9447852760736197,0.9517363571934798
primary_42_DecisionBoundary_randomized_smoothing_C1,42,DecisionBoundary,randomized_smoothing,C1,53,76,1,414,9,0.98,0.987012987012987,0.8941176470588236,0.9382716049382716,0.9458540042523034
primary_42_DecisionBoundary_randomized_smoothing_C1,42,DecisionBoundary,randomized_smoothing,C1,54,81,0,415,4,0.992,1.0,0.9529411764705882,0.9759036144578312,0.9764705882352941
primary_42_DecisionBoundary_randomized_smoothing_C1,42,DecisionBoundary,randomized_smoothing,C1,55,77,0,415,8,0.984,1.0,0.9058823529411765,0.9506172839506173,0.9529411764705882
primary_42_DecisionBoundary_randomized_smoothing_C1,42,DecisionBoundary,randomized_smoothing,C1,56,74,0,415,11,0.978,1.0,0.8705882352941177,0.9308176100628931,0.9352941176470588
primary_42_DecisionBoundary_randomized_smoothing_C1,42,DecisionBoundary,randomized_smoothing,C1,57,80,1,414,5,0.988,0.9876543209876543,0.9411764705882353,0.963855421686747,0.9693834160170092
primary_42_DecisionBoundary_randomized_smoothing_C1,42,DecisionBoundary,randomized_smoothing,C1,58,78,2,413,7,0.982,0.975,0.9176470588235294,0.9454545454545454,0.9564138908575478
primary_42_DecisionBoundary_randomized_smoothing_C1,42,DecisionBoundary,randomized_smoothing,C1,59,77,1,414,8,0.982,0.9871794871794872,0.9058823529411765,0.9447852760736197,0.9517363571934798
primary_42_DecisionBoundary_randomized_smoothing_C1,42,DecisionBoundary,randomized_smoothing,C1,60,79,0,415,6,0.988,1.0,0.9294117647058824,0.9634146341463414,0.9647058823529412
primary_42_DecisionBoundary_randomized_smoothing_C1,42,DecisionBoundary,randomized_smoothing,C1,61,78,0,415,7,0.986,1.0,0.9176470588235294,0.9570552147239264,0.9588235294117646
primary_42_DecisionBoundary_randomized_smoothing_C1,42,DecisionBoundary,randomized_smoothing,C1,62,80,0,415,5,0.99,1.0,0.9411764705882353,0.9696969696969697,0.9705882352941176
primary_42_DecisionBoundary_randomized_smoothing_C1,42,DecisionBoundary,randomized_smoothing,C1,63,76,0,415,9,0.982,1.0,0.8941176470588236,0.9440993788819877,0.9470588235294117
primary_42_DecisionBoundary_randomized_smoothing_C1,42,DecisionBoundary,randomized_smoothing,C1,64,73,0,415,12,0.976,1.0,0.8588235294117647,0.9240506329113923,0.9294117647058824
primary_42_DecisionBoundary_randomized_smoothing_C1,42,DecisionBoundary,randomized_smoothing,C1,65,76,2,413,9,0.978,0.9743589743589743,0.8941176470588236,0.9325153374233129,0.9446491849751949
primary_42_DecisionBoundary_randomized_smoothing_C1,42,DecisionBoundary,randomized_smoothing,C1,66,81,1,414,4,0.99,0.9878048780487805,0.9529411764705882,0.9700598802395209,0.9752657689581856
primary_42_DecisionBoundary_randomized_smoothing_C1,42,DecisionBoundary,randomized_smoothing,C1,67,78,0,415,7,0.986,1.0,0.9176470588235294,0.9570552147239264,0.9588235294117646
primary_42_DecisionBoundary_randomized_smoothing_C1,42,DecisionBoundary,randomized_smoothing,C1,68,77,0,415,8,0.984,1.0,0.9058823529411765,0.9506172839506173,0.9529411764705882
primary_42_DecisionBoundary_randomized_smoothing_C1,42,DecisionBoundary,randomized_smoothing,C1,69,79,2,413,6,0.984,0.9753086419753086,0.9294117647058824,0.9518072289156626,0.9622962437987244
primary_42_DecisionBoundary_randomized_smoothing_C1,42,DecisionBoundary,randomized_smoothing,C1,70,79,0,415,6,0.988,1.0,0.9294117647058824,0.9634146341463414,0.9647058823529412
primary_42_DecisionBoundary_randomized_smoothing_C1,42,DecisionBoundary,randomized_smoothing,C1,71,76,0,415,9,0.982,1.0,0.8941176470588236,0.9440993788819877,0.9470588235294117
primary_42_DecisionBoundary_randomized_smoothing_C1,42,DecisionBoundary,randomized_smoothing,C1,72,78,1,414,7,0.984,0.9873417721518988,0.9176470588235294,0.9512195121951219,0.9576187101346563
primary_42_DecisionBoundary_randomized_smoothing_C1,42,DecisionBoundary,randomized_smoothing,C1,73,75,1,414,10,0.978,0.9868421052631579,0.8823529411764706,0.9316770186335402,0.9399716513111269
primary_42_DecisionBoundary_randomized_smoothing_C1,42,DecisionBoundary,randomized_smoothing,C1,74,81,0,415,4,0.992,1.0,0.9529411764705882,0.9759036144578312,0.9764705882352941
primary_42_DecisionBoundary_randomized_smoothing_C1,42,DecisionBoundary,randomized_smoothing,C1,75,77,0,415,8,0.984,1.0,0.9058823529411765,0.9506172839506173,0.9529411764705882
primary_42_DecisionBoundary_randomized_smoothing_C1,42,DecisionBoundary,randomized_smoothing,C1,76,81,1,414,4,0.99,0.9878048780487805,0.9529411764705882,0.9700598802395209,0.9752657689581856
primary_42_DecisionBoundary_randomized_smoothing_C1,42,DecisionBoundary,randomized_smoothing,C1,77,79,0,415,6,0.988,1.0,0.9294117647058824,0.9634146341463414,0.9647058823529412
primary_42_DecisionBoundary_randomized_smoothing_C1,42,DecisionBoundary,randomized_smoothing,C1,78,82,1,414,3,0.992,0.9879518072289156,0.9647058823529412,0.9761904761904762,0.9811481218993622
primary_42_DecisionBoundary_randomized_smoothing_C1,42,DecisionBoundary,randomized_smoothing,C1,79,80,0,415,5,0.99,1.0,0.9411764705882353,0.9696969696969697,0.9705882352941176
primary_42_DecisionBoundary_randomized_smoothing_C1,42,DecisionBoundary,randomized_smoothing,C1,80,78,0,415,7,0.986,1.0,0.9176470588235294,0.9570552147239264,0.9588235294117646
primary_42_DecisionBoundary_randomized_smoothing_C1,42,DecisionBoundary,randomized_smoothing,C1,81,75,0,415,10,0.98,1.0,0.8823529411764706,0.9375,0.9411764705882353
primary_42_DecisionBoundary_randomized_smoothing_C1,42,DecisionBoundary,randomized_smoothing,C1,82,80,1,414,5,0.988,0.9876543209876543,0.9411764705882353,0.963855421686747,0.9693834160170092
primary_42_DecisionBoundary_randomized_smoothing_C1,42,DecisionBoundary,randomized_smoothing,C1,83,76,0,415,9,0.982,1.0,0.8941176470588236,0.9440993788819877,0.9470588235294117
primary_42_DecisionBoundary_randomized_smoothing_C1,42,DecisionBoundary,randomized_smoothing,C1,84,77,0,415,8,0.984,1.0,0.9058823529411765,0.9506172839506173,0.9529411764705882
primary_42_DecisionBoundary_randomized_smoothing_C1,42,DecisionBoundary,randomized_smoothing,C1,85,81,1,414,4,0.99,0.9878048780487805,0.9529411764705882,0.9700598802395209,0.9752657689581856
primary_42_DecisionBoundary_randomized_smoothing_C1,42,DecisionBoundary,randomized_smoothing,C1,86,75,2,413,10,0.976,0.974025974025974,0.8823529411764706,0.9259259259259258,0.9387668320340183
primary_42_DecisionBoundary_randomized_smoothing_C1,42,DecisionBoundary,randomized_smoothing,C1,87,78,0,415,7,0.986,1.0,0.9176470588235294,0.9570552147239264,0.9588235294117646
primary_42_DecisionBoundary_randomized_smoothing_C1,42,DecisionBoundary,randomized_smoothing,C1,88,81,0,415,4,0.992,1.0,0.9529411764705882,0.9759036144578312,0.9764705882352941
primary_42_DecisionBoundary_randomized_smoothing_C1,42,DecisionBoundary,randomized_smoothing,C1,89,77,1,414,8,0.982,0.9871794871794872,0.9058823529411765,0.9447852760736197,0.9517363571934798
primary_42_DecisionBoundary_randomized_smoothing_C1,42,DecisionBoundary,randomized_smoothing,C1,90,82,1,414,3,0.992,0.9879518072289156,0.9647058823529412,0.9761904761904762,0.9811481218993622
primary_42_DecisionBoundary_randomized_smoothing_C1,42,DecisionBoundary,randomized_smoothing,C1,91,80,2,413,5,0.986,0.975609756097561,0.9411764705882353,0.9580838323353293,0.9681785967399008
primary_42_DecisionBoundary_randomized_smoothing_C1,42,DecisionBoundary,randomized_smoothing,C1,92,79,0,415,6,0.988,1.0,0.9294117647058824,0.9634146341463414,0.9647058823529412
primary_42_DecisionBoundary_randomized_smoothing_C1,42,DecisionBoundary,randomized_smoothing,C1,93,78,0,415,7,0.986,1.0,0.9176470588235294,0.9570552147239264,0.9588235294117646
primary_42_DecisionBoundary_randomized_smoothing_C1,42,DecisionBoundary,randomized_smoothing,C1,94,80,0,415,5,0.99,1.0,0.9411764705882353,0.9696969696969697,0.9705882352941176
primary_42_DecisionBoundary_randomized_smoothing_C1,42,DecisionBoundary,randomized_smoothing,C1,95,81,1,414,4,0.99,0.9878048780487805,0.9529411764705882,0.9700598802395209,0.9752657689581856
primary_42_DecisionBoundary_randomized_smoothing_C1,42,DecisionBoundary,randomized_smoothing,C1,96,83,0,415,2,0.996,1.0,0.9764705882352941,0.988095238095238,0.9882352941176471
primary_42_DecisionBoundary_randomized_smoothing_C1,42,DecisionBoundary,randomized_smoothing,C1,97,75,1,414,10,0.978,0.9868421052631579,0.8823529411764706,0.9316770186335402,0.9399716513111269
primary_42_DecisionBoundary_randomized_smoothing_C1,42,DecisionBoundary,randomized_smoothing,C1,98,78,0,415,7,0.986,1.0,0.9176470588235294,0.9570552147239264,0.9588235294117646
primary_42_DecisionBoundary_randomized_smoothing_C1,42,DecisionBoundary,randomized_smoothing,C1,99,81,1,414,4,0.99,0.9878048780487805,0.9529411764705882,0.9700598802395209,0.9752657689581856
primary_42_DecisionBoundary_randomized_smoothing_C1,42,DecisionBoundary,randomized_smoothing,C1,100,78,1,414,7,0.984,0.9873417721518988,0.9176470588235294,0.9512195121951219,0.9576187101346563
primary_42_DecisionBoundary_randomized_smoothing_C1,42,DecisionBoundary,randomized_smoothing,C1,101,81,0,415,4,0.992,1.0,0.9529411764705882,0.9759036144578312,0.9764705882352941
primary_42_DecisionBoundary_randomized_smoothing_C1,42,DecisionBoundary,randomized_smoothing,C1,102,79,0,415,6,0.988,1.0,0.9294117647058824,0.9634146341463414,0.9647058823529412
primary_42_DecisionBoundary_randomized_smoothing_C1,42,DecisionBoundary,randomized_smoothing,C1,103,80,0,415,5,0.99,1.0,0.9411764705882353,0.9696969696969697,0.9705882352941176
primary_42_DecisionBoundary_randomized_smoothing_C1,42,DecisionBoundary,randomized_smoothing,C1,104,82,0,415,3,0.994,1.0,0.9647058823529412,0.9820359281437125,0.9823529411764707
primary_42_DecisionBoundary_randomized_smoothing_C1,42,DecisionBoundary,randomized_smoothing,C1,105,80,0,415,5,0.99,1.0,0.9411764705882353,0.9696969696969697,0.9705882352941176
primary_42_DecisionBoundary_randomized_smoothing_C1,42,DecisionBoundary,randomized_smoothing,C1,106,79,0,415,6,0.988,1.0,0.9294117647058824,0.9634146341463414,0.9647058823529412
primary_42_DecisionBoundary_randomized_smoothing_C1,42,DecisionBoundary,randomized_smoothing,C1,107,78,0,415,7,0.986,1.0,0.9176470588235294,0.9570552147239264,0.9588235294117646
primary_42_DecisionBoundary_randomized_smoothing_C1,42,DecisionBoundary,randomized_smoothing,C1,108,78,0,415,7,0.986,1.0,0.9176470588235294,0.9570552147239264,0.9588235294117646
primary_42_DecisionBoundary_randomized_smoothing_C1,42,DecisionBoundary,randomized_smoothing,C1,109,77,0,415,8,0.984,1.0,0.9058823529411765,0.9506172839506173,0.9529411764705882
primary_42_DecisionBoundary_randomized_smoothing_C1,42,DecisionBoundary,randomized_smoothing,C1,110,76,1,414,9,0.98,0.987012987012987,0.8941176470588236,0.9382716049382716,0.9458540042523034
primary_42_DecisionBoundary_randomized_smoothing_C1,42,DecisionBoundary,randomized_smoothing,C1,111,80,1,414,5,0.988,0.9876543209876543,0.9411764705882353,0.963855421686747,0.9693834160170092
primary_42_DecisionBoundary_randomized_smoothing_C1,42,DecisionBoundary,randomized_smoothing,C1,112,81,1,414,4,0.99,0.9878048780487805,0.9529411764705882,0.9700598802395209,0.9752657689581856
primary_42_DecisionBoundary_randomized_smoothing_C1,42,DecisionBoundary,randomized_smoothing,C1,113,78,1,414,7,0.984,0.9873417721518988,0.9176470588235294,0.9512195121951219,0.9576187101346563
primary_42_DecisionBoundary_randomized_smoothing_C1,42,DecisionBoundary,randomized_smoothing,C1,114,74,0,415,11,0.978,1.0,0.8705882352941177,0.9308176100628931,0.9352941176470588
primary_42_DecisionBoundary_randomized_smoothing_C1,42,DecisionBoundary,randomized_smoothing,C1,115,78,0,415,7,0.986,1.0,0.9176470588235294,0.9570552147239264,0.9588235294117646
primary_42_DecisionBoundary_randomized_smoothing_C1,42,DecisionBoundary,randomized_smoothing,C1,116,78,1,414,7,0.984,0.9873417721518988,0.9176470588235294,0.9512195121951219,0.9576187101346563
primary_42_DecisionBoundary_randomized_smoothing_C1,42,DecisionBoundary,randomized_smoothing,C1,117,80,0,415,5,0.99,1.0,0.9411764705882353,0.9696969696969697,0.9705882352941176
primary_42_DecisionBoundary_randomized_smoothing_C1,42,DecisionBoundary,randomized_smoothing,C1,118,78,1,414,7,0.984,0.9873417721518988,0.9176470588235294,0.9512195121951219,0.9576187101346563
primary_42_DecisionBoundary_randomized_smoothing_C1,42,DecisionBoundary,randomized_smoothing,C1,119,80,0,415,5,0.99,1.0,0.9411764705882353,0.9696969696969697,0.9705882352941176
primary_42_DecisionBoundary_randomized_smoothing_C1,42,DecisionBoundary,randomized_smoothing,C1,120,78,0,415,7,0.986,1.0,0.9176470588235294,0.9570552147239264,0.9588235294117646
primary_42_DecisionBoundary_randomized_smoothing_C1,42,DecisionBoundary,randomized_smoothing,C1,121,80,0,415,5,0.99,1.0,0.9411764705882353,0.9696969696969697,0.9705882352941176
primary_42_DecisionBoundary_randomized_smoothing_C1,42,DecisionBoundary,randomized_smoothing,C1,122,77,0,415,8,0.984,1.0,0.9058823529411765,0.9506172839506173,0.9529411764705882
primary_42_DecisionBoundary_randomized_smoothing_C1,42,DecisionBoundary,randomized_smoothing,C1,123,76,0,415,9,0.982,1.0,0.8941176470588236,0.9440993788819877,0.9470588235294117
primary_42_DecisionBoundary_randomized_smoothing_C1,42,DecisionBoundary,randomized_smoothing,C1,124,78,1,414,7,0.984,0.9873417721518988,0.9176470588235294,0.9512195121951219,0.9576187101346563
primary_42_DecisionBoundary_randomized_smoothing_C1,42,DecisionBoundary,randomized_smoothing,C1,125,82,2,413,3,0.99,0.9761904761904762,0.9647058823529412,0.9704142011834319,0.9799433026222537
primary_42_DecisionBoundary_randomized_smoothing_C1,42,DecisionBoundary,randomized_smoothing,C1,126,83,0,415,2,0.996,1.0,0.9764705882352941,0.988095238095238,0.9882352941176471
primary_42_DecisionBoundary_randomized_smoothing_C1,42,DecisionBoundary,randomized_smoothing,C1,127,75,0,415,10,0.98,1.0,0.8823529411764706,0.9375,0.9411764705882353
primary_42_DecisionBoundary_randomized_smoothing_C1,42,DecisionBoundary,randomized_smoothing,C1,128,82,0,415,3,0.994,1.0,0.9647058823529412,0.9820359281437125,0.9823529411764707
primary_42_DecisionBoundary_randomized_smoothing_C1,42,DecisionBoundary,randomized_smoothing,C1,129,79,0,415,6,0.988,1.0,0.9294117647058824,0.9634146341463414,0.9647058823529412
primary_42_DecisionBoundary_randomized_smoothing_C1,42,DecisionBoundary,randomized_smoothing,C1,130,83,0,415,2,0.996,1.0,0.9764705882352941,0.988095238095238,0.9882352941176471
primary_42_DecisionBoundary_randomized_smoothing_C1,42,DecisionBoundary,randomized_smoothing,C1,131,78,1,414,7,0.984,0.9873417721518988,0.9176470588235294,0.9512195121951219,0.9576187101346563
primary_42_DecisionBoundary_randomized_smoothing_C1,42,DecisionBoundary,randomized_smoothing,C1,132,77,0,415,8,0.984,1.0,0.9058823529411765,0.9506172839506173,0.9529411764705882
primary_42_DecisionBoundary_randomized_smoothing_C1,42,DecisionBoundary,randomized_smoothing,C1,133,80,1,414,5,0.988,0.9876543209876543,0.9411764705882353,0.963855421686747,0.9693834160170092
primary_42_DecisionBoundary_randomized_smoothing_C1,42,DecisionBoundary,randomized_smoothing,C1,134,76,0,415,9,0.982,1.0,0.8941176470588236,0.9440993788819877,0.9470588235294117
primary_42_DecisionBoundary_randomized_smoothing_C1,42,DecisionBoundary,randomized_smoothing,C1,135,80,0,415,5,0.99,1.0,0.9411764705882353,0.9696969696969697,0.9705882352941176
primary_42_DecisionBoundary_randomized_smoothing_C1,42,DecisionBoundary,randomized_smoothing,C1,136,82,0,415,3,0.994,1.0,0.9647058823529412,0.9820359281437125,0.9823529411764707
primary_42_DecisionBoundary_randomized_smoothing_C1,42,DecisionBoundary,randomized_smoothing,C1,137,77,2,413,8,0.98,0.9746835443037974,0.9058823529411765,0.9390243902439025,0.9505315379163713
primary_42_DecisionBoundary_randomized_smoothing_C1,42,DecisionBoundary,randomized_smoothing,C1,138,81,0,415,4,0.992,1.0,0.9529411764705882,0.9759036144578312,0.9764705882352941
primary_42_DecisionBoundary_randomized_smoothing_C1,42,DecisionBoundary,randomized_smoothing,C1,139,76,1,414,9,0.98,0.987012987012987,0.8941176470588236,0.9382716049382716,0.9458540042523034
primary_42_DecisionBoundary_randomized_smoothing_C1,42,DecisionBoundary,randomized_smoothing,C1,140,79,0,415,6,0.988,1.0,0.9294117647058824,0.9634146341463414,0.9647058823529412
primary_42_DecisionBoundary_randomized_smoothing_C1,42,DecisionBoundary,randomized_smoothing,C1,141,77,0,415,8,0.984,1.0,0.9058823529411765,0.9506172839506173,0.9529411764705882
primary_42_DecisionBoundary_randomized_smoothing_C1,42,DecisionBoundary,randomized_smoothing,C1,142,81,0,415,4,0.992,1.0,0.9529411764705882,0.9759036144578312,0.9764705882352941
primary_42_DecisionBoundary_randomized_smoothing_C1,42,DecisionBoundary,randomized_smoothing,C1,143,81,0,415,4,0.992,1.0,0.9529411764705882,0.9759036144578312,0.9764705882352941
primary_43_SilentProbing_afp_Base,43,SilentProbing,afp,Base,0,72,0,414,14,0.972,1.0,0.8372093023255814,0.9113924050632911,0.9186046511627908
primary_43_SilentProbing_afp_Base,43,SilentProbing,afp,Base,1,64,1,413,22,0.954,0.9846153846153847,0.7441860465116279,0.847682119205298,0.8708852937872149
primary_43_SilentProbing_afp_Base,43,SilentProbing,afp,Base,2,73,0,414,13,0.974,1.0,0.8488372093023255,0.9182389937106918,0.9244186046511628
primary_43_SilentProbing_afp_Base,43,SilentProbing,afp,Base,3,67,0,414,19,0.962,1.0,0.7790697674418605,0.8758169934640523,0.8895348837209303
primary_43_SilentProbing_afp_Base,43,SilentProbing,afp,Base,4,75,0,414,11,0.978,1.0,0.872093023255814,0.9316770186335404,0.936046511627907
primary_43_SilentProbing_afp_Base,43,SilentProbing,afp,Base,5,67,0,414,19,0.962,1.0,0.7790697674418605,0.8758169934640523,0.8895348837209303
primary_43_SilentProbing_afp_Base,43,SilentProbing,afp,Base,6,77,0,414,9,0.982,1.0,0.8953488372093024,0.9447852760736196,0.9476744186046512
primary_43_SilentProbing_afp_Base,43,SilentProbing,afp,Base,7,70,0,414,16,0.968,1.0,0.813953488372093,0.8974358974358974,0.9069767441860466
primary_43_SilentProbing_afp_Base,43,SilentProbing,afp,Base,8,65,0,414,21,0.958,1.0,0.7558139534883721,0.8609271523178808,0.877906976744186
primary_43_SilentProbing_afp_Base,43,SilentProbing,afp,Base,9,72,0,414,14,0.972,1.0,0.8372093023255814,0.9113924050632911,0.9186046511627908
primary_43_SilentProbing_afp_Base,43,SilentProbing,afp,Base,10,73,0,414,13,0.974,1.0,0.8488372093023255,0.9182389937106918,0.9244186046511628
primary_43_SilentProbing_afp_Base,43,SilentProbing,afp,Base,11,65,0,414,21,0.958,1.0,0.7558139534883721,0.8609271523178808,0.877906976744186
primary_43_SilentProbing_afp_Base,43,SilentProbing,afp,Base,12,71,0,414,15,0.97,1.0,0.8255813953488372,0.9044585987261146,0.9127906976744187
primary_43_SilentProbing_afp_Base,43,SilentProbing,afp,Base,13,75,0,414,11,0.978,1.0,0.872093023255814,0.9316770186335404,0.936046511627907
primary_43_SilentProbing_afp_Base,43,SilentProbing,afp,Base,14,70,1,413,16,0.966,0.9859154929577465,0.813953488372093,0.89171974522293,0.9057690147174475
primary_43_SilentProbing_afp_Base,43,SilentProbing,afp,Base,15,70,0,414,16,0.968,1.0,0.813953488372093,0.8974358974358974,0.9069767441860466
primary_43_SilentProbing_afp_Base,43,SilentProbing,afp,Base,16,64,0,414,22,0.956,1.0,0.7441860465116279,0.8533333333333333,0.872093023255814
primary_43_SilentProbing_afp_Base,43,SilentProbing,afp,Base,17,79,0,415,6,0.988,1.0,0.9294117647058824,0.9634146341463414,0.9647058823529412
primary_43_SilentProbing_afp_Base,43,SilentProbing,afp,Base,18,67,0,415,18,0.964,1.0,0.788235294117647,0.8815789473684211,0.8941176470588235
primary_43_SilentProbing_afp_Base,43,SilentProbing,afp,Base,19,73,0,415,12,0.976,1.0,0.8588235294117647,0.9240506329113923,0.9294117647058824
primary_43_SilentProbing_afp_Base,43,SilentProbing,afp,Base,20,67,0,415,18,0.964,1.0,0.788235294117647,0.8815789473684211,0.8941176470588235
primary_43_SilentProbing_afp_Base,43,SilentProbing,afp,Base,21,65,0,415,20,0.96,1.0,0.7647058823529411,0.8666666666666666,0.8823529411764706
primary_43_SilentProbing_afp_Base,43,SilentProbing,afp,Base,22,69,0,415,16,0.968,1.0,0.8117647058823529,0.8961038961038961,0.9058823529411765
primary_43_SilentProbing_afp_Base,43,SilentProbing,afp,Base,23,72,0,415,13,0.974,1.0,0.8470588235294118,0.9171974522292993,0.9235294117647059
primary_43_SilentProbing_afp_Base,43,SilentProbing,afp,Base,24,69,0,415,16,0.968,1.0,0.8117647058823529,0.8961038961038961,0.9058823529411765
primary_43_SilentProbing_afp_Base,43,SilentProbing,afp,Base,25,72,0,415,13,0.974,1.0,0.8470588235294118,0.9171974522292993,0.9235294117647059
primary_43_SilentProbing_afp_Base,43,SilentProbing,afp,Base,26,64,0,415,21,0.958,1.0,0.7529411764705882,0.8590604026845637,0.8764705882352941
primary_43_SilentProbing_afp_Base,43,SilentProbing,afp,Base,27,63,0,415,22,0.956,1.0,0.7411764705882353,0.8513513513513514,0.8705882352941177
primary_43_SilentProbing_afp_Base,43,SilentProbing,afp,Base,28,71,0,415,14,0.972,1.0,0.8352941176470589,0.9102564102564102,0.9176470588235295
primary_43_SilentProbing_afp_Base,43,SilentProbing,afp,Base,29,66,0,415,19,0.962,1.0,0.7764705882352941,0.8741721854304636,0.888235294117647
primary_43_SilentProbing_afp_Base,43,SilentProbing,afp,Base,30,70,0,415,15,0.97,1.0,0.8235294117647058,0.9032258064516129,0.9117647058823529
primary_43_SilentProbing_afp_Base,43,SilentProbing,afp,Base,31,67,0,415,18,0.964,1.0,0.788235294117647,0.8815789473684211,0.8941176470588235
primary_43_SilentProbing_afp_Base,43,SilentProbing,afp,Base,32,65,0,415,20,0.96,1.0,0.7647058823529411,0.8666666666666666,0.8823529411764706
primary_43_SilentProbing_afp_Base,43,SilentProbing,afp,Base,33,64,0,415,21,0.958,1.0,0.7529411764705882,0.8590604026845637,0.8764705882352941
primary_43_SilentProbing_afp_Base,43,SilentProbing,afp,Base,34,66,1,414,19,0.96,0.9850746268656716,0.7764705882352941,0.8684210526315789,0.8870304748405387
primary_43_SilentProbing_afp_Base,43,SilentProbing,afp,Base,35,63,0,415,22,0.956,1.0,0.7411764705882353,0.8513513513513514,0.8705882352941177
primary_43_SilentProbing_afp_Base,43,SilentProbing,afp,Base,36,65,0,415,20,0.96,1.0,0.7647058823529411,0.8666666666666666,0.8823529411764706
primary_43_SilentProbing_afp_Base,43,SilentProbing,afp,Base,37,74,0,415,11,0.978,1.0,0.8705882352941177,0.9308176100628931,0.9352941176470588
primary_43_SilentProbing_afp_Base,43,SilentProbing,afp,Base,38,67,0,415,18,0.964,1.0,0.788235294117647,0.8815789473684211,0.8941176470588235
primary_43_SilentProbing_afp_Base,43,SilentProbing,afp,Base,39,69,0,415,16,0.968,1.0,0.8117647058823529,0.8961038961038961,0.9058823529411765
primary_43_SilentProbing_afp_Base,43,SilentProbing,afp,Base,40,76,0,415,9,0.982,1.0,0.8941176470588236,0.9440993788819877,0.9470588235294117
primary_43_SilentProbing_afp_Base,43,SilentProbing,afp,Base,41,73,0,415,12,0.976,1.0,0.8588235294117647,0.9240506329113923,0.9294117647058824
primary_43_SilentProbing_afp_Base,43,SilentProbing,afp,Base,42,69,0,415,16,0.968,1.0,0.8117647058823529,0.8961038961038961,0.9058823529411765
primary_43_SilentProbing_afp_Base,43,SilentProbing,afp,Base,43,68,0,415,17,0.966,1.0,0.8,0.888888888888889,0.9
primary_43_SilentProbing_afp_Base,43,SilentProbing,afp,Base,44,67,0,415,18,0.964,1.0,0.788235294117647,0.8815789473684211,0.8941176470588235
primary_43_SilentProbing_afp_Base,43,SilentProbing,afp,Base,45,73,0,415,12,0.976,1.0,0.8588235294117647,0.9240506329113923,0.9294117647058824
primary_43_SilentProbing_afp_Base,43,SilentProbing,afp,Base,46,73,0,415,12,0.976,1.0,0.8588235294117647,0.9240506329113923,0.9294117647058824
primary_43_SilentProbing_afp_Base,43,SilentProbing,afp,Base,47,69,0,415,16,0.968,1.0,0.8117647058823529,0.8961038961038961,0.9058823529411765
primary_43_SilentProbing_afp_Base,43,SilentProbing,afp,Base,48,71,0,415,14,0.972,1.0,0.8352941176470589,0.9102564102564102,0.9176470588235295
primary_43_SilentProbing_afp_Base,43,SilentProbing,afp,Base,49,66,1,414,19,0.96,0.9850746268656716,0.7764705882352941,0.8684210526315789,0.8870304748405387
primary_43_SilentProbing_afp_Base,43,SilentProbing,afp,Base,50,69,0,415,16,0.968,1.0,0.8117647058823529,0.8961038961038961,0.9058823529411765
primary_43_SilentProbing_afp_Base,43,SilentProbing,afp,Base,51,71,0,415,14,0.972,1.0,0.8352941176470589,0.9102564102564102,0.9176470588235295
primary_43_SilentProbing_afp_Base,43,SilentProbing,afp,Base,52,67,0,415,18,0.964,1.0,0.788235294117647,0.8815789473684211,0.8941176470588235
primary_43_SilentProbing_afp_Base,43,SilentProbing,afp,Base,53,62,0,415,23,0.954,1.0,0.7294117647058823,0.8435374149659863,0.8647058823529412
primary_43_SilentProbing_afp_Base,43,SilentProbing,afp,Base,54,68,0,415,17,0.966,1.0,0.8,0.888888888888889,0.9
primary_43_SilentProbing_afp_Base,43,SilentProbing,afp,Base,55,67,0,415,18,0.964,1.0,0.788235294117647,0.8815789473684211,0.8941176470588235
primary_43_SilentProbing_afp_Base,43,SilentProbing,afp,Base,56,68,0,415,17,0.966,1.0,0.8,0.888888888888889,0.9
primary_43_SilentProbing_afp_Base,43,SilentProbing,afp,Base,57,69,0,415,16,0.968,1.0,0.8117647058823529,0.8961038961038961,0.9058823529411765
primary_43_SilentProbing_afp_Base,43,SilentProbing,afp,Base,58,71,1,414,14,0.97,0.9861111111111112,0.8352941176470589,0.9044585987261147,0.916442239546421
primary_43_SilentProbing_afp_Base,43,SilentProbing,afp,Base,59,72,0,415,13,0.974,1.0,0.8470588235294118,0.9171974522292993,0.9235294117647059
primary_43_SilentProbing_afp_Base,43,SilentProbing,afp,Base,60,64,0,415,21,0.958,1.0,0.7529411764705882,0.8590604026845637,0.8764705882352941
primary_43_SilentProbing_afp_Base,43,SilentProbing,afp,Base,61,68,0,415,17,0.966,1.0,0.8,0.888888888888889,0.9
primary_43_SilentProbing_afp_Base,43,SilentProbing,afp,Base,62,65,0,415,20,0.96,1.0,0.7647058823529411,0.8666666666666666,0.8823529411764706
primary_43_SilentProbing_afp_Base,43,SilentProbing,afp,Base,63,70,0,415,15,0.97,1.0,0.8235294117647058,0.9032258064516129,0.9117647058823529
primary_43_SilentProbing_afp_Base,43,SilentProbing,afp,Base,64,68,0,415,17,0.966,1.0,0.8,0.888888888888889,0.9
primary_43_SilentProbing_afp_Base,43,SilentProbing,afp,Base,65,63,0,415,22,0.956,1.0,0.7411764705882353,0.8513513513513514,0.8705882352941177
primary_43_SilentProbing_afp_Base,43,SilentProbing,afp,Base,66,64,0,415,21,0.958,1.0,0.7529411764705882,0.8590604026845637,0.8764705882352941
primary_43_SilentProbing_afp_Base,43,SilentProbing,afp,Base,67,68,0,415,17,0.966,1.0,0.8,0.888888888888889,0.9
primary_43_SilentProbing_afp_Base,43,SilentProbing,afp,Base,68,66,0,415,19,0.962,1.0,0.7764705882352941,0.8741721854304636,0.888235294117647
primary_43_SilentProbing_afp_Base,43,SilentProbing,afp,Base,69,66,1,414,19,0.96,0.9850746268656716,0.7764705882352941,0.8684210526315789,0.8870304748405387
primary_43_SilentProbing_afp_Base,43,SilentProbing,afp,Base,70,72,0,415,13,0.974,1.0,0.8470588235294118,0.9171974522292993,0.9235294117647059
primary_43_SilentProbing_afp_Base,43,SilentProbing,afp,Base,71,70,0,415,15,0.97,1.0,0.8235294117647058,0.9032258064516129,0.9117647058823529
primary_43_SilentProbing_afp_Base,43,SilentProbing,afp,Base,72,69,0,415,16,0.968,1.0,0.8117647058823529,0.8961038961038961,0.9058823529411765
primary_43_SilentProbing_afp_Base,43,SilentProbing,afp,Base,73,68,0,415,17,0.966,1.0,0.8,0.888888888888889,0.9
primary_43_SilentProbing_afp_Base,43,SilentProbing,afp,Base,74,75,0,415,10,0.98,1.0,0.8823529411764706,0.9375,0.9411764705882353
primary_43_SilentProbing_afp_Base,43,SilentProbing,afp,Base,75,69,0,415,16,0.968,1.0,0.8117647058823529,0.8961038961038961,0.9058823529411765
primary_43_SilentProbing_afp_Base,43,SilentProbing,afp,Base,76,68,0,415,17,0.966,1.0,0.8,0.888888888888889,0.9
primary_43_SilentProbing_afp_Base,43,SilentProbing,afp,Base,77,71,0,415,14,0.972,1.0,0.8352941176470589,0.9102564102564102,0.9176470588235295
primary_43_SilentProbing_afp_Base,43,SilentProbing,afp,Base,78,71,0,415,14,0.972,1.0,0.8352941176470589,0.9102564102564102,0.9176470588235295
primary_43_SilentProbing_afp_Base,43,SilentProbing,afp,Base,79,66,0,415,19,0.962,1.0,0.7764705882352941,0.8741721854304636,0.888235294117647
primary_43_SilentProbing_afp_Base,43,SilentProbing,afp,Base,80,66,0,415,19,0.962,1.0,0.7764705882352941,0.8741721854304636,0.888235294117647
primary_43_SilentProbing_afp_Base,43,SilentProbing,afp,Base,81,69,0,415,16,0.968,1.0,0.8117647058823529,0.8961038961038961,0.9058823529411765
primary_43_SilentProbing_afp_Base,43,SilentProbing,afp,Base,82,68,0,415,17,0.966,1.0,0.8,0.888888888888889,0.9
primary_43_SilentProbing_afp_Base,43,SilentProbing,afp,Base,83,62,0,415,23,0.954,1.0,0.7294117647058823,0.8435374149659863,0.8647058823529412
primary_43_SilentProbing_afp_Base,43,SilentProbing,afp,Base,84,70,0,415,15,0.97,1.0,0.8235294117647058,0.9032258064516129,0.9117647058823529
primary_43_SilentProbing_afp_Base,43,SilentProbing,afp,Base,85,69,0,415,16,0.968,1.0,0.8117647058823529,0.8961038961038961,0.9058823529411765
primary_43_SilentProbing_afp_Base,43,SilentProbing,afp,Base,86,68,1,414,17,0.964,0.9855072463768116,0.8,0.8831168831168831,0.8987951807228916
primary_43_SilentProbing_afp_Base,43,SilentProbing,afp,Base,87,62,0,415,23,0.954,1.0,0.7294117647058823,0.8435374149659863,0.8647058823529412
primary_43_SilentProbing_afp_Base,43,SilentProbing,afp,Base,88,67,0,415,18,0.964,1.0,0.788235294117647,0.8815789473684211,0.8941176470588235
primary_43_SilentProbing_afp_Base,43,SilentProbing,afp,Base,89,70,0,415,15,0.97,1.0,0.8235294117647058,0.9032258064516129,0.9117647058823529
primary_43_SilentProbing_afp_Base,43,SilentProbing,afp,Base,90,66,0,415,19,0.962,1.0,0.7764705882352941,0.8741721854304636,0.888235294117647
primary_43_SilentProbing_afp_Base,43,SilentProbing,afp,Base,91,66,0,415,19,0.962,1.0,0.7764705882352941,0.8741721854304636,0.888235294117647
primary_43_SilentProbing_afp_Base,43,SilentProbing,afp,Base,92,64,0,415,21,0.958,1.0,0.7529411764705882,0.8590604026845637,0.8764705882352941
primary_43_SilentProbing_afp_Base,43,SilentProbing,afp,Base,93,71,0,415,14,0.972,1.0,0.8352941176470589,0.9102564102564102,0.9176470588235295
primary_43_SilentProbing_afp_Base,43,SilentProbing,afp,Base,94,66,0,415,19,0.962,1.0,0.7764705882352941,0.8741721854304636,0.888235294117647
primary_43_SilentProbing_afp_Base,43,SilentProbing,afp,Base,95,68,0,415,17,0.966,1.0,0.8,0.888888888888889,0.9
primary_43_SilentProbing_afp_Base,43,SilentProbing,afp,Base,96,65,0,415,20,0.96,1.0,0.7647058823529411,0.8666666666666666,0.8823529411764706
primary_43_SilentProbing_afp_Base,43,SilentProbing,afp,Base,97,64,0,415,21,0.958,1.0,0.7529411764705882,0.8590604026845637,0.8764705882352941
primary_43_SilentProbing_afp_Base,43,SilentProbing,afp,Base,98,69,0,415,16,0.968,1.0,0.8117647058823529,0.8961038961038961,0.9058823529411765
primary_43_SilentProbing_afp_Base,43,SilentProbing,afp,Base,99,63,0,415,22,0.956,1.0,0.7411764705882353,0.8513513513513514,0.8705882352941177
primary_43_SilentProbing_afp_Base,43,SilentProbing,afp,Base,100,75,0,415,10,0.98,1.0,0.8823529411764706,0.9375,0.9411764705882353
primary_43_SilentProbing_afp_Base,43,SilentProbing,afp,Base,101,68,0,415,17,0.966,1.0,0.8,0.888888888888889,0.9
primary_43_SilentProbing_afp_Base,43,SilentProbing,afp,Base,102,70,0,415,15,0.97,1.0,0.8235294117647058,0.9032258064516129,0.9117647058823529
primary_43_SilentProbing_afp_Base,43,SilentProbing,afp,Base,103,71,0,415,14,0.972,1.0,0.8352941176470589,0.9102564102564102,0.9176470588235295
primary_43_SilentProbing_afp_Base,43,SilentProbing,afp,Base,104,73,0,415,12,0.976,1.0,0.8588235294117647,0.9240506329113923,0.9294117647058824
primary_43_SilentProbing_afp_Base,43,SilentProbing,afp,Base,105,72,0,415,13,0.974,1.0,0.8470588235294118,0.9171974522292993,0.9235294117647059
primary_43_SilentProbing_afp_Base,43,SilentProbing,afp,Base,106,71,0,415,14,0.972,1.0,0.8352941176470589,0.9102564102564102,0.9176470588235295
primary_43_SilentProbing_afp_Base,43,SilentProbing,afp,Base,107,65,0,415,20,0.96,1.0,0.7647058823529411,0.8666666666666666,0.8823529411764706
primary_43_SilentProbing_afp_Base,43,SilentProbing,afp,Base,108,71,0,415,14,0.972,1.0,0.8352941176470589,0.9102564102564102,0.9176470588235295
primary_43_SilentProbing_afp_Base,43,SilentProbing,afp,Base,109,65,0,415,20,0.96,1.0,0.7647058823529411,0.8666666666666666,0.8823529411764706
primary_43_SilentProbing_afp_Base,43,SilentProbing,afp,Base,110,63,1,414,22,0.954,0.984375,0.7411764705882353,0.8456375838926175,0.8693834160170093
primary_43_SilentProbing_afp_Base,43,SilentProbing,afp,Base,111,70,0,415,15,0.97,1.0,0.8235294117647058,0.9032258064516129,0.9117647058823529
primary_43_SilentProbing_afp_Base,43,SilentProbing,afp,Base,112,73,0,415,12,0.976,1.0,0.8588235294117647,0.9240506329113923,0.9294117647058824
primary_43_SilentProbing_afp_Base,43,SilentProbing,afp,Base,113,68,0,415,17,0.966,1.0,0.8,0.888888888888889,0.9
primary_43_SilentProbing_afp_Base,43,SilentProbing,afp,Base,114,67,0,415,18,0.964,1.0,0.788235294117647,0.8815789473684211,0.8941176470588235
primary_43_SilentProbing_afp_Base,43,SilentProbing,afp,Base,115,65,0,415,20,0.96,1.0,0.7647058823529411,0.8666666666666666,0.8823529411764706
primary_43_SilentProbing_afp_Base,43,SilentProbing,afp,Base,116,59,0,415,26,0.948,1.0,0.6941176470588235,0.8194444444444444,0.8470588235294118
primary_43_SilentProbing_afp_Base,43,SilentProbing,afp,Base,117,69,0,415,16,0.968,1.0,0.8117647058823529,0.8961038961038961,0.9058823529411765
primary_43_SilentProbing_afp_Base,43,SilentProbing,afp,Base,118,70,0,415,15,0.97,1.0,0.8235294117647058,0.9032258064516129,0.9117647058823529
primary_43_SilentProbing_afp_Base,43,SilentProbing,afp,Base,119,71,0,415,14,0.972,1.0,0.8352941176470589,0.9102564102564102,0.9176470588235295
primary_43_SilentProbing_afp_Base,43,SilentProbing,afp,Base,120,76,0,415,9,0.982,1.0,0.8941176470588236,0.9440993788819877,0.9470588235294117
primary_43_SilentProbing_afp_Base,43,SilentProbing,afp,Base,121,74,0,415,11,0.978,1.0,0.8705882352941177,0.9308176100628931,0.9352941176470588
primary_43_SilentProbing_afp_Base,43,SilentProbing,afp,Base,122,73,0,415,12,0.976,1.0,0.8588235294117647,0.9240506329113923,0.9294117647058824
primary_43_SilentProbing_afp_Base,43,SilentProbing,afp,Base,123,67,0,415,18,0.964,1.0,0.788235294117647,0.8815789473684211,0.8941176470588235
primary_43_SilentProbing_afp_Base,43,SilentProbing,afp,Base,124,66,0,415,19,0.962,1.0,0.7764705882352941,0.8741721854304636,0.888235294117647
primary_43_SilentProbing_afp_Base,43,SilentProbing,afp,Base,125,73,0,415,12,0.976,1.0,0.8588235294117647,0.9240506329113923,0.9294117647058824
primary_43_SilentProbing_afp_Base,43,SilentProbing,afp,Base,126,75,0,415,10,0.98,1.0,0.8823529411764706,0.9375,0.9411764705882353
primary_43_SilentProbing_afp_Base,43,SilentProbing,afp,Base,127,66,0,415,19,0.962,1.0,0.7764705882352941,0.8741721854304636,0.888235294117647
primary_43_SilentProbing_afp_Base,43,SilentProbing,afp,Base,128,70,0,415,15,0.97,1.0,0.8235294117647058,0.9032258064516129,0.9117647058823529
primary_43_SilentProbing_afp_Base,43,SilentProbing,afp,Base,129,65,0,415,20,0.96,1.0,0.7647058823529411,0.8666666666666666,0.8823529411764706
primary_43_SilentProbing_afp_Base,43,SilentProbing,afp,Base,130,72,0,415,13,0.974,1.0,0.8470588235294118,0.9171974522292993,0.9235294117647059
primary_43_SilentProbing_afp_Base,43,SilentProbing,afp,Base,131,65,0,415,20,0.96,1.0,0.7647058823529411,0.8666666666666666,0.8823529411764706
primary_43_SilentProbing_afp_Base,43,SilentProbing,afp,Base,132,66,0,415,19,0.962,1.0,0.7764705882352941,0.8741721854304636,0.888235294117647
primary_43_SilentProbing_afp_Base,43,SilentProbing,afp,Base,133,70,0,415,15,0.97,1.0,0.8235294117647058,0.9032258064516129,0.9117647058823529
primary_43_SilentProbing_afp_Base,43,SilentProbing,afp,Base,134,63,0,415,22,0.956,1.0,0.7411764705882353,0.8513513513513514,0.8705882352941177
primary_43_SilentProbing_afp_Base,43,SilentProbing,afp,Base,135,70,0,415,15,0.97,1.0,0.8235294117647058,0.9032258064516129,0.9117647058823529
primary_43_SilentProbing_afp_Base,43,SilentProbing,afp,Base,136,71,0,415,14,0.972,1.0,0.8352941176470589,0.9102564102564102,0.9176470588235295
primary_43_SilentProbing_afp_Base,43,SilentProbing,afp,Base,137,67,0,415,18,0.964,1.0,0.788235294117647,0.8815789473684211,0.8941176470588235
primary_43_SilentProbing_afp_Base,43,SilentProbing,afp,Base,138,73,0,415,12,0.976,1.0,0.8588235294117647,0.9240506329113923,0.9294117647058824
primary_43_SilentProbing_afp_Base,43,SilentProbing,afp,Base,139,67,0,415,18,0.964,1.0,0.788235294117647,0.8815789473684211,0.8941176470588235
primary_43_SilentProbing_afp_Base,43,SilentProbing,afp,Base,140,70,0,415,15,0.97,1.0,0.8235294117647058,0.9032258064516129,0.9117647058823529
primary_43_SilentProbing_afp_Base,43,SilentProbing,afp,Base,141,70,0,415,15,0.97,1.0,0.8235294117647058,0.9032258064516129,0.9117647058823529
primary_43_SilentProbing_afp_Base,43,SilentProbing,afp,Base,142,68,0,415,17,0.966,1.0,0.8,0.888888888888889,0.9
primary_43_SilentProbing_afp_Base,43,SilentProbing,afp,Base,143,71,0,415,14,0.972,1.0,0.8352941176470589,0.9102564102564102,0.9176470588235295
primary_43_SilentProbing_afp_C1,43,SilentProbing,afp,C1,0,72,0,414,14,0.972,1.0,0.8372093023255814,0.9113924050632911,0.9186046511627908
primary_43_SilentProbing_afp_C1,43,SilentProbing,afp,C1,1,71,1,413,15,0.968,0.9861111111111112,0.8255813953488372,0.8987341772151899,0.9115829682058196
primary_43_SilentProbing_afp_C1,43,SilentProbing,afp,C1,2,79,1,413,7,0.984,0.9875,0.9186046511627907,0.9518072289156626,0.9580945961127962
primary_43_SilentProbing_afp_C1,43,SilentProbing,afp,C1,3,76,0,414,10,0.98,1.0,0.8837209302325582,0.9382716049382717,0.9418604651162791
primary_43_SilentProbing_afp_C1,43,SilentProbing,afp,C1,4,82,1,413,4,0.99,0.9879518072289156,0.9534883720930233,0.9704142011834319,0.9755364565779125
primary_43_SilentProbing_afp_C1,43,SilentProbing,afp,C1,5,81,0,414,5,0.99,1.0,0.9418604651162791,0.970059880239521,0.9709302325581395
primary_43_SilentProbing_afp_C1,43,SilentProbing,afp,C1,6,78,0,414,8,0.984,1.0,0.9069767441860465,0.951219512195122,0.9534883720930232
primary_43_SilentProbing_afp_C1,43,SilentProbing,afp,C1,7,77,0,414,9,0.982,1.0,0.8953488372093024,0.9447852760736196,0.9476744186046512
primary_43_SilentProbing_afp_C1,43,SilentProbing,afp,C1,8,79,0,414,7,0.986,1.0,0.9186046511627907,0.9575757575757576,0.9593023255813953
primary_43_SilentProbing_afp_C1,43,SilentProbing,afp,C1,9,81,0,414,5,0.99,1.0,0.9418604651162791,0.970059880239521,0.9709302325581395
primary_43_SilentProbing_afp_C1,43,SilentProbing,afp,C1,10,81,0,414,5,0.99,1.0,0.9418604651162791,0.970059880239521,0.9709302325581395
primary_43_SilentProbing_afp_C1,43,SilentProbing,afp,C1,11,81,0,414,5,0.99,1.0,0.9418604651162791,0.970059880239521,0.9709302325581395
primary_43_SilentProbing_afp_C1,43,SilentProbing,afp,C1,12,81,0,414,5,0.99,1.0,0.9418604651162791,0.970059880239521,0.9709302325581395
primary_43_SilentProbing_afp_C1,43,SilentProbing,afp,C1,13,84,0,414,2,0.996,1.0,0.9767441860465116,0.988235294117647,0.9883720930232558
primary_43_SilentProbing_afp_C1,43,SilentProbing,afp,C1,14,82,1,413,4,0.99,0.9879518072289156,0.9534883720930233,0.9704142011834319,0.9755364565779125
primary_43_SilentProbing_afp_C1,43,SilentProbing,afp,C1,15,83,0,414,3,0.994,1.0,0.9651162790697675,0.9822485207100593,0.9825581395348837
primary_43_SilentProbing_afp_C1,43,SilentProbing,afp,C1,16,76,1,413,10,0.978,0.987012987012987,0.8837209302325582,0.9325153374233128,0.94065273564768
primary_43_SilentProbing_afp_C1,43,SilentProbing,afp,C1,17,83,0,415,2,0.996,1.0,0.9764705882352941,0.988095238095238,0.9882352941176471
primary_43_SilentProbing_afp_C1,43,SilentProbing,afp,C1,18,79,0,415,6,0.988,1.0,0.9294117647058824,0.9634146341463414,0.9647058823529412
primary_43_SilentProbing_afp_C1,43,SilentProbing,afp,C1,19,84,0,415,1,0.998,1.0,0.9882352941176471,0.9940828402366864,0.9941176470588236
primary_43_SilentProbing_afp_C1,43,SilentProbing,afp,C1,20,74,0,415,11,0.978,1.0,0.8705882352941177,0.9308176100628931,0.9352941176470588
primary_43_SilentProbing_afp_C1,43,SilentProbing,afp,C1,21,76,1,414,9,0.98,0.987012987012987,0.8941176470588236,0.9382716049382716,0.9458540042523034
primary_43_SilentProbing_afp_C1,43,SilentProbing,afp,C1,22,77,0,415,8,0.984,1.0,0.9058823529411765,0.9506172839506173,0.9529411764705882
primary_43_SilentProbing_afp_C1,43,SilentProbing,afp,C1,23,81,0,415,4,0.992,1.0,0.9529411764705882,0.9759036144578312,0.9764705882352941
primary_43_SilentProbing_afp_C1,43,SilentProbing,afp,C1,24,80,0,415,5,0.99,1.0,0.9411764705882353,0.9696969696969697,0.9705882352941176
primary_43_SilentProbing_afp_C1,43,SilentProbing,afp,C1,25,77,0,415,8,0.984,1.0,0.9058823529411765,0.9506172839506173,0.9529411764705882
primary_43_SilentProbing_afp_C1,43,SilentProbing,afp,C1,26,77,0,415,8,0.984,1.0,0.9058823529411765,0.9506172839506173,0.9529411764705882
primary_43_SilentProbing_afp_C1,43,SilentProbing,afp,C1,27,77,0,415,8,0.984,1.0,0.9058823529411765,0.9506172839506173,0.9529411764705882
primary_43_SilentProbing_afp_C1,43,SilentProbing,afp,C1,28,79,0,415,6,0.988,1.0,0.9294117647058824,0.9634146341463414,0.9647058823529412
primary_43_SilentProbing_afp_C1,43,SilentProbing,afp,C1,29,80,0,415,5,0.99,1.0,0.9411764705882353,0.9696969696969697,0.9705882352941176
primary_43_SilentProbing_afp_C1,43,SilentProbing,afp,C1,30,79,0,415,6,0.988,1.0,0.9294117647058824,0.9634146341463414,0.9647058823529412
primary_43_SilentProbing_afp_C1,43,SilentProbing,afp,C1,31,78,0,415,7,0.986,1.0,0.9176470588235294,0.9570552147239264,0.9588235294117646
primary_43_SilentProbing_afp_C1,43,SilentProbing,afp,C1,32,80,0,415,5,0.99,1.0,0.9411764705882353,0.9696969696969697,0.9705882352941176
primary_43_SilentProbing_afp_C1,43,SilentProbing,afp,C1,33,81,0,415,4,0.992,1.0,0.9529411764705882,0.9759036144578312,0.9764705882352941
primary_43_SilentProbing_afp_C1,43,SilentProbing,afp,C1,34,79,1,414,6,0.986,0.9875,0.9294117647058824,0.9575757575757576,0.9635010630758327
primary_43_SilentProbing_afp_C1,43,SilentProbing,afp,C1,35,75,0,415,10,0.98,1.0,0.8823529411764706,0.9375,0.9411764705882353
primary_43_SilentProbing_afp_C1,43,SilentProbing,afp,C1,36,79,0,415,6,0.988,1.0,0.9294117647058824,0.9634146341463414,0.9647058823529412
primary_43_SilentProbing_afp_C1,43,SilentProbing,afp,C1,37,81,1,414,4,0.99,0.9878048780487805,0.9529411764705882,0.9700598802395209,0.9752657689581856
primary_43_SilentProbing_afp_C1,43,SilentProbing,afp,C1,38,81,0,415,4,0.992,1.0,0.9529411764705882,0.9759036144578312,0.9764705882352941
primary_43_SilentProbing_afp_C1,43,SilentProbing,afp,C1,39,81,0,415,4,0.992,1.0,0.9529411764705882,0.9759036144578312,0.9764705882352941
primary_43_SilentProbing_afp_C1,43,SilentProbing,afp,C1,40,82,0,415,3,0.994,1.0,0.9647058823529412,0.9820359281437125,0.9823529411764707
primary_43_SilentProbing_afp_C1,43,SilentProbing,afp,C1,41,82,1,414,3,0.992,0.9879518072289156,0.9647058823529412,0.9761904761904762,0.9811481218993622
primary_43_SilentProbing_afp_C1,43,SilentProbing,afp,C1,42,81,0,415,4,0.992,1.0,0.9529411764705882,0.9759036144578312,0.9764705882352941
primary_43_SilentProbing_afp_C1,43,SilentProbing,afp,C1,43,78,1,414,7,0.984,0.9873417721518988,0.9176470588235294,0.9512195121951219,0.9576187101346563
primary_43_SilentProbing_afp_C1,43,SilentProbing,afp,C1,44,79,0,415,6,0.988,1.0,0.9294117647058824,0.9634146341463414,0.9647058823529412
primary_43_SilentProbing_afp_C1,43,SilentProbing,afp,C1,45,81,1,414,4,0.99,0.9878048780487805,0.9529411764705882,0.9700598802395209,0.9752657689581856
primary_43_SilentProbing_afp_C1,43,SilentProbing,afp,C1,46,81,1,414,4,0.99,0.9878048780487805,0.9529411764705882,0.9700598802395209,0.9752657689581856
primary_43_SilentProbing_afp_C1,43,SilentProbing,afp,C1,47,76,0,415,9,0.982,1.0,0.8941176470588236,0.9440993788819877,0.9470588235294117
primary_43_SilentProbing_afp_C1,43,SilentProbing,afp,C1,48,81,0,415,4,0.992,1.0,0.9529411764705882,0.9759036144578312,0.9764705882352941
primary_43_SilentProbing_afp_C1,43,SilentProbing,afp,C1,49,78,1,414,7,0.984,0.9873417721518988,0.9176470588235294,0.9512195121951219,0.9576187101346563
primary_43_SilentProbing_afp_C1,43,SilentProbing,afp,C1,50,81,0,415,4,0.992,1.0,0.9529411764705882,0.9759036144578312,0.9764705882352941
primary_43_SilentProbing_afp_C1,43,SilentProbing,afp,C1,51,80,1,414,5,0.988,0.9876543209876543,0.9411764705882353,0.963855421686747,0.9693834160170092
primary_43_SilentProbing_afp_C1,43,SilentProbing,afp,C1,52,80,0,415,5,0.99,1.0,0.9411764705882353,0.9696969696969697,0.9705882352941176
primary_43_SilentProbing_afp_C1,43,SilentProbing,afp,C1,53,77,1,414,8,0.982,0.9871794871794872,0.9058823529411765,0.9447852760736197,0.9517363571934798
primary_43_SilentProbing_afp_C1,43,SilentProbing,afp,C1,54,82,0,415,3,0.994,1.0,0.9647058823529412,0.9820359281437125,0.9823529411764707
primary_43_SilentProbing_afp_C1,43,SilentProbing,afp,C1,55,78,0,415,7,0.986,1.0,0.9176470588235294,0.9570552147239264,0.9588235294117646
primary_43_SilentProbing_afp_C1,43,SilentProbing,afp,C1,56,78,0,415,7,0.986,1.0,0.9176470588235294,0.9570552147239264,0.9588235294117646
primary_43_SilentProbing_afp_C1,43,SilentProbing,afp,C1,57,81,0,415,4,0.992,1.0,0.9529411764705882,0.9759036144578312,0.9764705882352941
primary_43_SilentProbing_afp_C1,43,SilentProbing,afp,C1,58,82,2,413,3,0.99,0.9761904761904762,0.9647058823529412,0.9704142011834319,0.9799433026222537
primary_43_SilentProbing_afp_C1,43,SilentProbing,afp,C1,59,78,0,415,7,0.986,1.0,0.9176470588235294,0.9570552147239264,0.9588235294117646
primary_43_SilentProbing_afp_C1,43,SilentProbing,afp,C1,60,81,0,415,4,0.992,1.0,0.9529411764705882,0.9759036144578312,0.9764705882352941
primary_43_SilentProbing_afp_C1,43,SilentProbing,afp,C1,61,79,0,415,6,0.988,1.0,0.9294117647058824,0.9634146341463414,0.9647058823529412
primary_43_SilentProbing_afp_C1,43,SilentProbing,afp,C1,62,81,0,415,4,0.992,1.0,0.9529411764705882,0.9759036144578312,0.9764705882352941
primary_43_SilentProbing_afp_C1,43,SilentProbing,afp,C1,63,77,0,415,8,0.984,1.0,0.9058823529411765,0.9506172839506173,0.9529411764705882
primary_43_SilentProbing_afp_C1,43,SilentProbing,afp,C1,64,77,0,415,8,0.984,1.0,0.9058823529411765,0.9506172839506173,0.9529411764705882
primary_43_SilentProbing_afp_C1,43,SilentProbing,afp,C1,65,78,0,415,7,0.986,1.0,0.9176470588235294,0.9570552147239264,0.9588235294117646
primary_43_SilentProbing_afp_C1,43,SilentProbing,afp,C1,66,81,0,415,4,0.992,1.0,0.9529411764705882,0.9759036144578312,0.9764705882352941
primary_43_SilentProbing_afp_C1,43,SilentProbing,afp,C1,67,81,0,415,4,0.992,1.0,0.9529411764705882,0.9759036144578312,0.9764705882352941
primary_43_SilentProbing_afp_C1,43,SilentProbing,afp,C1,68,79,0,415,6,0.988,1.0,0.9294117647058824,0.9634146341463414,0.9647058823529412
primary_43_SilentProbing_afp_C1,43,SilentProbing,afp,C1,69,80,2,413,5,0.986,0.975609756097561,0.9411764705882353,0.9580838323353293,0.9681785967399008
primary_43_SilentProbing_afp_C1,43,SilentProbing,afp,C1,70,82,0,415,3,0.994,1.0,0.9647058823529412,0.9820359281437125,0.9823529411764707
primary_43_SilentProbing_afp_C1,43,SilentProbing,afp,C1,71,77,0,415,8,0.984,1.0,0.9058823529411765,0.9506172839506173,0.9529411764705882
primary_43_SilentProbing_afp_C1,43,SilentProbing,afp,C1,72,78,0,415,7,0.986,1.0,0.9176470588235294,0.9570552147239264,0.9588235294117646
primary_43_SilentProbing_afp_C1,43,SilentProbing,afp,C1,73,77,1,414,8,0.982,0.9871794871794872,0.9058823529411765,0.9447852760736197,0.9517363571934798
primary_43_SilentProbing_afp_C1,43,SilentProbing,afp,C1,74,82,1,414,3,0.992,0.9879518072289156,0.9647058823529412,0.9761904761904762,0.9811481218993622
primary_43_SilentProbing_afp_C1,43,SilentProbing,afp,C1,75,78,0,415,7,0.986,1.0,0.9176470588235294,0.9570552147239264,0.9588235294117646
primary_43_SilentProbing_afp_C1,43,SilentProbing,afp,C1,76,82,1,414,3,0.992,0.9879518072289156,0.9647058823529412,0.9761904761904762,0.9811481218993622
primary_43_SilentProbing_afp_C1,43,SilentProbing,afp,C1,77,80,0,415,5,0.99,1.0,0.9411764705882353,0.9696969696969697,0.9705882352941176
primary_43_SilentProbing_afp_C1,43,SilentProbing,afp,C1,78,83,1,414,2,0.994,0.9880952380952381,0.9764705882352941,0.9822485207100591,0.9870304748405386
primary_43_SilentProbing_afp_C1,43,SilentProbing,afp,C1,79,81,0,415,4,0.992,1.0,0.9529411764705882,0.9759036144578312,0.9764705882352941
primary_43_SilentProbing_afp_C1,43,SilentProbing,afp,C1,80,79,0,415,6,0.988,1.0,0.9294117647058824,0.9634146341463414,0.9647058823529412
primary_43_SilentProbing_afp_C1,43,SilentProbing,afp,C1,81,76,0,415,9,0.982,1.0,0.8941176470588236,0.9440993788819877,0.9470588235294117
primary_43_SilentProbing_afp_C1,43,SilentProbing,afp,C1,82,79,0,415,6,0.988,1.0,0.9294117647058824,0.9634146341463414,0.9647058823529412
primary_43_SilentProbing_afp_C1,43,SilentProbing,afp,C1,83,78,0,415,7,0.986,1.0,0.9176470588235294,0.9570552147239264,0.9588235294117646
primary_43_SilentProbing_afp_C1,43,SilentProbing,afp,C1,84,79,0,415,6,0.988,1.0,0.9294117647058824,0.9634146341463414,0.9647058823529412
primary_43_SilentProbing_afp_C1,43,SilentProbing,afp,C1,85,82,1,414,3,0.992,0.9879518072289156,0.9647058823529412,0.9761904761904762,0.9811481218993622
primary_43_SilentProbing_afp_C1,43,SilentProbing,afp,C1,86,76,2,413,9,0.978,0.9743589743589743,0.8941176470588236,0.9325153374233129,0.9446491849751949
primary_43_SilentProbing_afp_C1,43,SilentProbing,afp,C1,87,78,0,415,7,0.986,1.0,0.9176470588235294,0.9570552147239264,0.9588235294117646
primary_43_SilentProbing_afp_C1,43,SilentProbing,afp,C1,88,81,0,415,4,0.992,1.0,0.9529411764705882,0.9759036144578312,0.9764705882352941
primary_43_SilentProbing_afp_C1,43,SilentProbing,afp,C1,89,79,1,414,6,0.986,0.9875,0.9294117647058824,0.9575757575757576,0.9635010630758327
primary_43_SilentProbing_afp_C1,43,SilentProbing,afp,C1,90,82,1,414,3,0.992,0.9879518072289156,0.9647058823529412,0.9761904761904762,0.9811481218993622
primary_43_SilentProbing_afp_C1,43,SilentProbing,afp,C1,91,80,2,413,5,0.986,0.975609756097561,0.9411764705882353,0.9580838323353293,0.9681785967399008
primary_43_SilentProbing_afp_C1,43,SilentProbing,afp,C1,92,80,0,415,5,0.99,1.0,0.9411764705882353,0.9696969696969697,0.9705882352941176
primary_43_SilentProbing_afp_C1,43,SilentProbing,afp,C1,93,79,0,415,6,0.988,1.0,0.9294117647058824,0.9634146341463414,0.9647058823529412
primary_43_SilentProbing_afp_C1,43,SilentProbing,afp,C1,94,82,0,415,3,0.994,1.0,0.9647058823529412,0.9820359281437125,0.9823529411764707
primary_43_SilentProbing_afp_C1,43,SilentProbing,afp,C1,95,82,1,414,3,0.992,0.9879518072289156,0.9647058823529412,0.9761904761904762,0.9811481218993622
primary_43_SilentProbing_afp_C1,43,SilentProbing,afp,C1,96,84,0,415,1,0.998,1.0,0.9882352941176471,0.9940828402366864,0.9941176470588236
primary_43_SilentProbing_afp_C1,43,SilentProbing,afp,C1,97,76,1,414,9,0.98,0.987012987012987,0.8941176470588236,0.9382716049382716,0.9458540042523034
primary_43_SilentProbing_afp_C1,43,SilentProbing,afp,C1,98,80,0,415,5,0.99,1.0,0.9411764705882353,0.9696969696969697,0.9705882352941176
primary_43_SilentProbing_afp_C1,43,SilentProbing,afp,C1,99,82,1,414,3,0.992,0.9879518072289156,0.9647058823529412,0.9761904761904762,0.9811481218993622
primary_43_SilentProbing_afp_C1,43,SilentProbing,afp,C1,100,81,1,414,4,0.99,0.9878048780487805,0.9529411764705882,0.9700598802395209,0.9752657689581856
primary_43_SilentProbing_afp_C1,43,SilentProbing,afp,C1,101,81,0,415,4,0.992,1.0,0.9529411764705882,0.9759036144578312,0.9764705882352941
primary_43_SilentProbing_afp_C1,43,SilentProbing,afp,C1,102,82,0,415,3,0.994,1.0,0.9647058823529412,0.9820359281437125,0.9823529411764707
primary_43_SilentProbing_afp_C1,43,SilentProbing,afp,C1,103,81,0,415,4,0.992,1.0,0.9529411764705882,0.9759036144578312,0.9764705882352941
primary_43_SilentProbing_afp_C1,43,SilentProbing,afp,C1,104,82,0,415,3,0.994,1.0,0.9647058823529412,0.9820359281437125,0.9823529411764707
primary_43_SilentProbing_afp_C1,43,SilentProbing,afp,C1,105,82,0,415,3,0.994,1.0,0.9647058823529412,0.9820359281437125,0.9823529411764707
primary_43_SilentProbing_afp_C1,43,SilentProbing,afp,C1,106,79,0,415,6,0.988,1.0,0.9294117647058824,0.9634146341463414,0.9647058823529412
primary_43_SilentProbing_afp_C1,43,SilentProbing,afp,C1,107,79,0,415,6,0.988,1.0,0.9294117647058824,0.9634146341463414,0.9647058823529412
primary_43_SilentProbing_afp_C1,43,SilentProbing,afp,C1,108,81,0,415,4,0.992,1.0,0.9529411764705882,0.9759036144578312,0.9764705882352941
primary_43_SilentProbing_afp_C1,43,SilentProbing,afp,C1,109,78,0,415,7,0.986,1.0,0.9176470588235294,0.9570552147239264,0.9588235294117646
primary_43_SilentProbing_afp_C1,43,SilentProbing,afp,C1,110,78,1,414,7,0.984,0.9873417721518988,0.9176470588235294,0.9512195121951219,0.9576187101346563
primary_43_SilentProbing_afp_C1,43,SilentProbing,afp,C1,111,84,1,414,1,0.996,0.9882352941176471,0.9882352941176471,0.9882352941176471,0.9929128277817152
primary_43_SilentProbing_afp_C1,43,SilentProbing,afp,C1,112,81,1,414,4,0.99,0.9878048780487805,0.9529411764705882,0.9700598802395209,0.9752657689581856
primary_43_SilentProbing_afp_C1,43,SilentProbing,afp,C1,113,79,1,414,6,0.986,0.9875,0.9294117647058824,0.9575757575757576,0.9635010630758327
primary_43_SilentProbing_afp_C1,43,SilentProbing,afp,C1,114,80,0,415,5,0.99,1.0,0.9411764705882353,0.9696969696969697,0.9705882352941176
primary_43_SilentProbing_afp_C1,43,SilentProbing,afp,C1,115,78,0,415,7,0.986,1.0,0.9176470588235294,0.9570552147239264,0.9588235294117646
primary_43_SilentProbing_afp_C1,43,SilentProbing,afp,C1,116,78,1,414,7,0.984,0.9873417721518988,0.9176470588235294,0.9512195121951219,0.9576187101346563
primary_43_SilentProbing_afp_C1,43,SilentProbing,afp,C1,117,80,0,415,5,0.99,1.0,0.9411764705882353,0.9696969696969697,0.9705882352941176
primary_43_SilentProbing_afp_C1,43,SilentProbing,afp,C1,118,79,1,414,6,0.986,0.9875,0.9294117647058824,0.9575757575757576,0.9635010630758327
primary_43_SilentProbing_afp_C1,43,SilentProbing,afp,C1,119,80,0,415,5,0.99,1.0,0.9411764705882353,0.9696969696969697,0.9705882352941176
primary_43_SilentProbing_afp_C1,43,SilentProbing,afp,C1,120,82,0,415,3,0.994,1.0,0.9647058823529412,0.9820359281437125,0.9823529411764707
primary_43_SilentProbing_afp_C1,43,SilentProbing,afp,C1,121,81,0,415,4,0.992,1.0,0.9529411764705882,0.9759036144578312,0.9764705882352941
primary_43_SilentProbing_afp_C1,43,SilentProbing,afp,C1,122,80,0,415,5,0.99,1.0,0.9411764705882353,0.9696969696969697,0.9705882352941176
primary_43_SilentProbing_afp_C1,43,SilentProbing,afp,C1,123,76,0,415,9,0.982,1.0,0.8941176470588236,0.9440993788819877,0.9470588235294117
primary_43_SilentProbing_afp_C1,43,SilentProbing,afp,C1,124,80,1,414,5,0.988,0.9876543209876543,0.9411764705882353,0.963855421686747,0.9693834160170092
primary_43_SilentProbing_afp_C1,43,SilentProbing,afp,C1,125,82,2,413,3,0.99,0.9761904761904762,0.9647058823529412,0.9704142011834319,0.9799433026222537
primary_43_SilentProbing_afp_C1,43,SilentProbing,afp,C1,126,83,0,415,2,0.996,1.0,0.9764705882352941,0.988095238095238,0.9882352941176471
primary_43_SilentProbing_afp_C1,43,SilentProbing,afp,C1,127,77,0,415,8,0.984,1.0,0.9058823529411765,0.9506172839506173,0.9529411764705882
primary_43_SilentProbing_afp_C1,43,SilentProbing,afp,C1,128,83,0,415,2,0.996,1.0,0.9764705882352941,0.988095238095238,0.9882352941176471
primary_43_SilentProbing_afp_C1,43,SilentProbing,afp,C1,129,79,0,415,6,0.988,1.0,0.9294117647058824,0.9634146341463414,0.9647058823529412
primary_43_SilentProbing_afp_C1,43,SilentProbing,afp,C1,130,83,0,415,2,0.996,1.0,0.9764705882352941,0.988095238095238,0.9882352941176471
primary_43_SilentProbing_afp_C1,43,SilentProbing,afp,C1,131,80,1,414,5,0.988,0.9876543209876543,0.9411764705882353,0.963855421686747,0.9693834160170092
primary_43_SilentProbing_afp_C1,43,SilentProbing,afp,C1,132,78,0,415,7,0.986,1.0,0.9176470588235294,0.9570552147239264,0.9588235294117646
primary_43_SilentProbing_afp_C1,43,SilentProbing,afp,C1,133,81,1,414,4,0.99,0.9878048780487805,0.9529411764705882,0.9700598802395209,0.9752657689581856
primary_43_SilentProbing_afp_C1,43,SilentProbing,afp,C1,134,78,0,415,7,0.986,1.0,0.9176470588235294,0.9570552147239264,0.9588235294117646
primary_43_SilentProbing_afp_C1,43,SilentProbing,afp,C1,135,83,0,415,2,0.996,1.0,0.9764705882352941,0.988095238095238,0.9882352941176471
primary_43_SilentProbing_afp_C1,43,SilentProbing,afp,C1,136,82,0,415,3,0.994,1.0,0.9647058823529412,0.9820359281437125,0.9823529411764707
primary_43_SilentProbing_afp_C1,43,SilentProbing,afp,C1,137,79,2,413,6,0.984,0.9753086419753086,0.9294117647058824,0.9518072289156626,0.9622962437987244
primary_43_SilentProbing_afp_C1,43,SilentProbing,afp,C1,138,82,0,415,3,0.994,1.0,0.9647058823529412,0.9820359281437125,0.9823529411764707
primary_43_SilentProbing_afp_C1,43,SilentProbing,afp,C1,139,78,1,414,7,0.984,0.9873417721518988,0.9176470588235294,0.9512195121951219,0.9576187101346563
primary_43_SilentProbing_afp_C1,43,SilentProbing,afp,C1,140,79,0,415,6,0.988,1.0,0.9294117647058824,0.9634146341463414,0.9647058823529412
primary_43_SilentProbing_afp_C1,43,SilentProbing,afp,C1,141,78,0,415,7,0.986,1.0,0.9176470588235294,0.9570552147239264,0.9588235294117646
primary_43_SilentProbing_afp_C1,43,SilentProbing,afp,C1,142,84,0,415,1,0.998,1.0,0.9882352941176471,0.9940828402366864,0.9941176470588236
primary_43_SilentProbing_afp_C1,43,SilentProbing,afp,C1,143,81,0,415,4,0.992,1.0,0.9529411764705882,0.9759036144578312,0.9764705882352941
primary_43_SilentProbing_feature_squeezing_Base,43,SilentProbing,feature_squeezing,Base,0,80,0,414,6,0.988,1.0,0.9302325581395349,0.963855421686747,0.9651162790697674
primary_43_SilentProbing_feature_squeezing_Base,43,SilentProbing,feature_squeezing,Base,1,78,0,414,8,0.984,1.0,0.9069767441860465,0.951219512195122,0.9534883720930232
primary_43_SilentProbing_feature_squeezing_Base,43,SilentProbing,feature_squeezing,Base,2,82,1,413,4,0.99,0.9879518072289156,0.9534883720930233,0.9704142011834319,0.9755364565779125
primary_43_SilentProbing_feature_squeezing_Base,43,SilentProbing,feature_squeezing,Base,3,83,0,414,3,0.994,1.0,0.9651162790697675,0.9822485207100593,0.9825581395348837
primary_43_SilentProbing_feature_squeezing_Base,43,SilentProbing,feature_squeezing,Base,4,84,0,414,2,0.996,1.0,0.9767441860465116,0.988235294117647,0.9883720930232558
primary_43_SilentProbing_feature_squeezing_Base,43,SilentProbing,feature_squeezing,Base,5,82,1,413,4,0.99,0.9879518072289156,0.9534883720930233,0.9704142011834319,0.9755364565779125
primary_43_SilentProbing_feature_squeezing_Base,43,SilentProbing,feature_squeezing,Base,6,81,0,414,5,0.99,1.0,0.9418604651162791,0.970059880239521,0.9709302325581395
primary_43_SilentProbing_feature_squeezing_Base,43,SilentProbing,feature_squeezing,Base,7,79,0,414,7,0.986,1.0,0.9186046511627907,0.9575757575757576,0.9593023255813953
primary_43_SilentProbing_feature_squeezing_Base,43,SilentProbing,feature_squeezing,Base,8,80,0,414,6,0.988,1.0,0.9302325581395349,0.963855421686747,0.9651162790697674
primary_43_SilentProbing_feature_squeezing_Base,43,SilentProbing,feature_squeezing,Base,9,84,0,414,2,0.996,1.0,0.9767441860465116,0.988235294117647,0.9883720930232558
primary_43_SilentProbing_feature_squeezing_Base,43,SilentProbing,feature_squeezing,Base,10,81,0,414,5,0.99,1.0,0.9418604651162791,0.970059880239521,0.9709302325581395
primary_43_SilentProbing_feature_squeezing_Base,43,SilentProbing,feature_squeezing,Base,11,80,0,414,6,0.988,1.0,0.9302325581395349,0.963855421686747,0.9651162790697674
primary_43_SilentProbing_feature_squeezing_Base,43,SilentProbing,feature_squeezing,Base,12,83,0,414,3,0.994,1.0,0.9651162790697675,0.9822485207100593,0.9825581395348837
primary_43_SilentProbing_feature_squeezing_Base,43,SilentProbing,feature_squeezing,Base,13,83,0,414,3,0.994,1.0,0.9651162790697675,0.9822485207100593,0.9825581395348837
primary_43_SilentProbing_feature_squeezing_Base,43,SilentProbing,feature_squeezing,Base,14,83,1,413,3,0.992,0.9880952380952381,0.9651162790697675,0.9764705882352942,0.9813504100662847
primary_43_SilentProbing_feature_squeezing_Base,43,SilentProbing,feature_squeezing,Base,15,81,0,414,5,0.99,1.0,0.9418604651162791,0.970059880239521,0.9709302325581395
primary_43_SilentProbing_feature_squeezing_Base,43,SilentProbing,feature_squeezing,Base,16,78,0,414,8,0.984,1.0,0.9069767441860465,0.951219512195122,0.9534883720930232
primary_43_SilentProbing_feature_squeezing_Base,43,SilentProbing,feature_squeezing,Base,17,84,0,415,1,0.998,1.0,0.9882352941176471,0.9940828402366864,0.9941176470588236
primary_43_SilentProbing_feature_squeezing_Base,43,SilentProbing,feature_squeezing,Base,18,80,0,415,5,0.99,1.0,0.9411764705882353,0.9696969696969697,0.9705882352941176
primary_43_SilentProbing_feature_squeezing_Base,43,SilentProbing,feature_squeezing,Base,19,83,0,415,2,0.996,1.0,0.9764705882352941,0.988095238095238,0.9882352941176471
primary_43_SilentProbing_feature_squeezing_Base,43,SilentProbing,feature_squeezing,Base,20,74,0,415,11,0.978,1.0,0.8705882352941177,0.9308176100628931,0.9352941176470588
primary_43_SilentProbing_feature_squeezing_Base,43,SilentProbing,feature_squeezing,Base,21,75,0,415,10,0.98,1.0,0.8823529411764706,0.9375,0.9411764705882353
primary_43_SilentProbing_feature_squeezing_Base,43,SilentProbing,feature_squeezing,Base,22,76,0,415,9,0.982,1.0,0.8941176470588236,0.9440993788819877,0.9470588235294117
primary_43_SilentProbing_feature_squeezing_Base,43,SilentProbing,feature_squeezing,Base,23,81,0,415,4,0.992,1.0,0.9529411764705882,0.9759036144578312,0.9764705882352941
primary_43_SilentProbing_feature_squeezing_Base,43,SilentProbing,feature_squeezing,Base,24,80,0,415,5,0.99,1.0,0.9411764705882353,0.9696969696969697,0.9705882352941176
primary_43_SilentProbing_feature_squeezing_Base,43,SilentProbing,feature_squeezing,Base,25,77,0,415,8,0.984,1.0,0.9058823529411765,0.9506172839506173,0.9529411764705882
primary_43_SilentProbing_feature_squeezing_Base,43,SilentProbing,feature_squeezing,Base,26,76,0,415,9,0.982,1.0,0.8941176470588236,0.9440993788819877,0.9470588235294117
primary_43_SilentProbing_feature_squeezing_Base,43,SilentProbing,feature_squeezing,Base,27,76,0,415,9,0.982,1.0,0.8941176470588236,0.9440993788819877,0.9470588235294117
primary_43_SilentProbing_feature_squeezing_Base,43,SilentProbing,feature_squeezing,Base,28,79,0,415,6,0.988,1.0,0.9294117647058824,0.9634146341463414,0.9647058823529412
primary_43_SilentProbing_feature_squeezing_Base,43,SilentProbing,feature_squeezing,Base,29,80,0,415,5,0.99,1.0,0.9411764705882353,0.9696969696969697,0.9705882352941176
primary_43_SilentProbing_feature_squeezing_Base,43,SilentProbing,feature_squeezing,Base,30,79,0,415,6,0.988,1.0,0.9294117647058824,0.9634146341463414,0.9647058823529412
primary_43_SilentProbing_feature_squeezing_Base,43,SilentProbing,feature_squeezing,Base,31,77,0,415,8,0.984,1.0,0.9058823529411765,0.9506172839506173,0.9529411764705882
primary_43_SilentProbing_feature_squeezing_Base,43,SilentProbing,feature_squeezing,Base,32,78,0,415,7,0.986,1.0,0.9176470588235294,0.9570552147239264,0.9588235294117646
primary_43_SilentProbing_feature_squeezing_Base,43,SilentProbing,feature_squeezing,Base,33,81,0,415,4,0.992,1.0,0.9529411764705882,0.9759036144578312,0.9764705882352941
primary_43_SilentProbing_feature_squeezing_Base,43,SilentProbing,feature_squeezing,Base,34,78,1,414,7,0.984,0.9873417721518988,0.9176470588235294,0.9512195121951219,0.9576187101346563
primary_43_SilentProbing_feature_squeezing_Base,43,SilentProbing,feature_squeezing,Base,35,74,0,415,11,0.978,1.0,0.8705882352941177,0.9308176100628931,0.9352941176470588
primary_43_SilentProbing_feature_squeezing_Base,43,SilentProbing,feature_squeezing,Base,36,79,0,415,6,0.988,1.0,0.9294117647058824,0.9634146341463414,0.9647058823529412
primary_43_SilentProbing_feature_squeezing_Base,43,SilentProbing,feature_squeezing,Base,37,80,1,414,5,0.988,0.9876543209876543,0.9411764705882353,0.963855421686747,0.9693834160170092
primary_43_SilentProbing_feature_squeezing_Base,43,SilentProbing,feature_squeezing,Base,38,81,0,415,4,0.992,1.0,0.9529411764705882,0.9759036144578312,0.9764705882352941
primary_43_SilentProbing_feature_squeezing_Base,43,SilentProbing,feature_squeezing,Base,39,79,0,415,6,0.988,1.0,0.9294117647058824,0.9634146341463414,0.9647058823529412
primary_43_SilentProbing_feature_squeezing_Base,43,SilentProbing,feature_squeezing,Base,40,82,0,415,3,0.994,1.0,0.9647058823529412,0.9820359281437125,0.9823529411764707
primary_43_SilentProbing_feature_squeezing_Base,43,SilentProbing,feature_squeezing,Base,41,80,0,415,5,0.99,1.0,0.9411764705882353,0.9696969696969697,0.9705882352941176
primary_43_SilentProbing_feature_squeezing_Base,43,SilentProbing,feature_squeezing,Base,42,80,0,415,5,0.99,1.0,0.9411764705882353,0.9696969696969697,0.9705882352941176
primary_43_SilentProbing_feature_squeezing_Base,43,SilentProbing,feature_squeezing,Base,43,77,1,414,8,0.982,0.9871794871794872,0.9058823529411765,0.9447852760736197,0.9517363571934798
primary_43_SilentProbing_feature_squeezing_Base,43,SilentProbing,feature_squeezing,Base,44,79,0,415,6,0.988,1.0,0.9294117647058824,0.9634146341463414,0.9647058823529412
primary_43_SilentProbing_feature_squeezing_Base,43,SilentProbing,feature_squeezing,Base,45,81,0,415,4,0.992,1.0,0.9529411764705882,0.9759036144578312,0.9764705882352941
primary_43_SilentProbing_feature_squeezing_Base,43,SilentProbing,feature_squeezing,Base,46,81,1,414,4,0.99,0.9878048780487805,0.9529411764705882,0.9700598802395209,0.9752657689581856
primary_43_SilentProbing_feature_squeezing_Base,43,SilentProbing,feature_squeezing,Base,47,75,0,415,10,0.98,1.0,0.8823529411764706,0.9375,0.9411764705882353
primary_43_SilentProbing_feature_squeezing_Base,43,SilentProbing,feature_squeezing,Base,48,81,0,415,4,0.992,1.0,0.9529411764705882,0.9759036144578312,0.9764705882352941
primary_43_SilentProbing_feature_squeezing_Base,43,SilentProbing,feature_squeezing,Base,49,77,0,415,8,0.984,1.0,0.9058823529411765,0.9506172839506173,0.9529411764705882
primary_43_SilentProbing_feature_squeezing_Base,43,SilentProbing,feature_squeezing,Base,50,79,0,415,6,0.988,1.0,0.9294117647058824,0.9634146341463414,0.9647058823529412
primary_43_SilentProbing_feature_squeezing_Base,43,SilentProbing,feature_squeezing,Base,51,80,1,414,5,0.988,0.9876543209876543,0.9411764705882353,0.963855421686747,0.9693834160170092
primary_43_SilentProbing_feature_squeezing_Base,43,SilentProbing,feature_squeezing,Base,52,79,0,415,6,0.988,1.0,0.9294117647058824,0.9634146341463414,0.9647058823529412
primary_43_SilentProbing_feature_squeezing_Base,43,SilentProbing,feature_squeezing,Base,53,76,0,415,9,0.982,1.0,0.8941176470588236,0.9440993788819877,0.9470588235294117
primary_43_SilentProbing_feature_squeezing_Base,43,SilentProbing,feature_squeezing,Base,54,82,0,415,3,0.994,1.0,0.9647058823529412,0.9820359281437125,0.9823529411764707
primary_43_SilentProbing_feature_squeezing_Base,43,SilentProbing,feature_squeezing,Base,55,78,0,415,7,0.986,1.0,0.9176470588235294,0.9570552147239264,0.9588235294117646
primary_43_SilentProbing_feature_squeezing_Base,43,SilentProbing,feature_squeezing,Base,56,78,0,415,7,0.986,1.0,0.9176470588235294,0.9570552147239264,0.9588235294117646
primary_43_SilentProbing_feature_squeezing_Base,43,SilentProbing,feature_squeezing,Base,57,81,0,415,4,0.992,1.0,0.9529411764705882,0.9759036144578312,0.9764705882352941
primary_43_SilentProbing_feature_squeezing_Base,43,SilentProbing,feature_squeezing,Base,58,82,0,415,3,0.994,1.0,0.9647058823529412,0.9820359281437125,0.9823529411764707
primary_43_SilentProbing_feature_squeezing_Base,43,SilentProbing,feature_squeezing,Base,59,77,0,415,8,0.984,1.0,0.9058823529411765,0.9506172839506173,0.9529411764705882
primary_43_SilentProbing_feature_squeezing_Base,43,SilentProbing,feature_squeezing,Base,60,79,0,415,6,0.988,1.0,0.9294117647058824,0.9634146341463414,0.9647058823529412
primary_43_SilentProbing_feature_squeezing_Base,43,SilentProbing,feature_squeezing,Base,61,77,0,415,8,0.984,1.0,0.9058823529411765,0.9506172839506173,0.9529411764705882
primary_43_SilentProbing_feature_squeezing_Base,43,SilentProbing,feature_squeezing,Base,62,81,0,415,4,0.992,1.0,0.9529411764705882,0.9759036144578312,0.9764705882352941
primary_43_SilentProbing_feature_squeezing_Base,43,SilentProbing,feature_squeezing,Base,63,76,0,415,9,0.982,1.0,0.8941176470588236,0.9440993788819877,0.9470588235294117
primary_43_SilentProbing_feature_squeezing_Base,43,SilentProbing,feature_squeezing,Base,64,77,0,415,8,0.984,1.0,0.9058823529411765,0.9506172839506173,0.9529411764705882
primary_43_SilentProbing_feature_squeezing_Base,43,SilentProbing,feature_squeezing,Base,65,77,0,415,8,0.984,1.0,0.9058823529411765,0.9506172839506173,0.9529411764705882
primary_43_SilentProbing_feature_squeezing_Base,43,SilentProbing,feature_squeezing,Base,66,79,0,415,6,0.988,1.0,0.9294117647058824,0.9634146341463414,0.9647058823529412
primary_43_SilentProbing_feature_squeezing_Base,43,SilentProbing,feature_squeezing,Base,67,81,0,415,4,0.992,1.0,0.9529411764705882,0.9759036144578312,0.9764705882352941
primary_43_SilentProbing_feature_squeezing_Base,43,SilentProbing,feature_squeezing,Base,68,79,0,415,6,0.988,1.0,0.9294117647058824,0.9634146341463414,0.9647058823529412
primary_43_SilentProbing_feature_squeezing_Base,43,SilentProbing,feature_squeezing,Base,69,76,1,414,9,0.98,0.987012987012987,0.8941176470588236,0.9382716049382716,0.9458540042523034
primary_43_SilentProbing_feature_squeezing_Base,43,SilentProbing,feature_squeezing,Base,70,82,0,415,3,0.994,1.0,0.9647058823529412,0.9820359281437125,0.9823529411764707
primary_43_SilentProbing_feature_squeezing_Base,43,SilentProbing,feature_squeezing,Base,71,77,0,415,8,0.984,1.0,0.9058823529411765,0.9506172839506173,0.9529411764705882
primary_43_SilentProbing_feature_squeezing_Base,43,SilentProbing,feature_squeezing,Base,72,78,0,415,7,0.986,1.0,0.9176470588235294,0.9570552147239264,0.9588235294117646
primary_43_SilentProbing_feature_squeezing_Base,43,SilentProbing,feature_squeezing,Base,73,77,0,415,8,0.984,1.0,0.9058823529411765,0.9506172839506173,0.9529411764705882
primary_43_SilentProbing_feature_squeezing_Base,43,SilentProbing,feature_squeezing,Base,74,82,0,415,3,0.994,1.0,0.9647058823529412,0.9820359281437125,0.9823529411764707
primary_43_SilentProbing_feature_squeezing_Base,43,SilentProbing,feature_squeezing,Base,75,78,0,415,7,0.986,1.0,0.9176470588235294,0.9570552147239264,0.9588235294117646
primary_43_SilentProbing_feature_squeezing_Base,43,SilentProbing,feature_squeezing,Base,76,82,1,414,3,0.992,0.9879518072289156,0.9647058823529412,0.9761904761904762,0.9811481218993622
primary_43_SilentProbing_feature_squeezing_Base,43,SilentProbing,feature_squeezing,Base,77,80,0,415,5,0.99,1.0,0.9411764705882353,0.9696969696969697,0.9705882352941176
primary_43_SilentProbing_feature_squeezing_Base,43,SilentProbing,feature_squeezing,Base,78,79,0,415,6,0.988,1.0,0.9294117647058824,0.9634146341463414,0.9647058823529412
primary_43_SilentProbing_feature_squeezing_Base,43,SilentProbing,feature_squeezing,Base,79,80,0,415,5,0.99,1.0,0.9411764705882353,0.9696969696969697,0.9705882352941176
primary_43_SilentProbing_feature_squeezing_Base,43,SilentProbing,feature_squeezing,Base,80,77,0,415,8,0.984,1.0,0.9058823529411765,0.9506172839506173,0.9529411764705882
primary_43_SilentProbing_feature_squeezing_Base,43,SilentProbing,feature_squeezing,Base,81,75,0,415,10,0.98,1.0,0.8823529411764706,0.9375,0.9411764705882353
primary_43_SilentProbing_feature_squeezing_Base,43,SilentProbing,feature_squeezing,Base,82,79,0,415,6,0.988,1.0,0.9294117647058824,0.9634146341463414,0.9647058823529412
primary_43_SilentProbing_feature_squeezing_Base,43,SilentProbing,feature_squeezing,Base,83,76,0,415,9,0.982,1.0,0.8941176470588236,0.9440993788819877,0.9470588235294117
primary_43_SilentProbing_feature_squeezing_Base,43,SilentProbing,feature_squeezing,Base,84,79,0,415,6,0.988,1.0,0.9294117647058824,0.9634146341463414,0.9647058823529412
primary_43_SilentProbing_feature_squeezing_Base,43,SilentProbing,feature_squeezing,Base,85,81,0,415,4,0.992,1.0,0.9529411764705882,0.9759036144578312,0.9764705882352941
primary_43_SilentProbing_feature_squeezing_Base,43,SilentProbing,feature_squeezing,Base,86,75,1,414,10,0.978,0.9868421052631579,0.8823529411764706,0.9316770186335402,0.9399716513111269
primary_43_SilentProbing_feature_squeezing_Base,43,SilentProbing,feature_squeezing,Base,87,78,0,415,7,0.986,1.0,0.9176470588235294,0.9570552147239264,0.9588235294117646
primary_43_SilentProbing_feature_squeezing_Base,43,SilentProbing,feature_squeezing,Base,88,81,0,415,4,0.992,1.0,0.9529411764705882,0.9759036144578312,0.9764705882352941
primary_43_SilentProbing_feature_squeezing_Base,43,SilentProbing,feature_squeezing,Base,89,79,0,415,6,0.988,1.0,0.9294117647058824,0.9634146341463414,0.9647058823529412
primary_43_SilentProbing_feature_squeezing_Base,43,SilentProbing,feature_squeezing,Base,90,80,1,414,5,0.988,0.9876543209876543,0.9411764705882353,0.963855421686747,0.9693834160170092
primary_43_SilentProbing_feature_squeezing_Base,43,SilentProbing,feature_squeezing,Base,91,80,0,415,5,0.99,1.0,0.9411764705882353,0.9696969696969697,0.9705882352941176
primary_43_SilentProbing_feature_squeezing_Base,43,SilentProbing,feature_squeezing,Base,92,79,0,415,6,0.988,1.0,0.9294117647058824,0.9634146341463414,0.9647058823529412
primary_43_SilentProbing_feature_squeezing_Base,43,SilentProbing,feature_squeezing,Base,93,78,0,415,7,0.986,1.0,0.9176470588235294,0.9570552147239264,0.9588235294117646
primary_43_SilentProbing_feature_squeezing_Base,43,SilentProbing,feature_squeezing,Base,94,81,0,415,4,0.992,1.0,0.9529411764705882,0.9759036144578312,0.9764705882352941
primary_43_SilentProbing_feature_squeezing_Base,43,SilentProbing,feature_squeezing,Base,95,81,0,415,4,0.992,1.0,0.9529411764705882,0.9759036144578312,0.9764705882352941
primary_43_SilentProbing_feature_squeezing_Base,43,SilentProbing,feature_squeezing,Base,96,84,0,415,1,0.998,1.0,0.9882352941176471,0.9940828402366864,0.9941176470588236
primary_43_SilentProbing_feature_squeezing_Base,43,SilentProbing,feature_squeezing,Base,97,74,1,414,11,0.976,0.9866666666666667,0.8705882352941177,0.925,0.9340892983699505
primary_43_SilentProbing_feature_squeezing_Base,43,SilentProbing,feature_squeezing,Base,98,79,0,415,6,0.988,1.0,0.9294117647058824,0.9634146341463414,0.9647058823529412
primary_43_SilentProbing_feature_squeezing_Base,43,SilentProbing,feature_squeezing,Base,99,80,0,415,5,0.99,1.0,0.9411764705882353,0.9696969696969697,0.9705882352941176
primary_43_SilentProbing_feature_squeezing_Base,43,SilentProbing,feature_squeezing,Base,100,81,0,415,4,0.992,1.0,0.9529411764705882,0.9759036144578312,0.9764705882352941
primary_43_SilentProbing_feature_squeezing_Base,43,SilentProbing,feature_squeezing,Base,101,80,0,415,5,0.99,1.0,0.9411764705882353,0.9696969696969697,0.9705882352941176
primary_43_SilentProbing_feature_squeezing_Base,43,SilentProbing,feature_squeezing,Base,102,81,0,415,4,0.992,1.0,0.9529411764705882,0.9759036144578312,0.9764705882352941
primary_43_SilentProbing_feature_squeezing_Base,43,SilentProbing,feature_squeezing,Base,103,81,0,415,4,0.992,1.0,0.9529411764705882,0.9759036144578312,0.9764705882352941
primary_43_SilentProbing_feature_squeezing_Base,43,SilentProbing,feature_squeezing,Base,104,80,0,415,5,0.99,1.0,0.9411764705882353,0.9696969696969697,0.9705882352941176
primary_43_SilentProbing_feature_squeezing_Base,43,SilentProbing,feature_squeezing,Base,105,81,0,415,4,0.992,1.0,0.9529411764705882,0.9759036144578312,0.9764705882352941
primary_43_SilentProbing_feature_squeezing_Base,43,SilentProbing,feature_squeezing,Base,106,78,0,415,7,0.986,1.0,0.9176470588235294,0.9570552147239264,0.9588235294117646
primary_43_SilentProbing_feature_squeezing_Base,43,SilentProbing,feature_squeezing,Base,107,78,0,415,7,0.986,1.0,0.9176470588235294,0.9570552147239264,0.9588235294117646
primary_43_SilentProbing_feature_squeezing_Base,43,SilentProbing,feature_squeezing,Base,108,81,0,415,4,0.992,1.0,0.9529411764705882,0.9759036144578312,0.9764705882352941
primary_43_SilentProbing_feature_squeezing_Base,43,SilentProbing,feature_squeezing,Base,109,77,0,415,8,0.984,1.0,0.9058823529411765,0.9506172839506173,0.9529411764705882
primary_43_SilentProbing_feature_squeezing_Base,43,SilentProbing,feature_squeezing,Base,110,77,1,414,8,0.982,0.9871794871794872,0.9058823529411765,0.9447852760736197,0.9517363571934798
primary_43_SilentProbing_feature_squeezing_Base,43,SilentProbing,feature_squeezing,Base,111,83,0,415,2,0.996,1.0,0.9764705882352941,0.988095238095238,0.9882352941176471
primary_43_SilentProbing_feature_squeezing_Base,43,SilentProbing,feature_squeezing,Base,112,81,1,414,4,0.99,0.9878048780487805,0.9529411764705882,0.9700598802395209,0.9752657689581856
primary_43_SilentProbing_feature_squeezing_Base,43,SilentProbing,feature_squeezing,Base,113,79,0,415,6,0.988,1.0,0.9294117647058824,0.9634146341463414,0.9647058823529412
primary_43_SilentProbing_feature_squeezing_Base,43,SilentProbing,feature_squeezing,Base,114,78,0,415,7,0.986,1.0,0.9176470588235294,0.9570552147239264,0.9588235294117646
primary_43_SilentProbing_feature_squeezing_Base,43,SilentProbing,feature_squeezing,Base,115,77,0,415,8,0.984,1.0,0.9058823529411765,0.9506172839506173,0.9529411764705882
primary_43_SilentProbing_feature_squeezing_Base,43,SilentProbing,feature_squeezing,Base,116,77,0,415,8,0.984,1.0,0.9058823529411765,0.9506172839506173,0.9529411764705882
primary_43_SilentProbing_feature_squeezing_Base,43,SilentProbing,feature_squeezing,Base,117,80,1,414,5,0.988,0.9876543209876543,0.9411764705882353,0.963855421686747,0.9693834160170092
primary_43_SilentProbing_feature_squeezing_Base,43,SilentProbing,feature_squeezing,Base,118,78,0,415,7,0.986,1.0,0.9176470588235294,0.9570552147239264,0.9588235294117646
primary_43_SilentProbing_feature_squeezing_Base,43,SilentProbing,feature_squeezing,Base,119,80,0,415,5,0.99,1.0,0.9411764705882353,0.9696969696969697,0.9705882352941176
primary_43_SilentProbing_feature_squeezing_Base,43,SilentProbing,feature_squeezing,Base,120,81,0,415,4,0.992,1.0,0.9529411764705882,0.9759036144578312,0.9764705882352941
primary_43_SilentProbing_feature_squeezing_Base,43,SilentProbing,feature_squeezing,Base,121,81,0,415,4,0.992,1.0,0.9529411764705882,0.9759036144578312,0.9764705882352941
primary_43_SilentProbing_feature_squeezing_Base,43,SilentProbing,feature_squeezing,Base,122,80,0,415,5,0.99,1.0,0.9411764705882353,0.9696969696969697,0.9705882352941176
primary_43_SilentProbing_feature_squeezing_Base,43,SilentProbing,feature_squeezing,Base,123,75,0,415,10,0.98,1.0,0.8823529411764706,0.9375,0.9411764705882353
primary_43_SilentProbing_feature_squeezing_Base,43,SilentProbing,feature_squeezing,Base,124,78,0,415,7,0.986,1.0,0.9176470588235294,0.9570552147239264,0.9588235294117646
primary_43_SilentProbing_feature_squeezing_Base,43,SilentProbing,feature_squeezing,Base,125,79,0,415,6,0.988,1.0,0.9294117647058824,0.9634146341463414,0.9647058823529412
primary_43_SilentProbing_feature_squeezing_Base,43,SilentProbing,feature_squeezing,Base,126,82,0,415,3,0.994,1.0,0.9647058823529412,0.9820359281437125,0.9823529411764707
primary_43_SilentProbing_feature_squeezing_Base,43,SilentProbing,feature_squeezing,Base,127,75,0,415,10,0.98,1.0,0.8823529411764706,0.9375,0.9411764705882353
primary_43_SilentProbing_feature_squeezing_Base,43,SilentProbing,feature_squeezing,Base,128,82,0,415,3,0.994,1.0,0.9647058823529412,0.9820359281437125,0.9823529411764707
primary_43_SilentProbing_feature_squeezing_Base,43,SilentProbing,feature_squeezing,Base,129,79,0,415,6,0.988,1.0,0.9294117647058824,0.9634146341463414,0.9647058823529412
primary_43_SilentProbing_feature_squeezing_Base,43,SilentProbing,feature_squeezing,Base,130,83,0,415,2,0.996,1.0,0.9764705882352941,0.988095238095238,0.9882352941176471
primary_43_SilentProbing_feature_squeezing_Base,43,SilentProbing,feature_squeezing,Base,131,78,0,415,7,0.986,1.0,0.9176470588235294,0.9570552147239264,0.9588235294117646
primary_43_SilentProbing_feature_squeezing_Base,43,SilentProbing,feature_squeezing,Base,132,78,0,415,7,0.986,1.0,0.9176470588235294,0.9570552147239264,0.9588235294117646
primary_43_SilentProbing_feature_squeezing_Base,43,SilentProbing,feature_squeezing,Base,133,81,0,415,4,0.992,1.0,0.9529411764705882,0.9759036144578312,0.9764705882352941
primary_43_SilentProbing_feature_squeezing_Base,43,SilentProbing,feature_squeezing,Base,134,77,0,415,8,0.984,1.0,0.9058823529411765,0.9506172839506173,0.9529411764705882
primary_43_SilentProbing_feature_squeezing_Base,43,SilentProbing,feature_squeezing,Base,135,83,0,415,2,0.996,1.0,0.9764705882352941,0.988095238095238,0.9882352941176471
primary_43_SilentProbing_feature_squeezing_Base,43,SilentProbing,feature_squeezing,Base,136,80,0,415,5,0.99,1.0,0.9411764705882353,0.9696969696969697,0.9705882352941176
primary_43_SilentProbing_feature_squeezing_Base,43,SilentProbing,feature_squeezing,Base,137,78,0,415,7,0.986,1.0,0.9176470588235294,0.9570552147239264,0.9588235294117646
primary_43_SilentProbing_feature_squeezing_Base,43,SilentProbing,feature_squeezing,Base,138,81,0,415,4,0.992,1.0,0.9529411764705882,0.9759036144578312,0.9764705882352941
primary_43_SilentProbing_feature_squeezing_Base,43,SilentProbing,feature_squeezing,Base,139,78,0,415,7,0.986,1.0,0.9176470588235294,0.9570552147239264,0.9588235294117646
primary_43_SilentProbing_feature_squeezing_Base,43,SilentProbing,feature_squeezing,Base,140,77,0,415,8,0.984,1.0,0.9058823529411765,0.9506172839506173,0.9529411764705882
primary_43_SilentProbing_feature_squeezing_Base,43,SilentProbing,feature_squeezing,Base,141,77,0,415,8,0.984,1.0,0.9058823529411765,0.9506172839506173,0.9529411764705882
primary_43_SilentProbing_feature_squeezing_Base,43,SilentProbing,feature_squeezing,Base,142,84,0,415,1,0.998,1.0,0.9882352941176471,0.9940828402366864,0.9941176470588236
primary_43_SilentProbing_feature_squeezing_Base,43,SilentProbing,feature_squeezing,Base,143,80,0,415,5,0.99,1.0,0.9411764705882353,0.9696969696969697,0.9705882352941176
primary_43_SilentProbing_feature_squeezing_C1,43,SilentProbing,feature_squeezing,C1,0,80,0,414,6,0.988,1.0,0.9302325581395349,0.963855421686747,0.9651162790697674
primary_43_SilentProbing_feature_squeezing_C1,43,SilentProbing,feature_squeezing,C1,1,79,0,414,7,0.986,1.0,0.9186046511627907,0.9575757575757576,0.9593023255813953
primary_43_SilentProbing_feature_squeezing_C1,43,SilentProbing,feature_squeezing,C1,2,83,1,413,3,0.992,0.9880952380952381,0.9651162790697675,0.9764705882352942,0.9813504100662847
primary_43_SilentProbing_feature_squeezing_C1,43,SilentProbing,feature_squeezing,C1,3,84,0,414,2,0.996,1.0,0.9767441860465116,0.988235294117647,0.9883720930232558
primary_43_SilentProbing_feature_squeezing_C1,43,SilentProbing,feature_squeezing,C1,4,84,1,413,2,0.994,0.9882352941176471,0.9767441860465116,0.9824561403508771,0.9871643635546568
primary_43_SilentProbing_feature_squeezing_C1,43,SilentProbing,feature_squeezing,C1,5,83,0,414,3,0.994,1.0,0.9651162790697675,0.9822485207100593,0.9825581395348837
primary_43_SilentProbing_feature_squeezing_C1,43,SilentProbing,feature_squeezing,C1,6,82,0,414,4,0.992,1.0,0.9534883720930233,0.9761904761904763,0.9767441860465116
primary_43_SilentProbing_feature_squeezing_C1,43,SilentProbing,feature_squeezing,C1,7,81,1,413,5,0.988,0.9878048780487805,0.9418604651162791,0.9642857142857143,0.9697225030895404
primary_43_SilentProbing_feature_squeezing_C1,43,SilentProbing,feature_squeezing,C1,8,81,1,413,5,0.988,0.9878048780487805,0.9418604651162791,0.9642857142857143,0.9697225030895404
primary_43_SilentProbing_feature_squeezing_C1,43,SilentProbing,feature_squeezing,C1,9,84,0,414,2,0.996,1.0,0.9767441860465116,0.988235294117647,0.9883720930232558
primary_43_SilentProbing_feature_squeezing_C1,43,SilentProbing,feature_squeezing,C1,10,81,1,413,5,0.988,0.9878048780487805,0.9418604651162791,0.9642857142857143,0.9697225030895404
primary_43_SilentProbing_feature_squeezing_C1,43,SilentProbing,feature_squeezing,C1,11,80,0,414,6,0.988,1.0,0.9302325581395349,0.963855421686747,0.9651162790697674
primary_43_SilentProbing_feature_squeezing_C1,43,SilentProbing,feature_squeezing,C1,12,83,0,414,3,0.994,1.0,0.9651162790697675,0.9822485207100593,0.9825581395348837
primary_43_SilentProbing_feature_squeezing_C1,43,SilentProbing,feature_squeezing,C1,13,84,0,414,2,0.996,1.0,0.9767441860465116,0.988235294117647,0.9883720930232558
primary_43_SilentProbing_feature_squeezing_C1,43,SilentProbing,feature_squeezing,C1,14,84,1,413,2,0.994,0.9882352941176471,0.9767441860465116,0.9824561403508771,0.9871643635546568
primary_43_SilentProbing_feature_squeezing_C1,43,SilentProbing,feature_squeezing,C1,15,83,0,414,3,0.994,1.0,0.9651162790697675,0.9822485207100593,0.9825581395348837
primary_43_SilentProbing_feature_squeezing_C1,43,SilentProbing,feature_squeezing,C1,16,78,0,414,8,0.984,1.0,0.9069767441860465,0.951219512195122,0.9534883720930232
primary_43_SilentProbing_feature_squeezing_C1,43,SilentProbing,feature_squeezing,C1,17,84,0,415,1,0.998,1.0,0.9882352941176471,0.9940828402366864,0.9941176470588236
primary_43_SilentProbing_feature_squeezing_C1,43,SilentProbing,feature_squeezing,C1,18,80,0,415,5,0.99,1.0,0.9411764705882353,0.9696969696969697,0.9705882352941176
primary_43_SilentProbing_feature_squeezing_C1,43,SilentProbing,feature_squeezing,C1,19,83,0,415,2,0.996,1.0,0.9764705882352941,0.988095238095238,0.9882352941176471
primary_43_SilentProbing_feature_squeezing_C1,43,SilentProbing,feature_squeezing,C1,20,74,0,415,11,0.978,1.0,0.8705882352941177,0.9308176100628931,0.9352941176470588
primary_43_SilentProbing_feature_squeezing_C1,43,SilentProbing,feature_squeezing,C1,21,76,1,414,9,0.98,0.987012987012987,0.8941176470588236,0.9382716049382716,0.9458540042523034
primary_43_SilentProbing_feature_squeezing_C1,43,SilentProbing,feature_squeezing,C1,22,78,0,415,7,0.986,1.0,0.9176470588235294,0.9570552147239264,0.9588235294117646
primary_43_SilentProbing_feature_squeezing_C1,43,SilentProbing,feature_squeezing,C1,23,81,0,415,4,0.992,1.0,0.9529411764705882,0.9759036144578312,0.9764705882352941
primary_43_SilentProbing_feature_squeezing_C1,43,SilentProbing,feature_squeezing,C1,24,80,1,414,5,0.988,0.9876543209876543,0.9411764705882353,0.963855421686747,0.9693834160170092
primary_43_SilentProbing_feature_squeezing_C1,43,SilentProbing,feature_squeezing,C1,25,77,0,415,8,0.984,1.0,0.9058823529411765,0.9506172839506173,0.9529411764705882
primary_43_SilentProbing_feature_squeezing_C1,43,SilentProbing,feature_squeezing,C1,26,77,0,415,8,0.984,1.0,0.9058823529411765,0.9506172839506173,0.9529411764705882
primary_43_SilentProbing_feature_squeezing_C1,43,SilentProbing,feature_squeezing,C1,27,77,0,415,8,0.984,1.0,0.9058823529411765,0.9506172839506173,0.9529411764705882
primary_43_SilentProbing_feature_squeezing_C1,43,SilentProbing,feature_squeezing,C1,28,79,0,415,6,0.988,1.0,0.9294117647058824,0.9634146341463414,0.9647058823529412
primary_43_SilentProbing_feature_squeezing_C1,43,SilentProbing,feature_squeezing,C1,29,80,0,415,5,0.99,1.0,0.9411764705882353,0.9696969696969697,0.9705882352941176
primary_43_SilentProbing_feature_squeezing_C1,43,SilentProbing,feature_squeezing,C1,30,79,0,415,6,0.988,1.0,0.9294117647058824,0.9634146341463414,0.9647058823529412
primary_43_SilentProbing_feature_squeezing_C1,43,SilentProbing,feature_squeezing,C1,31,78,1,414,7,0.984,0.9873417721518988,0.9176470588235294,0.9512195121951219,0.9576187101346563
primary_43_SilentProbing_feature_squeezing_C1,43,SilentProbing,feature_squeezing,C1,32,80,0,415,5,0.99,1.0,0.9411764705882353,0.9696969696969697,0.9705882352941176
primary_43_SilentProbing_feature_squeezing_C1,43,SilentProbing,feature_squeezing,C1,33,81,0,415,4,0.992,1.0,0.9529411764705882,0.9759036144578312,0.9764705882352941
primary_43_SilentProbing_feature_squeezing_C1,43,SilentProbing,feature_squeezing,C1,34,79,1,414,6,0.986,0.9875,0.9294117647058824,0.9575757575757576,0.9635010630758327
primary_43_SilentProbing_feature_squeezing_C1,43,SilentProbing,feature_squeezing,C1,35,75,0,415,10,0.98,1.0,0.8823529411764706,0.9375,0.9411764705882353
primary_43_SilentProbing_feature_squeezing_C1,43,SilentProbing,feature_squeezing,C1,36,80,0,415,5,0.99,1.0,0.9411764705882353,0.9696969696969697,0.9705882352941176
primary_43_SilentProbing_feature_squeezing_C1,43,SilentProbing,feature_squeezing,C1,37,81,1,414,4,0.99,0.9878048780487805,0.9529411764705882,0.9700598802395209,0.9752657689581856
primary_43_SilentProbing_feature_squeezing_C1,43,SilentProbing,feature_squeezing,C1,38,81,0,415,4,0.992,1.0,0.9529411764705882,0.9759036144578312,0.9764705882352941
primary_43_SilentProbing_feature_squeezing_C1,43,SilentProbing,feature_squeezing,C1,39,81,0,415,4,0.992,1.0,0.9529411764705882,0.9759036144578312,0.9764705882352941
primary_43_SilentProbing_feature_squeezing_C1,43,SilentProbing,feature_squeezing,C1,40,82,0,415,3,0.994,1.0,0.9647058823529412,0.9820359281437125,0.9823529411764707
primary_43_SilentProbing_feature_squeezing_C1,43,SilentProbing,feature_squeezing,C1,41,82,0,415,3,0.994,1.0,0.9647058823529412,0.9820359281437125,0.9823529411764707
primary_43_SilentProbing_feature_squeezing_C1,43,SilentProbing,feature_squeezing,C1,42,81,0,415,4,0.992,1.0,0.9529411764705882,0.9759036144578312,0.9764705882352941
primary_43_SilentProbing_feature_squeezing_C1,43,SilentProbing,feature_squeezing,C1,43,78,1,414,7,0.984,0.9873417721518988,0.9176470588235294,0.9512195121951219,0.9576187101346563
primary_43_SilentProbing_feature_squeezing_C1,43,SilentProbing,feature_squeezing,C1,44,79,0,415,6,0.988,1.0,0.9294117647058824,0.9634146341463414,0.9647058823529412
primary_43_SilentProbing_feature_squeezing_C1,43,SilentProbing,feature_squeezing,C1,45,81,0,415,4,0.992,1.0,0.9529411764705882,0.9759036144578312,0.9764705882352941
primary_43_SilentProbing_feature_squeezing_C1,43,SilentProbing,feature_squeezing,C1,46,81,1,414,4,0.99,0.9878048780487805,0.9529411764705882,0.9700598802395209,0.9752657689581856
primary_43_SilentProbing_feature_squeezing_C1,43,SilentProbing,feature_squeezing,C1,47,76,0,415,9,0.982,1.0,0.8941176470588236,0.9440993788819877,0.9470588235294117
primary_43_SilentProbing_feature_squeezing_C1,43,SilentProbing,feature_squeezing,C1,48,81,0,415,4,0.992,1.0,0.9529411764705882,0.9759036144578312,0.9764705882352941
primary_43_SilentProbing_feature_squeezing_C1,43,SilentProbing,feature_squeezing,C1,49,77,0,415,8,0.984,1.0,0.9058823529411765,0.9506172839506173,0.9529411764705882
primary_43_SilentProbing_feature_squeezing_C1,43,SilentProbing,feature_squeezing,C1,50,81,0,415,4,0.992,1.0,0.9529411764705882,0.9759036144578312,0.9764705882352941
primary_43_SilentProbing_feature_squeezing_C1,43,SilentProbing,feature_squeezing,C1,51,80,1,414,5,0.988,0.9876543209876543,0.9411764705882353,0.963855421686747,0.9693834160170092
primary_43_SilentProbing_feature_squeezing_C1,43,SilentProbing,feature_squeezing,C1,52,80,1,414,5,0.988,0.9876543209876543,0.9411764705882353,0.963855421686747,0.9693834160170092
primary_43_SilentProbing_feature_squeezing_C1,43,SilentProbing,feature_squeezing,C1,53,77,1,414,8,0.982,0.9871794871794872,0.9058823529411765,0.9447852760736197,0.9517363571934798
primary_43_SilentProbing_feature_squeezing_C1,43,SilentProbing,feature_squeezing,C1,54,82,0,415,3,0.994,1.0,0.9647058823529412,0.9820359281437125,0.9823529411764707
primary_43_SilentProbing_feature_squeezing_C1,43,SilentProbing,feature_squeezing,C1,55,78,0,415,7,0.986,1.0,0.9176470588235294,0.9570552147239264,0.9588235294117646
primary_43_SilentProbing_feature_squeezing_C1,43,SilentProbing,feature_squeezing,C1,56,78,0,415,7,0.986,1.0,0.9176470588235294,0.9570552147239264,0.9588235294117646
primary_43_SilentProbing_feature_squeezing_C1,43,SilentProbing,feature_squeezing,C1,57,81,0,415,4,0.992,1.0,0.9529411764705882,0.9759036144578312,0.9764705882352941
primary_43_SilentProbing_feature_squeezing_C1,43,SilentProbing,feature_squeezing,C1,58,82,1,414,3,0.992,0.9879518072289156,0.9647058823529412,0.9761904761904762,0.9811481218993622
primary_43_SilentProbing_feature_squeezing_C1,43,SilentProbing,feature_squeezing,C1,59,78,0,415,7,0.986,1.0,0.9176470588235294,0.9570552147239264,0.9588235294117646
primary_43_SilentProbing_feature_squeezing_C1,43,SilentProbing,feature_squeezing,C1,60,81,0,415,4,0.992,1.0,0.9529411764705882,0.9759036144578312,0.9764705882352941
primary_43_SilentProbing_feature_squeezing_C1,43,SilentProbing,feature_squeezing,C1,61,79,0,415,6,0.988,1.0,0.9294117647058824,0.9634146341463414,0.9647058823529412
primary_43_SilentProbing_feature_squeezing_C1,43,SilentProbing,feature_squeezing,C1,62,81,0,415,4,0.992,1.0,0.9529411764705882,0.9759036144578312,0.9764705882352941
primary_43_SilentProbing_feature_squeezing_C1,43,SilentProbing,feature_squeezing,C1,63,77,0,415,8,0.984,1.0,0.9058823529411765,0.9506172839506173,0.9529411764705882
primary_43_SilentProbing_feature_squeezing_C1,43,SilentProbing,feature_squeezing,C1,64,77,0,415,8,0.984,1.0,0.9058823529411765,0.9506172839506173,0.9529411764705882
primary_43_SilentProbing_feature_squeezing_C1,43,SilentProbing,feature_squeezing,C1,65,78,0,415,7,0.986,1.0,0.9176470588235294,0.9570552147239264,0.9588235294117646
primary_43_SilentProbing_feature_squeezing_C1,43,SilentProbing,feature_squeezing,C1,66,80,0,415,5,0.99,1.0,0.9411764705882353,0.9696969696969697,0.9705882352941176
primary_43_SilentProbing_feature_squeezing_C1,43,SilentProbing,feature_squeezing,C1,67,81,0,415,4,0.992,1.0,0.9529411764705882,0.9759036144578312,0.9764705882352941
primary_43_SilentProbing_feature_squeezing_C1,43,SilentProbing,feature_squeezing,C1,68,79,0,415,6,0.988,1.0,0.9294117647058824,0.9634146341463414,0.9647058823529412
primary_43_SilentProbing_feature_squeezing_C1,43,SilentProbing,feature_squeezing,C1,69,80,1,414,5,0.988,0.9876543209876543,0.9411764705882353,0.963855421686747,0.9693834160170092
primary_43_SilentProbing_feature_squeezing_C1,43,SilentProbing,feature_squeezing,C1,70,82,0,415,3,0.994,1.0,0.9647058823529412,0.9820359281437125,0.9823529411764707
primary_43_SilentProbing_feature_squeezing_C1,43,SilentProbing,feature_squeezing,C1,71,77,0,415,8,0.984,1.0,0.9058823529411765,0.9506172839506173,0.9529411764705882
primary_43_SilentProbing_feature_squeezing_C1,43,SilentProbing,feature_squeezing,C1,72,78,0,415,7,0.986,1.0,0.9176470588235294,0.9570552147239264,0.9588235294117646
primary_43_SilentProbing_feature_squeezing_C1,43,SilentProbing,feature_squeezing,C1,73,77,0,415,8,0.984,1.0,0.9058823529411765,0.9506172839506173,0.9529411764705882
primary_43_SilentProbing_feature_squeezing_C1,43,SilentProbing,feature_squeezing,C1,74,82,0,415,3,0.994,1.0,0.9647058823529412,0.9820359281437125,0.9823529411764707
primary_43_SilentProbing_feature_squeezing_C1,43,SilentProbing,feature_squeezing,C1,75,78,0,415,7,0.986,1.0,0.9176470588235294,0.9570552147239264,0.9588235294117646
primary_43_SilentProbing_feature_squeezing_C1,43,SilentProbing,feature_squeezing,C1,76,82,0,415,3,0.994,1.0,0.9647058823529412,0.9820359281437125,0.9823529411764707
primary_43_SilentProbing_feature_squeezing_C1,43,SilentProbing,feature_squeezing,C1,77,80,0,415,5,0.99,1.0,0.9411764705882353,0.9696969696969697,0.9705882352941176
primary_43_SilentProbing_feature_squeezing_C1,43,SilentProbing,feature_squeezing,C1,78,83,0,415,2,0.996,1.0,0.9764705882352941,0.988095238095238,0.9882352941176471
primary_43_SilentProbing_feature_squeezing_C1,43,SilentProbing,feature_squeezing,C1,79,81,0,415,4,0.992,1.0,0.9529411764705882,0.9759036144578312,0.9764705882352941
primary_43_SilentProbing_feature_squeezing_C1,43,SilentProbing,feature_squeezing,C1,80,78,0,415,7,0.986,1.0,0.9176470588235294,0.9570552147239264,0.9588235294117646
primary_43_SilentProbing_feature_squeezing_C1,43,SilentProbing,feature_squeezing,C1,81,76,0,415,9,0.982,1.0,0.8941176470588236,0.9440993788819877,0.9470588235294117
primary_43_SilentProbing_feature_squeezing_C1,43,SilentProbing,feature_squeezing,C1,82,79,0,415,6,0.988,1.0,0.9294117647058824,0.9634146341463414,0.9647058823529412
primary_43_SilentProbing_feature_squeezing_C1,43,SilentProbing,feature_squeezing,C1,83,78,0,415,7,0.986,1.0,0.9176470588235294,0.9570552147239264,0.9588235294117646
primary_43_SilentProbing_feature_squeezing_C1,43,SilentProbing,feature_squeezing,C1,84,79,0,415,6,0.988,1.0,0.9294117647058824,0.9634146341463414,0.9647058823529412
primary_43_SilentProbing_feature_squeezing_C1,43,SilentProbing,feature_squeezing,C1,85,82,1,414,3,0.992,0.9879518072289156,0.9647058823529412,0.9761904761904762,0.9811481218993622
primary_43_SilentProbing_feature_squeezing_C1,43,SilentProbing,feature_squeezing,C1,86,76,1,414,9,0.98,0.987012987012987,0.8941176470588236,0.9382716049382716,0.9458540042523034
primary_43_SilentProbing_feature_squeezing_C1,43,SilentProbing,feature_squeezing,C1,87,78,0,415,7,0.986,1.0,0.9176470588235294,0.9570552147239264,0.9588235294117646
primary_43_SilentProbing_feature_squeezing_C1,43,SilentProbing,feature_squeezing,C1,88,81,0,415,4,0.992,1.0,0.9529411764705882,0.9759036144578312,0.9764705882352941
primary_43_SilentProbing_feature_squeezing_C1,43,SilentProbing,feature_squeezing,C1,89,79,1,414,6,0.986,0.9875,0.9294117647058824,0.9575757575757576,0.9635010630758327
primary_43_SilentProbing_feature_squeezing_C1,43,SilentProbing,feature_squeezing,C1,90,81,1,414,4,0.99,0.9878048780487805,0.9529411764705882,0.9700598802395209,0.9752657689581856
primary_43_SilentProbing_feature_squeezing_C1,43,SilentProbing,feature_squeezing,C1,91,80,1,414,5,0.988,0.9876543209876543,0.9411764705882353,0.963855421686747,0.9693834160170092
primary_43_SilentProbing_feature_squeezing_C1,43,SilentProbing,feature_squeezing,C1,92,80,0,415,5,0.99,1.0,0.9411764705882353,0.9696969696969697,0.9705882352941176
primary_43_SilentProbing_feature_squeezing_C1,43,SilentProbing,feature_squeezing,C1,93,79,0,415,6,0.988,1.0,0.9294117647058824,0.9634146341463414,0.9647058823529412
primary_43_SilentProbing_feature_squeezing_C1,43,SilentProbing,feature_squeezing,C1,94,81,0,415,4,0.992,1.0,0.9529411764705882,0.9759036144578312,0.9764705882352941
primary_43_SilentProbing_feature_squeezing_C1,43,SilentProbing,feature_squeezing,C1,95,81,0,415,4,0.992,1.0,0.9529411764705882,0.9759036144578312,0.9764705882352941
primary_43_SilentProbing_feature_squeezing_C1,43,SilentProbing,feature_squeezing,C1,96,84,0,415,1,0.998,1.0,0.9882352941176471,0.9940828402366864,0.9941176470588236
primary_43_SilentProbing_feature_squeezing_C1,43,SilentProbing,feature_squeezing,C1,97,75,1,414,10,0.978,0.9868421052631579,0.8823529411764706,0.9316770186335402,0.9399716513111269
primary_43_SilentProbing_feature_squeezing_C1,43,SilentProbing,feature_squeezing,C1,98,80,0,415,5,0.99,1.0,0.9411764705882353,0.9696969696969697,0.9705882352941176
primary_43_SilentProbing_feature_squeezing_C1,43,SilentProbing,feature_squeezing,C1,99,81,0,415,4,0.992,1.0,0.9529411764705882,0.9759036144578312,0.9764705882352941
primary_43_SilentProbing_feature_squeezing_C1,43,SilentProbing,feature_squeezing,C1,100,81,0,415,4,0.992,1.0,0.9529411764705882,0.9759036144578312,0.9764705882352941
primary_43_SilentProbing_feature_squeezing_C1,43,SilentProbing,feature_squeezing,C1,101,81,0,415,4,0.992,1.0,0.9529411764705882,0.9759036144578312,0.9764705882352941
primary_43_SilentProbing_feature_squeezing_C1,43,SilentProbing,feature_squeezing,C1,102,82,0,415,3,0.994,1.0,0.9647058823529412,0.9820359281437125,0.9823529411764707
primary_43_SilentProbing_feature_squeezing_C1,43,SilentProbing,feature_squeezing,C1,103,81,0,415,4,0.992,1.0,0.9529411764705882,0.9759036144578312,0.9764705882352941
primary_43_SilentProbing_feature_squeezing_C1,43,SilentProbing,feature_squeezing,C1,104,81,0,415,4,0.992,1.0,0.9529411764705882,0.9759036144578312,0.9764705882352941
primary_43_SilentProbing_feature_squeezing_C1,43,SilentProbing,feature_squeezing,C1,105,82,0,415,3,0.994,1.0,0.9647058823529412,0.9820359281437125,0.9823529411764707
primary_43_SilentProbing_feature_squeezing_C1,43,SilentProbing,feature_squeezing,C1,106,79,0,415,6,0.988,1.0,0.9294117647058824,0.9634146341463414,0.9647058823529412
primary_43_SilentProbing_feature_squeezing_C1,43,SilentProbing,feature_squeezing,C1,107,79,0,415,6,0.988,1.0,0.9294117647058824,0.9634146341463414,0.9647058823529412
primary_43_SilentProbing_feature_squeezing_C1,43,SilentProbing,feature_squeezing,C1,108,81,0,415,4,0.992,1.0,0.9529411764705882,0.9759036144578312,0.9764705882352941
primary_43_SilentProbing_feature_squeezing_C1,43,SilentProbing,feature_squeezing,C1,109,78,0,415,7,0.986,1.0,0.9176470588235294,0.9570552147239264,0.9588235294117646
primary_43_SilentProbing_feature_squeezing_C1,43,SilentProbing,feature_squeezing,C1,110,78,1,414,7,0.984,0.9873417721518988,0.9176470588235294,0.9512195121951219,0.9576187101346563
primary_43_SilentProbing_feature_squeezing_C1,43,SilentProbing,feature_squeezing,C1,111,84,0,415,1,0.998,1.0,0.9882352941176471,0.9940828402366864,0.9941176470588236
primary_43_SilentProbing_feature_squeezing_C1,43,SilentProbing,feature_squeezing,C1,112,81,1,414,4,0.99,0.9878048780487805,0.9529411764705882,0.9700598802395209,0.9752657689581856
primary_43_SilentProbing_feature_squeezing_C1,43,SilentProbing,feature_squeezing,C1,113,79,1,414,6,0.986,0.9875,0.9294117647058824,0.9575757575757576,0.9635010630758327
primary_43_SilentProbing_feature_squeezing_C1,43,SilentProbing,feature_squeezing,C1,114,79,0,415,6,0.988,1.0,0.9294117647058824,0.9634146341463414,0.9647058823529412
primary_43_SilentProbing_feature_squeezing_C1,43,SilentProbing,feature_squeezing,C1,115,77,0,415,8,0.984,1.0,0.9058823529411765,0.9506172839506173,0.9529411764705882
primary_43_SilentProbing_feature_squeezing_C1,43,SilentProbing,feature_squeezing,C1,116,78,0,415,7,0.986,1.0,0.9176470588235294,0.9570552147239264,0.9588235294117646
primary_43_SilentProbing_feature_squeezing_C1,43,SilentProbing,feature_squeezing,C1,117,80,0,415,5,0.99,1.0,0.9411764705882353,0.9696969696969697,0.9705882352941176
primary_43_SilentProbing_feature_squeezing_C1,43,SilentProbing,feature_squeezing,C1,118,78,1,414,7,0.984,0.9873417721518988,0.9176470588235294,0.9512195121951219,0.9576187101346563
primary_43_SilentProbing_feature_squeezing_C1,43,SilentProbing,feature_squeezing,C1,119,80,0,415,5,0.99,1.0,0.9411764705882353,0.9696969696969697,0.9705882352941176
primary_43_SilentProbing_feature_squeezing_C1,43,SilentProbing,feature_squeezing,C1,120,81,0,415,4,0.992,1.0,0.9529411764705882,0.9759036144578312,0.9764705882352941
primary_43_SilentProbing_feature_squeezing_C1,43,SilentProbing,feature_squeezing,C1,121,81,0,415,4,0.992,1.0,0.9529411764705882,0.9759036144578312,0.9764705882352941
primary_43_SilentProbing_feature_squeezing_C1,43,SilentProbing,feature_squeezing,C1,122,80,0,415,5,0.99,1.0,0.9411764705882353,0.9696969696969697,0.9705882352941176
primary_43_SilentProbing_feature_squeezing_C1,43,SilentProbing,feature_squeezing,C1,123,76,0,415,9,0.982,1.0,0.8941176470588236,0.9440993788819877,0.9470588235294117
primary_43_SilentProbing_feature_squeezing_C1,43,SilentProbing,feature_squeezing,C1,124,80,0,415,5,0.99,1.0,0.9411764705882353,0.9696969696969697,0.9705882352941176
primary_43_SilentProbing_feature_squeezing_C1,43,SilentProbing,feature_squeezing,C1,125,80,1,414,5,0.988,0.9876543209876543,0.9411764705882353,0.963855421686747,0.9693834160170092
primary_43_SilentProbing_feature_squeezing_C1,43,SilentProbing,feature_squeezing,C1,126,83,0,415,2,0.996,1.0,0.9764705882352941,0.988095238095238,0.9882352941176471
primary_43_SilentProbing_feature_squeezing_C1,43,SilentProbing,feature_squeezing,C1,127,77,0,415,8,0.984,1.0,0.9058823529411765,0.9506172839506173,0.9529411764705882
primary_43_SilentProbing_feature_squeezing_C1,43,SilentProbing,feature_squeezing,C1,128,83,0,415,2,0.996,1.0,0.9764705882352941,0.988095238095238,0.9882352941176471
primary_43_SilentProbing_feature_squeezing_C1,43,SilentProbing,feature_squeezing,C1,129,79,0,415,6,0.988,1.0,0.9294117647058824,0.9634146341463414,0.9647058823529412
primary_43_SilentProbing_feature_squeezing_C1,43,SilentProbing,feature_squeezing,C1,130,83,0,415,2,0.996,1.0,0.9764705882352941,0.988095238095238,0.9882352941176471
primary_43_SilentProbing_feature_squeezing_C1,43,SilentProbing,feature_squeezing,C1,131,80,0,415,5,0.99,1.0,0.9411764705882353,0.9696969696969697,0.9705882352941176
primary_43_SilentProbing_feature_squeezing_C1,43,SilentProbing,feature_squeezing,C1,132,78,0,415,7,0.986,1.0,0.9176470588235294,0.9570552147239264,0.9588235294117646
primary_43_SilentProbing_feature_squeezing_C1,43,SilentProbing,feature_squeezing,C1,133,81,0,415,4,0.992,1.0,0.9529411764705882,0.9759036144578312,0.9764705882352941
primary_43_SilentProbing_feature_squeezing_C1,43,SilentProbing,feature_squeezing,C1,134,78,0,415,7,0.986,1.0,0.9176470588235294,0.9570552147239264,0.9588235294117646
primary_43_SilentProbing_feature_squeezing_C1,43,SilentProbing,feature_squeezing,C1,135,83,0,415,2,0.996,1.0,0.9764705882352941,0.988095238095238,0.9882352941176471
primary_43_SilentProbing_feature_squeezing_C1,43,SilentProbing,feature_squeezing,C1,136,82,0,415,3,0.994,1.0,0.9647058823529412,0.9820359281437125,0.9823529411764707
primary_43_SilentProbing_feature_squeezing_C1,43,SilentProbing,feature_squeezing,C1,137,79,1,414,6,0.986,0.9875,0.9294117647058824,0.9575757575757576,0.9635010630758327
primary_43_SilentProbing_feature_squeezing_C1,43,SilentProbing,feature_squeezing,C1,138,82,0,415,3,0.994,1.0,0.9647058823529412,0.9820359281437125,0.9823529411764707
primary_43_SilentProbing_feature_squeezing_C1,43,SilentProbing,feature_squeezing,C1,139,78,0,415,7,0.986,1.0,0.9176470588235294,0.9570552147239264,0.9588235294117646
primary_43_SilentProbing_feature_squeezing_C1,43,SilentProbing,feature_squeezing,C1,140,78,0,415,7,0.986,1.0,0.9176470588235294,0.9570552147239264,0.9588235294117646
primary_43_SilentProbing_feature_squeezing_C1,43,SilentProbing,feature_squeezing,C1,141,77,0,415,8,0.984,1.0,0.9058823529411765,0.9506172839506173,0.9529411764705882
primary_43_SilentProbing_feature_squeezing_C1,43,SilentProbing,feature_squeezing,C1,142,84,0,415,1,0.998,1.0,0.9882352941176471,0.9940828402366864,0.9941176470588236
primary_43_SilentProbing_feature_squeezing_C1,43,SilentProbing,feature_squeezing,C1,143,81,0,415,4,0.992,1.0,0.9529411764705882,0.9759036144578312,0.9764705882352941
primary_43_SilentProbing_randomized_smoothing_Base,43,SilentProbing,randomized_smoothing,Base,0,71,0,414,15,0.97,1.0,0.8255813953488372,0.9044585987261146,0.9127906976744187
primary_43_SilentProbing_randomized_smoothing_Base,43,SilentProbing,randomized_smoothing,Base,1,64,0,414,22,0.956,1.0,0.7441860465116279,0.8533333333333333,0.872093023255814
primary_43_SilentProbing_randomized_smoothing_Base,43,SilentProbing,randomized_smoothing,Base,2,74,1,413,12,0.974,0.9866666666666667,0.8604651162790697,0.9192546583850931,0.9290248286709358
primary_43_SilentProbing_randomized_smoothing_Base,43,SilentProbing,randomized_smoothing,Base,3,68,0,414,18,0.964,1.0,0.7906976744186046,0.8831168831168831,0.8953488372093024
primary_43_SilentProbing_randomized_smoothing_Base,43,SilentProbing,randomized_smoothing,Base,4,75,0,414,11,0.978,1.0,0.872093023255814,0.9316770186335404,0.936046511627907
primary_43_SilentProbing_randomized_smoothing_Base,43,SilentProbing,randomized_smoothing,Base,5,71,0,414,15,0.97,1.0,0.8255813953488372,0.9044585987261146,0.9127906976744187
primary_43_SilentProbing_randomized_smoothing_Base,43,SilentProbing,randomized_smoothing,Base,6,75,0,414,11,0.978,1.0,0.872093023255814,0.9316770186335404,0.936046511627907
primary_43_SilentProbing_randomized_smoothing_Base,43,SilentProbing,randomized_smoothing,Base,7,70,0,414,16,0.968,1.0,0.813953488372093,0.8974358974358974,0.9069767441860466
primary_43_SilentProbing_randomized_smoothing_Base,43,SilentProbing,randomized_smoothing,Base,8,65,0,414,21,0.958,1.0,0.7558139534883721,0.8609271523178808,0.877906976744186
primary_43_SilentProbing_randomized_smoothing_Base,43,SilentProbing,randomized_smoothing,Base,9,72,0,414,14,0.972,1.0,0.8372093023255814,0.9113924050632911,0.9186046511627908
primary_43_SilentProbing_randomized_smoothing_Base,43,SilentProbing,randomized_smoothing,Base,10,72,0,414,14,0.972,1.0,0.8372093023255814,0.9113924050632911,0.9186046511627908
primary_43_SilentProbing_randomized_smoothing_Base,43,SilentProbing,randomized_smoothing,Base,11,67,0,414,19,0.962,1.0,0.7790697674418605,0.8758169934640523,0.8895348837209303
primary_43_SilentProbing_randomized_smoothing_Base,43,SilentProbing,randomized_smoothing,Base,12,72,0,414,14,0.972,1.0,0.8372093023255814,0.9113924050632911,0.9186046511627908
primary_43_SilentProbing_randomized_smoothing_Base,43,SilentProbing,randomized_smoothing,Base,13,77,0,414,9,0.982,1.0,0.8953488372093024,0.9447852760736196,0.9476744186046512
primary_43_SilentProbing_randomized_smoothing_Base,43,SilentProbing,randomized_smoothing,Base,14,74,0,414,12,0.976,1.0,0.8604651162790697,0.9249999999999999,0.9302325581395349
primary_43_SilentProbing_randomized_smoothing_Base,43,SilentProbing,randomized_smoothing,Base,15,72,0,414,14,0.972,1.0,0.8372093023255814,0.9113924050632911,0.9186046511627908
primary_43_SilentProbing_randomized_smoothing_Base,43,SilentProbing,randomized_smoothing,Base,16,67,0,414,19,0.962,1.0,0.7790697674418605,0.8758169934640523,0.8895348837209303
primary_43_SilentProbing_randomized_smoothing_Base,43,SilentProbing,randomized_smoothing,Base,17,78,0,415,7,0.986,1.0,0.9176470588235294,0.9570552147239264,0.9588235294117646
primary_43_SilentProbing_randomized_smoothing_Base,43,SilentProbing,randomized_smoothing,Base,18,68,0,415,17,0.966,1.0,0.8,0.888888888888889,0.9
primary_43_SilentProbing_randomized_smoothing_Base,43,SilentProbing,randomized_smoothing,Base,19,73,0,415,12,0.976,1.0,0.8588235294117647,0.9240506329113923,0.9294117647058824
primary_43_SilentProbing_randomized_smoothing_Base,43,SilentProbing,randomized_smoothing,Base,20,66,0,415,19,0.962,1.0,0.7764705882352941,0.8741721854304636,0.888235294117647
primary_43_SilentProbing_randomized_smoothing_Base,43,SilentProbing,randomized_smoothing,Base,21,67,1,414,18,0.962,0.9852941176470589,0.788235294117647,0.8758169934640523,0.8929128277817151
primary_43_SilentProbing_randomized_smoothing_Base,43,SilentProbing,randomized_smoothing,Base,22,71,0,415,14,0.972,1.0,0.8352941176470589,0.9102564102564102,0.9176470588235295
primary_43_SilentProbing_randomized_smoothing_Base,43,SilentProbing,randomized_smoothing,Base,23,69,0,415,16,0.968,1.0,0.8117647058823529,0.8961038961038961,0.9058823529411765
primary_43_SilentProbing_randomized_smoothing_Base,43,SilentProbing,randomized_smoothing,Base,24,70,0,415,15,0.97,1.0,0.8235294117647058,0.9032258064516129,0.9117647058823529
primary_43_SilentProbing_randomized_smoothing_Base,43,SilentProbing,randomized_smoothing,Base,25,70,0,415,15,0.97,1.0,0.8235294117647058,0.9032258064516129,0.9117647058823529
primary_43_SilentProbing_randomized_smoothing_Base,43,SilentProbing,randomized_smoothing,Base,26,63,0,415,22,0.956,1.0,0.7411764705882353,0.8513513513513514,0.8705882352941177
primary_43_SilentProbing_randomized_smoothing_Base,43,SilentProbing,randomized_smoothing,Base,27,61,0,415,24,0.952,1.0,0.7176470588235294,0.8356164383561643,0.8588235294117648
primary_43_SilentProbing_randomized_smoothing_Base,43,SilentProbing,randomized_smoothing,Base,28,70,0,415,15,0.97,1.0,0.8235294117647058,0.9032258064516129,0.9117647058823529
primary_43_SilentProbing_randomized_smoothing_Base,43,SilentProbing,randomized_smoothing,Base,29,67,0,415,18,0.964,1.0,0.788235294117647,0.8815789473684211,0.8941176470588235
primary_43_SilentProbing_randomized_smoothing_Base,43,SilentProbing,randomized_smoothing,Base,30,71,0,415,14,0.972,1.0,0.8352941176470589,0.9102564102564102,0.9176470588235295
primary_43_SilentProbing_randomized_smoothing_Base,43,SilentProbing,randomized_smoothing,Base,31,67,0,415,18,0.964,1.0,0.788235294117647,0.8815789473684211,0.8941176470588235
primary_43_SilentProbing_randomized_smoothing_Base,43,SilentProbing,randomized_smoothing,Base,32,67,0,415,18,0.964,1.0,0.788235294117647,0.8815789473684211,0.8941176470588235
primary_43_SilentProbing_randomized_smoothing_Base,43,SilentProbing,randomized_smoothing,Base,33,67,0,415,18,0.964,1.0,0.788235294117647,0.8815789473684211,0.8941176470588235
primary_43_SilentProbing_randomized_smoothing_Base,43,SilentProbing,randomized_smoothing,Base,34,65,0,415,20,0.96,1.0,0.7647058823529411,0.8666666666666666,0.8823529411764706
primary_43_SilentProbing_randomized_smoothing_Base,43,SilentProbing,randomized_smoothing,Base,35,63,0,415,22,0.956,1.0,0.7411764705882353,0.8513513513513514,0.8705882352941177
primary_43_SilentProbing_randomized_smoothing_Base,43,SilentProbing,randomized_smoothing,Base,36,68,0,415,17,0.966,1.0,0.8,0.888888888888889,0.9
primary_43_SilentProbing_randomized_smoothing_Base,43,SilentProbing,randomized_smoothing,Base,37,74,0,415,11,0.978,1.0,0.8705882352941177,0.9308176100628931,0.9352941176470588
primary_43_SilentProbing_randomized_smoothing_Base,43,SilentProbing,randomized_smoothing,Base,38,70,0,415,15,0.97,1.0,0.8235294117647058,0.9032258064516129,0.9117647058823529
primary_43_SilentProbing_randomized_smoothing_Base,43,SilentProbing,randomized_smoothing,Base,39,67,0,415,18,0.964,1.0,0.788235294117647,0.8815789473684211,0.8941176470588235
primary_43_SilentProbing_randomized_smoothing_Base,43,SilentProbing,randomized_smoothing,Base,40,75,0,415,10,0.98,1.0,0.8823529411764706,0.9375,0.9411764705882353
primary_43_SilentProbing_randomized_smoothing_Base,43,SilentProbing,randomized_smoothing,Base,41,72,0,415,13,0.974,1.0,0.8470588235294118,0.9171974522292993,0.9235294117647059
primary_43_SilentProbing_randomized_smoothing_Base,43,SilentProbing,randomized_smoothing,Base,42,69,0,415,16,0.968,1.0,0.8117647058823529,0.8961038961038961,0.9058823529411765
primary_43_SilentProbing_randomized_smoothing_Base,43,SilentProbing,randomized_smoothing,Base,43,67,0,415,18,0.964,1.0,0.788235294117647,0.8815789473684211,0.8941176470588235
primary_43_SilentProbing_randomized_smoothing_Base,43,SilentProbing,randomized_smoothing,Base,44,64,0,415,21,0.958,1.0,0.7529411764705882,0.8590604026845637,0.8764705882352941
primary_43_SilentProbing_randomized_smoothing_Base,43,SilentProbing,randomized_smoothing,Base,45,72,0,415,13,0.974,1.0,0.8470588235294118,0.9171974522292993,0.9235294117647059
primary_43_SilentProbing_randomized_smoothing_Base,43,SilentProbing,randomized_smoothing,Base,46,73,0,415,12,0.976,1.0,0.8588235294117647,0.9240506329113923,0.9294117647058824
primary_43_SilentProbing_randomized_smoothing_Base,43,SilentProbing,randomized_smoothing,Base,47,68,0,415,17,0.966,1.0,0.8,0.888888888888889,0.9
primary_43_SilentProbing_randomized_smoothing_Base,43,SilentProbing,randomized_smoothing,Base,48,75,0,415,10,0.98,1.0,0.8823529411764706,0.9375,0.9411764705882353
primary_43_SilentProbing_randomized_smoothing_Base,43,SilentProbing,randomized_smoothing,Base,49,68,0,415,17,0.966,1.0,0.8,0.888888888888889,0.9
primary_43_SilentProbing_randomized_smoothing_Base,43,SilentProbing,randomized_smoothing,Base,50,70,0,415,15,0.97,1.0,0.8235294117647058,0.9032258064516129,0.9117647058823529
primary_43_SilentProbing_randomized_smoothing_Base,43,SilentProbing,randomized_smoothing,Base,51,73,0,415,12,0.976,1.0,0.8588235294117647,0.9240506329113923,0.9294117647058824
primary_43_SilentProbing_randomized_smoothing_Base,43,SilentProbing,randomized_smoothing,Base,52,67,0,415,18,0.964,1.0,0.788235294117647,0.8815789473684211,0.8941176470588235
primary_43_SilentProbing_randomized_smoothing_Base,43,SilentProbing,randomized_smoothing,Base,53,61,0,415,24,0.952,1.0,0.7176470588235294,0.8356164383561643,0.8588235294117648
primary_43_SilentProbing_randomized_smoothing_Base,43,SilentProbing,randomized_smoothing,Base,54,66,0,415,19,0.962,1.0,0.7764705882352941,0.8741721854304636,0.888235294117647
primary_43_SilentProbing_randomized_smoothing_Base,43,SilentProbing,randomized_smoothing,Base,55,66,0,415,19,0.962,1.0,0.7764705882352941,0.8741721854304636,0.888235294117647
primary_43_SilentProbing_randomized_smoothing_Base,43,SilentProbing,randomized_smoothing,Base,56,69,0,415,16,0.968,1.0,0.8117647058823529,0.8961038961038961,0.9058823529411765
primary_43_SilentProbing_randomized_smoothing_Base,43,SilentProbing,randomized_smoothing,Base,57,68,0,415,17,0.966,1.0,0.8,0.888888888888889,0.9
primary_43_SilentProbing_randomized_smoothing_Base,43,SilentProbing,randomized_smoothing,Base,58,69,0,415,16,0.968,1.0,0.8117647058823529,0.8961038961038961,0.9058823529411765
primary_43_SilentProbing_randomized_smoothing_Base,43,SilentProbing,randomized_smoothing,Base,59,70,0,415,15,0.97,1.0,0.8235294117647058,0.9032258064516129,0.9117647058823529
primary_43_SilentProbing_randomized_smoothing_Base,43,SilentProbing,randomized_smoothing,Base,60,63,0,415,22,0.956,1.0,0.7411764705882353,0.8513513513513514,0.8705882352941177
primary_43_SilentProbing_randomized_smoothing_Base,43,SilentProbing,randomized_smoothing,Base,61,69,0,415,16,0.968,1.0,0.8117647058823529,0.8961038961038961,0.9058823529411765
primary_43_SilentProbing_randomized_smoothing_Base,43,SilentProbing,randomized_smoothing,Base,62,68,0,415,17,0.966,1.0,0.8,0.888888888888889,0.9
primary_43_SilentProbing_randomized_smoothing_Base,43,SilentProbing,randomized_smoothing,Base,63,69,0,415,16,0.968,1.0,0.8117647058823529,0.8961038961038961,0.9058823529411765
primary_43_SilentProbing_randomized_smoothing_Base,43,SilentProbing,randomized_smoothing,Base,64,68,0,415,17,0.966,1.0,0.8,0.888888888888889,0.9
primary_43_SilentProbing_randomized_smoothing_Base,43,SilentProbing,randomized_smoothing,Base,65,65,0,415,20,0.96,1.0,0.7647058823529411,0.8666666666666666,0.8823529411764706
primary_43_SilentProbing_randomized_smoothing_Base,43,SilentProbing,randomized_smoothing,Base,66,69,0,415,16,0.968,1.0,0.8117647058823529,0.8961038961038961,0.9058823529411765
primary_43_SilentProbing_randomized_smoothing_Base,43,SilentProbing,randomized_smoothing,Base,67,72,0,415,13,0.974,1.0,0.8470588235294118,0.9171974522292993,0.9235294117647059
primary_43_SilentProbing_randomized_smoothing_Base,43,SilentProbing,randomized_smoothing,Base,68,67,0,415,18,0.964,1.0,0.788235294117647,0.8815789473684211,0.8941176470588235
primary_43_SilentProbing_randomized_smoothing_Base,43,SilentProbing,randomized_smoothing,Base,69,68,1,414,17,0.964,0.9855072463768116,0.8,0.8831168831168831,0.8987951807228916
primary_43_SilentProbing_randomized_smoothing_Base,43,SilentProbing,randomized_smoothing,Base,70,70,0,415,15,0.97,1.0,0.8235294117647058,0.9032258064516129,0.9117647058823529
primary_43_SilentProbing_randomized_smoothing_Base,43,SilentProbing,randomized_smoothing,Base,71,69,0,415,16,0.968,1.0,0.8117647058823529,0.8961038961038961,0.9058823529411765
primary_43_SilentProbing_randomized_smoothing_Base,43,SilentProbing,randomized_smoothing,Base,72,68,0,415,17,0.966,1.0,0.8,0.888888888888889,0.9
primary_43_SilentProbing_randomized_smoothing_Base,43,SilentProbing,randomized_smoothing,Base,73,67,0,415,18,0.964,1.0,0.788235294117647,0.8815789473684211,0.8941176470588235
primary_43_SilentProbing_randomized_smoothing_Base,43,SilentProbing,randomized_smoothing,Base,74,78,0,415,7,0.986,1.0,0.9176470588235294,0.9570552147239264,0.9588235294117646
primary_43_SilentProbing_randomized_smoothing_Base,43,SilentProbing,randomized_smoothing,Base,75,69,0,415,16,0.968,1.0,0.8117647058823529,0.8961038961038961,0.9058823529411765
primary_43_SilentProbing_randomized_smoothing_Base,43,SilentProbing,randomized_smoothing,Base,76,70,0,415,15,0.97,1.0,0.8235294117647058,0.9032258064516129,0.9117647058823529
primary_43_SilentProbing_randomized_smoothing_Base,43,SilentProbing,randomized_smoothing,Base,77,71,0,415,14,0.972,1.0,0.8352941176470589,0.9102564102564102,0.9176470588235295
primary_43_SilentProbing_randomized_smoothing_Base,43,SilentProbing,randomized_smoothing,Base,78,71,0,415,14,0.972,1.0,0.8352941176470589,0.9102564102564102,0.9176470588235295
primary_43_SilentProbing_randomized_smoothing_Base,43,SilentProbing,randomized_smoothing,Base,79,68,0,415,17,0.966,1.0,0.8,0.888888888888889,0.9
primary_43_SilentProbing_randomized_smoothing_Base,43,SilentProbing,randomized_smoothing,Base,80,67,0,415,18,0.964,1.0,0.788235294117647,0.8815789473684211,0.8941176470588235
primary_43_SilentProbing_randomized_smoothing_Base,43,SilentProbing,randomized_smoothing,Base,81,69,0,415,16,0.968,1.0,0.8117647058823529,0.8961038961038961,0.9058823529411765
primary_43_SilentProbing_randomized_smoothing_Base,43,SilentProbing,randomized_smoothing,Base,82,71,0,415,14,0.972,1.0,0.8352941176470589,0.9102564102564102,0.9176470588235295
primary_43_SilentProbing_randomized_smoothing_Base,43,SilentProbing,randomized_smoothing,Base,83,62,0,415,23,0.954,1.0,0.7294117647058823,0.8435374149659863,0.8647058823529412
primary_43_SilentProbing_randomized_smoothing_Base,43,SilentProbing,randomized_smoothing,Base,84,72,0,415,13,0.974,1.0,0.8470588235294118,0.9171974522292993,0.9235294117647059
primary_43_SilentProbing_randomized_smoothing_Base,43,SilentProbing,randomized_smoothing,Base,85,67,0,415,18,0.964,1.0,0.788235294117647,0.8815789473684211,0.8941176470588235
primary_43_SilentProbing_randomized_smoothing_Base,43,SilentProbing,randomized_smoothing,Base,86,70,1,414,15,0.968,0.9859154929577465,0.8235294117647058,0.8974358974358974,0.9105598866052445
primary_43_SilentProbing_randomized_smoothing_Base,43,SilentProbing,randomized_smoothing,Base,87,64,0,415,21,0.958,1.0,0.7529411764705882,0.8590604026845637,0.8764705882352941
primary_43_SilentProbing_randomized_smoothing_Base,43,SilentProbing,randomized_smoothing,Base,88,65,0,415,20,0.96,1.0,0.7647058823529411,0.8666666666666666,0.8823529411764706
primary_43_SilentProbing_randomized_smoothing_Base,43,SilentProbing,randomized_smoothing,Base,89,71,0,415,14,0.972,1.0,0.8352941176470589,0.9102564102564102,0.9176470588235295
primary_43_SilentProbing_randomized_smoothing_Base,43,SilentProbing,randomized_smoothing,Base,90,67,0,415,18,0.964,1.0,0.788235294117647,0.8815789473684211,0.8941176470588235
primary_43_SilentProbing_randomized_smoothing_Base,43,SilentProbing,randomized_smoothing,Base,91,66,0,415,19,0.962,1.0,0.7764705882352941,0.8741721854304636,0.888235294117647
primary_43_SilentProbing_randomized_smoothing_Base,43,SilentProbing,randomized_smoothing,Base,92,64,0,415,21,0.958,1.0,0.7529411764705882,0.8590604026845637,0.8764705882352941
primary_43_SilentProbing_randomized_smoothing_Base,43,SilentProbing,randomized_smoothing,Base,93,72,0,415,13,0.974,1.0,0.8470588235294118,0.9171974522292993,0.9235294117647059
primary_43_SilentProbing_randomized_smoothing_Base,43,SilentProbing,randomized_smoothing,Base,94,68,0,415,17,0.966,1.0,0.8,0.888888888888889,0.9
primary_43_SilentProbing_randomized_smoothing_Base,43,SilentProbing,randomized_smoothing,Base,95,71,0,415,14,0.972,1.0,0.8352941176470589,0.9102564102564102,0.9176470588235295
primary_43_SilentProbing_randomized_smoothing_Base,43,SilentProbing,randomized_smoothing,Base,96,66,0,415,19,0.962,1.0,0.7764705882352941,0.8741721854304636,0.888235294117647
primary_43_SilentProbing_randomized_smoothing_Base,43,SilentProbing,randomized_smoothing,Base,97,65,0,415,20,0.96,1.0,0.7647058823529411,0.8666666666666666,0.8823529411764706
primary_43_SilentProbing_randomized_smoothing_Base,43,SilentProbing,randomized_smoothing,Base,98,71,0,415,14,0.972,1.0,0.8352941176470589,0.9102564102564102,0.9176470588235295
primary_43_SilentProbing_randomized_smoothing_Base,43,SilentProbing,randomized_smoothing,Base,99,62,0,415,23,0.954,1.0,0.7294117647058823,0.8435374149659863,0.8647058823529412
primary_43_SilentProbing_randomized_smoothing_Base,43,SilentProbing,randomized_smoothing,Base,100,75,0,415,10,0.98,1.0,0.8823529411764706,0.9375,0.9411764705882353
primary_43_SilentProbing_randomized_smoothing_Base,43,SilentProbing,randomized_smoothing,Base,101,65,0,415,20,0.96,1.0,0.7647058823529411,0.8666666666666666,0.8823529411764706
primary_43_SilentProbing_randomized_smoothing_Base,43,SilentProbing,randomized_smoothing,Base,102,70,0,415,15,0.97,1.0,0.8235294117647058,0.9032258064516129,0.9117647058823529
primary_43_SilentProbing_randomized_smoothing_Base,43,SilentProbing,randomized_smoothing,Base,103,71,0,415,14,0.972,1.0,0.8352941176470589,0.9102564102564102,0.9176470588235295
primary_43_SilentProbing_randomized_smoothing_Base,43,SilentProbing,randomized_smoothing,Base,104,72,0,415,13,0.974,1.0,0.8470588235294118,0.9171974522292993,0.9235294117647059
primary_43_SilentProbing_randomized_smoothing_Base,43,SilentProbing,randomized_smoothing,Base,105,72,0,415,13,0.974,1.0,0.8470588235294118,0.9171974522292993,0.9235294117647059
primary_43_SilentProbing_randomized_smoothing_Base,43,SilentProbing,randomized_smoothing,Base,106,69,0,415,16,0.968,1.0,0.8117647058823529,0.8961038961038961,0.9058823529411765
primary_43_SilentProbing_randomized_smoothing_Base,43,SilentProbing,randomized_smoothing,Base,107,65,0,415,20,0.96,1.0,0.7647058823529411,0.8666666666666666,0.8823529411764706
primary_43_SilentProbing_randomized_smoothing_Base,43,SilentProbing,randomized_smoothing,Base,108,71,0,415,14,0.972,1.0,0.8352941176470589,0.9102564102564102,0.9176470588235295
primary_43_SilentProbing_randomized_smoothing_Base,43,SilentProbing,randomized_smoothing,Base,109,65,0,415,20,0.96,1.0,0.7647058823529411,0.8666666666666666,0.8823529411764706
primary_43_SilentProbing_randomized_smoothing_Base,43,SilentProbing,randomized_smoothing,Base,110,66,1,414,19,0.96,0.9850746268656716,0.7764705882352941,0.8684210526315789,0.8870304748405387
primary_43_SilentProbing_randomized_smoothing_Base,43,SilentProbing,randomized_smoothing,Base,111,71,0,415,14,0.972,1.0,0.8352941176470589,0.9102564102564102,0.9176470588235295
primary_43_SilentProbing_randomized_smoothing_Base,43,SilentProbing,randomized_smoothing,Base,112,72,0,415,13,0.974,1.0,0.8470588235294118,0.9171974522292993,0.9235294117647059
primary_43_SilentProbing_randomized_smoothing_Base,43,SilentProbing,randomized_smoothing,Base,113,67,0,415,18,0.964,1.0,0.788235294117647,0.8815789473684211,0.8941176470588235
primary_43_SilentProbing_randomized_smoothing_Base,43,SilentProbing,randomized_smoothing,Base,114,66,0,415,19,0.962,1.0,0.7764705882352941,0.8741721854304636,0.888235294117647
primary_43_SilentProbing_randomized_smoothing_Base,43,SilentProbing,randomized_smoothing,Base,115,67,0,415,18,0.964,1.0,0.788235294117647,0.8815789473684211,0.8941176470588235
primary_43_SilentProbing_randomized_smoothing_Base,43,SilentProbing,randomized_smoothing,Base,116,62,0,415,23,0.954,1.0,0.7294117647058823,0.8435374149659863,0.8647058823529412
primary_43_SilentProbing_randomized_smoothing_Base,43,SilentProbing,randomized_smoothing,Base,117,70,0,415,15,0.97,1.0,0.8235294117647058,0.9032258064516129,0.9117647058823529
primary_43_SilentProbing_randomized_smoothing_Base,43,SilentProbing,randomized_smoothing,Base,118,70,0,415,15,0.97,1.0,0.8235294117647058,0.9032258064516129,0.9117647058823529
primary_43_SilentProbing_randomized_smoothing_Base,43,SilentProbing,randomized_smoothing,Base,119,73,0,415,12,0.976,1.0,0.8588235294117647,0.9240506329113923,0.9294117647058824
primary_43_SilentProbing_randomized_smoothing_Base,43,SilentProbing,randomized_smoothing,Base,120,76,0,415,9,0.982,1.0,0.8941176470588236,0.9440993788819877,0.9470588235294117
primary_43_SilentProbing_randomized_smoothing_Base,43,SilentProbing,randomized_smoothing,Base,121,71,0,415,14,0.972,1.0,0.8352941176470589,0.9102564102564102,0.9176470588235295
primary_43_SilentProbing_randomized_smoothing_Base,43,SilentProbing,randomized_smoothing,Base,122,71,0,415,14,0.972,1.0,0.8352941176470589,0.9102564102564102,0.9176470588235295
primary_43_SilentProbing_randomized_smoothing_Base,43,SilentProbing,randomized_smoothing,Base,123,67,0,415,18,0.964,1.0,0.788235294117647,0.8815789473684211,0.8941176470588235
primary_43_SilentProbing_randomized_smoothing_Base,43,SilentProbing,randomized_smoothing,Base,124,65,0,415,20,0.96,1.0,0.7647058823529411,0.8666666666666666,0.8823529411764706
primary_43_SilentProbing_randomized_smoothing_Base,43,SilentProbing,randomized_smoothing,Base,125,70,0,415,15,0.97,1.0,0.8235294117647058,0.9032258064516129,0.9117647058823529
primary_43_SilentProbing_randomized_smoothing_Base,43,SilentProbing,randomized_smoothing,Base,126,75,0,415,10,0.98,1.0,0.8823529411764706,0.9375,0.9411764705882353
primary_43_SilentProbing_randomized_smoothing_Base,43,SilentProbing,randomized_smoothing,Base,127,63,0,415,22,0.956,1.0,0.7411764705882353,0.8513513513513514,0.8705882352941177
primary_43_SilentProbing_randomized_smoothing_Base,43,SilentProbing,randomized_smoothing,Base,128,71,0,415,14,0.972,1.0,0.8352941176470589,0.9102564102564102,0.9176470588235295
primary_43_SilentProbing_randomized_smoothing_Base,43,SilentProbing,randomized_smoothing,Base,129,68,0,415,17,0.966,1.0,0.8,0.888888888888889,0.9
primary_43_SilentProbing_randomized_smoothing_Base,43,SilentProbing,randomized_smoothing,Base,130,74,0,415,11,0.978,1.0,0.8705882352941177,0.9308176100628931,0.9352941176470588
primary_43_SilentProbing_randomized_smoothing_Base,43,SilentProbing,randomized_smoothing,Base,131,65,0,415,20,0.96,1.0,0.7647058823529411,0.8666666666666666,0.8823529411764706
primary_43_SilentProbing_randomized_smoothing_Base,43,SilentProbing,randomized_smoothing,Base,132,65,0,415,20,0.96,1.0,0.7647058823529411,0.8666666666666666,0.8823529411764706
primary_43_SilentProbing_randomized_smoothing_Base,43,SilentProbing,randomized_smoothing,Base,133,69,0,415,16,0.968,1.0,0.8117647058823529,0.8961038961038961,0.9058823529411765
primary_43_SilentProbing_randomized_smoothing_Base,43,SilentProbing,randomized_smoothing,Base,134,63,0,415,22,0.956,1.0,0.7411764705882353,0.8513513513513514,0.8705882352941177
primary_43_SilentProbing_randomized_smoothing_Base,43,SilentProbing,randomized_smoothing,Base,135,70,0,415,15,0.97,1.0,0.8235294117647058,0.9032258064516129,0.9117647058823529
primary_43_SilentProbing_randomized_smoothing_Base,43,SilentProbing,randomized_smoothing,Base,136,71,0,415,14,0.972,1.0,0.8352941176470589,0.9102564102564102,0.9176470588235295
primary_43_SilentProbing_randomized_smoothing_Base,43,SilentProbing,randomized_smoothing,Base,137,71,0,415,14,0.972,1.0,0.8352941176470589,0.9102564102564102,0.9176470588235295
primary_43_SilentProbing_randomized_smoothing_Base,43,SilentProbing,randomized_smoothing,Base,138,71,0,415,14,0.972,1.0,0.8352941176470589,0.9102564102564102,0.9176470588235295
primary_43_SilentProbing_randomized_smoothing_Base,43,SilentProbing,randomized_smoothing,Base,139,68,0,415,17,0.966,1.0,0.8,0.888888888888889,0.9
primary_43_SilentProbing_randomized_smoothing_Base,43,SilentProbing,randomized_smoothing,Base,140,70,0,415,15,0.97,1.0,0.8235294117647058,0.9032258064516129,0.9117647058823529
primary_43_SilentProbing_randomized_smoothing_Base,43,SilentProbing,randomized_smoothing,Base,141,69,0,415,16,0.968,1.0,0.8117647058823529,0.8961038961038961,0.9058823529411765
primary_43_SilentProbing_randomized_smoothing_Base,43,SilentProbing,randomized_smoothing,Base,142,68,0,415,17,0.966,1.0,0.8,0.888888888888889,0.9
primary_43_SilentProbing_randomized_smoothing_Base,43,SilentProbing,randomized_smoothing,Base,143,73,0,415,12,0.976,1.0,0.8588235294117647,0.9240506329113923,0.9294117647058824
primary_43_SilentProbing_randomized_smoothing_C1,43,SilentProbing,randomized_smoothing,C1,0,71,0,414,15,0.97,1.0,0.8255813953488372,0.9044585987261146,0.9127906976744187
primary_43_SilentProbing_randomized_smoothing_C1,43,SilentProbing,randomized_smoothing,C1,1,72,0,414,14,0.972,1.0,0.8372093023255814,0.9113924050632911,0.9186046511627908
primary_43_SilentProbing_randomized_smoothing_C1,43,SilentProbing,randomized_smoothing,C1,2,79,1,413,7,0.984,0.9875,0.9186046511627907,0.9518072289156626,0.9580945961127962
primary_43_SilentProbing_randomized_smoothing_C1,43,SilentProbing,randomized_smoothing,C1,3,76,0,414,10,0.98,1.0,0.8837209302325582,0.9382716049382717,0.9418604651162791
primary_43_SilentProbing_randomized_smoothing_C1,43,SilentProbing,randomized_smoothing,C1,4,80,0,414,6,0.988,1.0,0.9302325581395349,0.963855421686747,0.9651162790697674
primary_43_SilentProbing_randomized_smoothing_C1,43,SilentProbing,randomized_smoothing,C1,5,83,0,414,3,0.994,1.0,0.9651162790697675,0.9822485207100593,0.9825581395348837
primary_43_SilentProbing_randomized_smoothing_C1,43,SilentProbing,randomized_smoothing,C1,6,78,0,414,8,0.984,1.0,0.9069767441860465,0.951219512195122,0.9534883720930232
primary_43_SilentProbing_randomized_smoothing_C1,43,SilentProbing,randomized_smoothing,C1,7,78,0,414,8,0.984,1.0,0.9069767441860465,0.951219512195122,0.9534883720930232
primary_43_SilentProbing_randomized_smoothing_C1,43,SilentProbing,randomized_smoothing,C1,8,78,0,414,8,0.984,1.0,0.9069767441860465,0.951219512195122,0.9534883720930232
primary_43_SilentProbing_randomized_smoothing_C1,43,SilentProbing,randomized_smoothing,C1,9,84,0,414,2,0.996,1.0,0.9767441860465116,0.988235294117647,0.9883720930232558
primary_43_SilentProbing_randomized_smoothing_C1,43,SilentProbing,randomized_smoothing,C1,10,80,0,414,6,0.988,1.0,0.9302325581395349,0.963855421686747,0.9651162790697674
primary_43_SilentProbing_randomized_smoothing_C1,43,SilentProbing,randomized_smoothing,C1,11,80,0,414,6,0.988,1.0,0.9302325581395349,0.963855421686747,0.9651162790697674
primary_43_SilentProbing_randomized_smoothing_C1,43,SilentProbing,randomized_smoothing,C1,12,83,0,414,3,0.994,1.0,0.9651162790697675,0.9822485207100593,0.9825581395348837
primary_43_SilentProbing_randomized_smoothing_C1,43,SilentProbing,randomized_smoothing,C1,13,84,0,414,2,0.996,1.0,0.9767441860465116,0.988235294117647,0.9883720930232558
primary_43_SilentProbing_randomized_smoothing_C1,43,SilentProbing,randomized_smoothing,C1,14,84,1,413,2,0.994,0.9882352941176471,0.9767441860465116,0.9824561403508771,0.9871643635546568
primary_43_SilentProbing_randomized_smoothing_C1,43,SilentProbing,randomized_smoothing,C1,15,83,0,414,3,0.994,1.0,0.9651162790697675,0.9822485207100593,0.9825581395348837
primary_43_SilentProbing_randomized_smoothing_C1,43,SilentProbing,randomized_smoothing,C1,16,78,1,413,8,0.982,0.9873417721518988,0.9069767441860465,0.9454545454545454,0.9522806426244241
primary_43_SilentProbing_randomized_smoothing_C1,43,SilentProbing,randomized_smoothing,C1,17,84,0,415,1,0.998,1.0,0.9882352941176471,0.9940828402366864,0.9941176470588236
primary_43_SilentProbing_randomized_smoothing_C1,43,SilentProbing,randomized_smoothing,C1,18,80,0,415,5,0.99,1.0,0.9411764705882353,0.9696969696969697,0.9705882352941176
primary_43_SilentProbing_randomized_smoothing_C1,43,SilentProbing,randomized_smoothing,C1,19,83,0,415,2,0.996,1.0,0.9764705882352941,0.988095238095238,0.9882352941176471
primary_43_SilentProbing_randomized_smoothing_C1,43,SilentProbing,randomized_smoothing,C1,20,75,0,415,10,0.98,1.0,0.8823529411764706,0.9375,0.9411764705882353
primary_43_SilentProbing_randomized_smoothing_C1,43,SilentProbing,randomized_smoothing,C1,21,75,1,414,10,0.978,0.9868421052631579,0.8823529411764706,0.9316770186335402,0.9399716513111269
primary_43_SilentProbing_randomized_smoothing_C1,43,SilentProbing,randomized_smoothing,C1,22,77,0,415,8,0.984,1.0,0.9058823529411765,0.9506172839506173,0.9529411764705882
primary_43_SilentProbing_randomized_smoothing_C1,43,SilentProbing,randomized_smoothing,C1,23,80,0,415,5,0.99,1.0,0.9411764705882353,0.9696969696969697,0.9705882352941176
primary_43_SilentProbing_randomized_smoothing_C1,43,SilentProbing,randomized_smoothing,C1,24,80,0,415,5,0.99,1.0,0.9411764705882353,0.9696969696969697,0.9705882352941176
primary_43_SilentProbing_randomized_smoothing_C1,43,SilentProbing,randomized_smoothing,C1,25,77,0,415,8,0.984,1.0,0.9058823529411765,0.9506172839506173,0.9529411764705882
primary_43_SilentProbing_randomized_smoothing_C1,43,SilentProbing,randomized_smoothing,C1,26,77,0,415,8,0.984,1.0,0.9058823529411765,0.9506172839506173,0.9529411764705882
primary_43_SilentProbing_randomized_smoothing_C1,43,SilentProbing,randomized_smoothing,C1,27,77,0,415,8,0.984,1.0,0.9058823529411765,0.9506172839506173,0.9529411764705882
primary_43_SilentProbing_randomized_smoothing_C1,43,SilentProbing,randomized_smoothing,C1,28,79,0,415,6,0.988,1.0,0.9294117647058824,0.9634146341463414,0.9647058823529412
primary_43_SilentProbing_randomized_smoothing_C1,43,SilentProbing,randomized_smoothing,C1,29,80,0,415,5,0.99,1.0,0.9411764705882353,0.9696969696969697,0.9705882352941176
primary_43_SilentProbing_randomized_smoothing_C1,43,SilentProbing,randomized_smoothing,C1,30,79,0,415,6,0.988,1.0,0.9294117647058824,0.9634146341463414,0.9647058823529412
primary_43_SilentProbing_randomized_smoothing_C1,43,SilentProbing,randomized_smoothing,C1,31,78,0,415,7,0.986,1.0,0.9176470588235294,0.9570552147239264,0.9588235294117646
primary_43_SilentProbing_randomized_smoothing_C1,43,SilentProbing,randomized_smoothing,C1,32,80,0,415,5,0.99,1.0,0.9411764705882353,0.9696969696969697,0.9705882352941176
primary_43_SilentProbing_randomized_smoothing_C1,43,SilentProbing,randomized_smoothing,C1,33,81,0,415,4,0.992,1.0,0.9529411764705882,0.9759036144578312,0.9764705882352941
primary_43_SilentProbing_randomized_smoothing_C1,43,SilentProbing,randomized_smoothing,C1,34,79,1,414,6,0.986,0.9875,0.9294117647058824,0.9575757575757576,0.9635010630758327
primary_43_SilentProbing_randomized_smoothing_C1,43,SilentProbing,randomized_smoothing,C1,35,75,0,415,10,0.98,1.0,0.8823529411764706,0.9375,0.9411764705882353
primary_43_SilentProbing_randomized_smoothing_C1,43,SilentProbing,randomized_smoothing,C1,36,79,0,415,6,0.988,1.0,0.9294117647058824,0.9634146341463414,0.9647058823529412
primary_43_SilentProbing_randomized_smoothing_C1,43,SilentProbing,randomized_smoothing,C1,37,81,1,414,4,0.99,0.9878048780487805,0.9529411764705882,0.9700598802395209,0.9752657689581856
primary_43_SilentProbing_randomized_smoothing_C1,43,SilentProbing,randomized_smoothing,C1,38,81,0,415,4,0.992,1.0,0.9529411764705882,0.9759036144578312,0.9764705882352941
primary_43_SilentProbing_randomized_smoothing_C1,43,SilentProbing,randomized_smoothing,C1,39,81,0,415,4,0.992,1.0,0.9529411764705882,0.9759036144578312,0.9764705882352941
primary_43_SilentProbing_randomized_smoothing_C1,43,SilentProbing,randomized_smoothing,C1,40,82,0,415,3,0.994,1.0,0.9647058823529412,0.9820359281437125,0.9823529411764707
primary_43_SilentProbing_randomized_smoothing_C1,43,SilentProbing,randomized_smoothing,C1,41,82,0,415,3,0.994,1.0,0.9647058823529412,0.9820359281437125,0.9823529411764707
primary_43_SilentProbing_randomized_smoothing_C1,43,SilentProbing,randomized_smoothing,C1,42,81,0,415,4,0.992,1.0,0.9529411764705882,0.9759036144578312,0.9764705882352941
primary_43_SilentProbing_randomized_smoothing_C1,43,SilentProbing,randomized_smoothing,C1,43,78,1,414,7,0.984,0.9873417721518988,0.9176470588235294,0.9512195121951219,0.9576187101346563
primary_43_SilentProbing_randomized_smoothing_C1,43,SilentProbing,randomized_smoothing,C1,44,79,0,415,6,0.988,1.0,0.9294117647058824,0.9634146341463414,0.9647058823529412
primary_43_SilentProbing_randomized_smoothing_C1,43,SilentProbing,randomized_smoothing,C1,45,81,1,414,4,0.99,0.9878048780487805,0.9529411764705882,0.9700598802395209,0.9752657689581856
primary_43_SilentProbing_randomized_smoothing_C1,43,SilentProbing,randomized_smoothing,C1,46,81,1,414,4,0.99,0.9878048780487805,0.9529411764705882,0.9700598802395209,0.9752657689581856
primary_43_SilentProbing_randomized_smoothing_C1,43,SilentProbing,randomized_smoothing,C1,47,76,0,415,9,0.982,1.0,0.8941176470588236,0.9440993788819877,0.9470588235294117
primary_43_SilentProbing_randomized_smoothing_C1,43,SilentProbing,randomized_smoothing,C1,48,81,0,415,4,0.992,1.0,0.9529411764705882,0.9759036144578312,0.9764705882352941
primary_43_SilentProbing_randomized_smoothing_C1,43,SilentProbing,randomized_smoothing,C1,49,77,0,415,8,0.984,1.0,0.9058823529411765,0.9506172839506173,0.9529411764705882
primary_43_SilentProbing_randomized_smoothing_C1,43,SilentProbing,randomized_smoothing,C1,50,81,0,415,4,0.992,1.0,0.9529411764705882,0.9759036144578312,0.9764705882352941
primary_43_SilentProbing_randomized_smoothing_C1,43,SilentProbing,randomized_smoothing,C1,51,80,1,414,5,0.988,0.9876543209876543,0.9411764705882353,0.963855421686747,0.9693834160170092
primary_43_SilentProbing_randomized_smoothing_C1,43,SilentProbing,randomized_smoothing,C1,52,80,0,415,5,0.99,1.0,0.9411764705882353,0.9696969696969697,0.9705882352941176
primary_43_SilentProbing_randomized_smoothing_C1,43,SilentProbing,randomized_smoothing,C1,53,77,1,414,8,0.982,0.9871794871794872,0.9058823529411765,0.9447852760736197,0.9517363571934798
primary_43_SilentProbing_randomized_smoothing_C1,43,SilentProbing,randomized_smoothing,C1,54,82,0,415,3,0.994,1.0,0.9647058823529412,0.9820359281437125,0.9823529411764707
primary_43_SilentProbing_randomized_smoothing_C1,43,SilentProbing,randomized_smoothing,C1,55,78,0,415,7,0.986,1.0,0.9176470588235294,0.9570552147239264,0.9588235294117646
primary_43_SilentProbing_randomized_smoothing_C1,43,SilentProbing,randomized_smoothing,C1,56,78,0,415,7,0.986,1.0,0.9176470588235294,0.9570552147239264,0.9588235294117646
primary_43_SilentProbing_randomized_smoothing_C1,43,SilentProbing,randomized_smoothing,C1,57,81,0,415,4,0.992,1.0,0.9529411764705882,0.9759036144578312,0.9764705882352941
primary_43_SilentProbing_randomized_smoothing_C1,43,SilentProbing,randomized_smoothing,C1,58,82,2,413,3,0.99,0.9761904761904762,0.9647058823529412,0.9704142011834319,0.9799433026222537
primary_43_SilentProbing_randomized_smoothing_C1,43,SilentProbing,randomized_smoothing,C1,59,78,0,415,7,0.986,1.0,0.9176470588235294,0.9570552147239264,0.9588235294117646
primary_43_SilentProbing_randomized_smoothing_C1,43,SilentProbing,randomized_smoothing,C1,60,81,0,415,4,0.992,1.0,0.9529411764705882,0.9759036144578312,0.9764705882352941
primary_43_SilentProbing_randomized_smoothing_C1,43,SilentProbing,randomized_smoothing,C1,61,78,0,415,7,0.986,1.0,0.9176470588235294,0.9570552147239264,0.9588235294117646
primary_43_SilentProbing_randomized_smoothing_C1,43,SilentProbing,randomized_smoothing,C1,62,81,0,415,4,0.992,1.0,0.9529411764705882,0.9759036144578312,0.9764705882352941
primary_43_SilentProbing_randomized_smoothing_C1,43,SilentProbing,randomized_smoothing,C1,63,77,0,415,8,0.984,1.0,0.9058823529411765,0.9506172839506173,0.9529411764705882
primary_43_SilentProbing_randomized_smoothing_C1,43,SilentProbing,randomized_smoothing,C1,64,77,0,415,8,0.984,1.0,0.9058823529411765,0.9506172839506173,0.9529411764705882
primary_43_SilentProbing_randomized_smoothing_C1,43,SilentProbing,randomized_smoothing,C1,65,78,0,415,7,0.986,1.0,0.9176470588235294,0.9570552147239264,0.9588235294117646
primary_43_SilentProbing_randomized_smoothing_C1,43,SilentProbing,randomized_smoothing,C1,66,81,0,415,4,0.992,1.0,0.9529411764705882,0.9759036144578312,0.9764705882352941
primary_43_SilentProbing_randomized_smoothing_C1,43,SilentProbing,randomized_smoothing,C1,67,81,0,415,4,0.992,1.0,0.9529411764705882,0.9759036144578312,0.9764705882352941
primary_43_SilentProbing_randomized_smoothing_C1,43,SilentProbing,randomized_smoothing,C1,68,79,0,415,6,0.988,1.0,0.9294117647058824,0.9634146341463414,0.9647058823529412
primary_43_SilentProbing_randomized_smoothing_C1,43,SilentProbing,randomized_smoothing,C1,69,80,2,413,5,0.986,0.975609756097561,0.9411764705882353,0.9580838323353293,0.9681785967399008
primary_43_SilentProbing_randomized_smoothing_C1,43,SilentProbing,randomized_smoothing,C1,70,82,0,415,3,0.994,1.0,0.9647058823529412,0.9820359281437125,0.9823529411764707
primary_43_SilentProbing_randomized_smoothing_C1,43,SilentProbing,randomized_smoothing,C1,71,77,0,415,8,0.984,1.0,0.9058823529411765,0.9506172839506173,0.9529411764705882
primary_43_SilentProbing_randomized_smoothing_C1,43,SilentProbing,randomized_smoothing,C1,72,78,0,415,7,0.986,1.0,0.9176470588235294,0.9570552147239264,0.9588235294117646
primary_43_SilentProbing_randomized_smoothing_C1,43,SilentProbing,randomized_smoothing,C1,73,77,1,414,8,0.982,0.9871794871794872,0.9058823529411765,0.9447852760736197,0.9517363571934798
primary_43_SilentProbing_randomized_smoothing_C1,43,SilentProbing,randomized_smoothing,C1,74,82,0,415,3,0.994,1.0,0.9647058823529412,0.9820359281437125,0.9823529411764707
primary_43_SilentProbing_randomized_smoothing_C1,43,SilentProbing,randomized_smoothing,C1,75,78,0,415,7,0.986,1.0,0.9176470588235294,0.9570552147239264,0.9588235294117646
primary_43_SilentProbing_randomized_smoothing_C1,43,SilentProbing,randomized_smoothing,C1,76,82,1,414,3,0.992,0.9879518072289156,0.9647058823529412,0.9761904761904762,0.9811481218993622
primary_43_SilentProbing_randomized_smoothing_C1,43,SilentProbing,randomized_smoothing,C1,77,80,0,415,5,0.99,1.0,0.9411764705882353,0.9696969696969697,0.9705882352941176
primary_43_SilentProbing_randomized_smoothing_C1,43,SilentProbing,randomized_smoothing,C1,78,83,0,415,2,0.996,1.0,0.9764705882352941,0.988095238095238,0.9882352941176471
primary_43_SilentProbing_randomized_smoothing_C1,43,SilentProbing,randomized_smoothing,C1,79,81,0,415,4,0.992,1.0,0.9529411764705882,0.9759036144578312,0.9764705882352941
primary_43_SilentProbing_randomized_smoothing_C1,43,SilentProbing,randomized_smoothing,C1,80,78,0,415,7,0.986,1.0,0.9176470588235294,0.9570552147239264,0.9588235294117646
primary_43_SilentProbing_randomized_smoothing_C1,43,SilentProbing,randomized_smoothing,C1,81,76,0,415,9,0.982,1.0,0.8941176470588236,0.9440993788819877,0.9470588235294117
primary_43_SilentProbing_randomized_smoothing_C1,43,SilentProbing,randomized_smoothing,C1,82,80,0,415,5,0.99,1.0,0.9411764705882353,0.9696969696969697,0.9705882352941176
primary_43_SilentProbing_randomized_smoothing_C1,43,SilentProbing,randomized_smoothing,C1,83,78,0,415,7,0.986,1.0,0.9176470588235294,0.9570552147239264,0.9588235294117646
primary_43_SilentProbing_randomized_smoothing_C1,43,SilentProbing,randomized_smoothing,C1,84,79,0,415,6,0.988,1.0,0.9294117647058824,0.9634146341463414,0.9647058823529412
primary_43_SilentProbing_randomized_smoothing_C1,43,SilentProbing,randomized_smoothing,C1,85,82,2,413,3,0.99,0.9761904761904762,0.9647058823529412,0.9704142011834319,0.9799433026222537
primary_43_SilentProbing_randomized_smoothing_C1,43,SilentProbing,randomized_smoothing,C1,86,76,2,413,9,0.978,0.9743589743589743,0.8941176470588236,0.9325153374233129,0.9446491849751949
primary_43_SilentProbing_randomized_smoothing_C1,43,SilentProbing,randomized_smoothing,C1,87,78,0,415,7,0.986,1.0,0.9176470588235294,0.9570552147239264,0.9588235294117646
primary_43_SilentProbing_randomized_smoothing_C1,43,SilentProbing,randomized_smoothing,C1,88,81,0,415,4,0.992,1.0,0.9529411764705882,0.9759036144578312,0.9764705882352941
primary_43_SilentProbing_randomized_smoothing_C1,43,SilentProbing,randomized_smoothing,C1,89,79,1,414,6,0.986,0.9875,0.9294117647058824,0.9575757575757576,0.9635010630758327
primary_43_SilentProbing_randomized_smoothing_C1,43,SilentProbing,randomized_smoothing,C1,90,82,1,414,3,0.992,0.9879518072289156,0.9647058823529412,0.9761904761904762,0.9811481218993622
primary_43_SilentProbing_randomized_smoothing_C1,43,SilentProbing,randomized_smoothing,C1,91,80,1,414,5,0.988,0.9876543209876543,0.9411764705882353,0.963855421686747,0.9693834160170092
primary_43_SilentProbing_randomized_smoothing_C1,43,SilentProbing,randomized_smoothing,C1,92,80,0,415,5,0.99,1.0,0.9411764705882353,0.9696969696969697,0.9705882352941176
primary_43_SilentProbing_randomized_smoothing_C1,43,SilentProbing,randomized_smoothing,C1,93,79,0,415,6,0.988,1.0,0.9294117647058824,0.9634146341463414,0.9647058823529412
primary_43_SilentProbing_randomized_smoothing_C1,43,SilentProbing,randomized_smoothing,C1,94,82,0,415,3,0.994,1.0,0.9647058823529412,0.9820359281437125,0.9823529411764707
primary_43_SilentProbing_randomized_smoothing_C1,43,SilentProbing,randomized_smoothing,C1,95,82,1,414,3,0.992,0.9879518072289156,0.9647058823529412,0.9761904761904762,0.9811481218993622
primary_43_SilentProbing_randomized_smoothing_C1,43,SilentProbing,randomized_smoothing,C1,96,84,0,415,1,0.998,1.0,0.9882352941176471,0.9940828402366864,0.9941176470588236
primary_43_SilentProbing_randomized_smoothing_C1,43,SilentProbing,randomized_smoothing,C1,97,76,1,414,9,0.98,0.987012987012987,0.8941176470588236,0.9382716049382716,0.9458540042523034
primary_43_SilentProbing_randomized_smoothing_C1,43,SilentProbing,randomized_smoothing,C1,98,80,0,415,5,0.99,1.0,0.9411764705882353,0.9696969696969697,0.9705882352941176
primary_43_SilentProbing_randomized_smoothing_C1,43,SilentProbing,randomized_smoothing,C1,99,82,0,415,3,0.994,1.0,0.9647058823529412,0.9820359281437125,0.9823529411764707
primary_43_SilentProbing_randomized_smoothing_C1,43,SilentProbing,randomized_smoothing,C1,100,81,1,414,4,0.99,0.9878048780487805,0.9529411764705882,0.9700598802395209,0.9752657689581856
primary_43_SilentProbing_randomized_smoothing_C1,43,SilentProbing,randomized_smoothing,C1,101,81,0,415,4,0.992,1.0,0.9529411764705882,0.9759036144578312,0.9764705882352941
primary_43_SilentProbing_randomized_smoothing_C1,43,SilentProbing,randomized_smoothing,C1,102,82,0,415,3,0.994,1.0,0.9647058823529412,0.9820359281437125,0.9823529411764707
primary_43_SilentProbing_randomized_smoothing_C1,43,SilentProbing,randomized_smoothing,C1,103,81,0,415,4,0.992,1.0,0.9529411764705882,0.9759036144578312,0.9764705882352941
primary_43_SilentProbing_randomized_smoothing_C1,43,SilentProbing,randomized_smoothing,C1,104,82,0,415,3,0.994,1.0,0.9647058823529412,0.9820359281437125,0.9823529411764707
primary_43_SilentProbing_randomized_smoothing_C1,43,SilentProbing,randomized_smoothing,C1,105,82,0,415,3,0.994,1.0,0.9647058823529412,0.9820359281437125,0.9823529411764707
primary_43_SilentProbing_randomized_smoothing_C1,43,SilentProbing,randomized_smoothing,C1,106,79,0,415,6,0.988,1.0,0.9294117647058824,0.9634146341463414,0.9647058823529412
primary_43_SilentProbing_randomized_smoothing_C1,43,SilentProbing,randomized_smoothing,C1,107,79,0,415,6,0.988,1.0,0.9294117647058824,0.9634146341463414,0.9647058823529412
primary_43_SilentProbing_randomized_smoothing_C1,43,SilentProbing,randomized_smoothing,C1,108,81,0,415,4,0.992,1.0,0.9529411764705882,0.9759036144578312,0.9764705882352941
primary_43_SilentProbing_randomized_smoothing_C1,43,SilentProbing,randomized_smoothing,C1,109,78,0,415,7,0.986,1.0,0.9176470588235294,0.9570552147239264,0.9588235294117646
primary_43_SilentProbing_randomized_smoothing_C1,43,SilentProbing,randomized_smoothing,C1,110,78,1,414,7,0.984,0.9873417721518988,0.9176470588235294,0.9512195121951219,0.9576187101346563
primary_43_SilentProbing_randomized_smoothing_C1,43,SilentProbing,randomized_smoothing,C1,111,84,1,414,1,0.996,0.9882352941176471,0.9882352941176471,0.9882352941176471,0.9929128277817152
primary_43_SilentProbing_randomized_smoothing_C1,43,SilentProbing,randomized_smoothing,C1,112,81,1,414,4,0.99,0.9878048780487805,0.9529411764705882,0.9700598802395209,0.9752657689581856
primary_43_SilentProbing_randomized_smoothing_C1,43,SilentProbing,randomized_smoothing,C1,113,79,1,414,6,0.986,0.9875,0.9294117647058824,0.9575757575757576,0.9635010630758327
primary_43_SilentProbing_randomized_smoothing_C1,43,SilentProbing,randomized_smoothing,C1,114,80,0,415,5,0.99,1.0,0.9411764705882353,0.9696969696969697,0.9705882352941176
primary_43_SilentProbing_randomized_smoothing_C1,43,SilentProbing,randomized_smoothing,C1,115,78,0,415,7,0.986,1.0,0.9176470588235294,0.9570552147239264,0.9588235294117646
primary_43_SilentProbing_randomized_smoothing_C1,43,SilentProbing,randomized_smoothing,C1,116,78,1,414,7,0.984,0.9873417721518988,0.9176470588235294,0.9512195121951219,0.9576187101346563
primary_43_SilentProbing_randomized_smoothing_C1,43,SilentProbing,randomized_smoothing,C1,117,80,0,415,5,0.99,1.0,0.9411764705882353,0.9696969696969697,0.9705882352941176
primary_43_SilentProbing_randomized_smoothing_C1,43,SilentProbing,randomized_smoothing,C1,118,79,1,414,6,0.986,0.9875,0.9294117647058824,0.9575757575757576,0.9635010630758327
primary_43_SilentProbing_randomized_smoothing_C1,43,SilentProbing,randomized_smoothing,C1,119,80,0,415,5,0.99,1.0,0.9411764705882353,0.9696969696969697,0.9705882352941176
primary_43_SilentProbing_randomized_smoothing_C1,43,SilentProbing,randomized_smoothing,C1,120,82,0,415,3,0.994,1.0,0.9647058823529412,0.9820359281437125,0.9823529411764707
primary_43_SilentProbing_randomized_smoothing_C1,43,SilentProbing,randomized_smoothing,C1,121,81,0,415,4,0.992,1.0,0.9529411764705882,0.9759036144578312,0.9764705882352941
primary_43_SilentProbing_randomized_smoothing_C1,43,SilentProbing,randomized_smoothing,C1,122,80,0,415,5,0.99,1.0,0.9411764705882353,0.9696969696969697,0.9705882352941176
primary_43_SilentProbing_randomized_smoothing_C1,43,SilentProbing,randomized_smoothing,C1,123,76,0,415,9,0.982,1.0,0.8941176470588236,0.9440993788819877,0.9470588235294117
primary_43_SilentProbing_randomized_smoothing_C1,43,SilentProbing,randomized_smoothing,C1,124,80,1,414,5,0.988,0.9876543209876543,0.9411764705882353,0.963855421686747,0.9693834160170092
primary_43_SilentProbing_randomized_smoothing_C1,43,SilentProbing,randomized_smoothing,C1,125,82,2,413,3,0.99,0.9761904761904762,0.9647058823529412,0.9704142011834319,0.9799433026222537
primary_43_SilentProbing_randomized_smoothing_C1,43,SilentProbing,randomized_smoothing,C1,126,83,0,415,2,0.996,1.0,0.9764705882352941,0.988095238095238,0.9882352941176471
primary_43_SilentProbing_randomized_smoothing_C1,43,SilentProbing,randomized_smoothing,C1,127,77,0,415,8,0.984,1.0,0.9058823529411765,0.9506172839506173,0.9529411764705882
primary_43_SilentProbing_randomized_smoothing_C1,43,SilentProbing,randomized_smoothing,C1,128,83,0,415,2,0.996,1.0,0.9764705882352941,0.988095238095238,0.9882352941176471
primary_43_SilentProbing_randomized_smoothing_C1,43,SilentProbing,randomized_smoothing,C1,129,79,0,415,6,0.988,1.0,0.9294117647058824,0.9634146341463414,0.9647058823529412
primary_43_SilentProbing_randomized_smoothing_C1,43,SilentProbing,randomized_smoothing,C1,130,83,0,415,2,0.996,1.0,0.9764705882352941,0.988095238095238,0.9882352941176471
primary_43_SilentProbing_randomized_smoothing_C1,43,SilentProbing,randomized_smoothing,C1,131,80,1,414,5,0.988,0.9876543209876543,0.9411764705882353,0.963855421686747,0.9693834160170092
primary_43_SilentProbing_randomized_smoothing_C1,43,SilentProbing,randomized_smoothing,C1,132,78,0,415,7,0.986,1.0,0.9176470588235294,0.9570552147239264,0.9588235294117646
primary_43_SilentProbing_randomized_smoothing_C1,43,SilentProbing,randomized_smoothing,C1,133,81,1,414,4,0.99,0.9878048780487805,0.9529411764705882,0.9700598802395209,0.9752657689581856
primary_43_SilentProbing_randomized_smoothing_C1,43,SilentProbing,randomized_smoothing,C1,134,78,0,415,7,0.986,1.0,0.9176470588235294,0.9570552147239264,0.9588235294117646
primary_43_SilentProbing_randomized_smoothing_C1,43,SilentProbing,randomized_smoothing,C1,135,83,0,415,2,0.996,1.0,0.9764705882352941,0.988095238095238,0.9882352941176471
primary_43_SilentProbing_randomized_smoothing_C1,43,SilentProbing,randomized_smoothing,C1,136,82,0,415,3,0.994,1.0,0.9647058823529412,0.9820359281437125,0.9823529411764707
primary_43_SilentProbing_randomized_smoothing_C1,43,SilentProbing,randomized_smoothing,C1,137,79,2,413,6,0.984,0.9753086419753086,0.9294117647058824,0.9518072289156626,0.9622962437987244
primary_43_SilentProbing_randomized_smoothing_C1,43,SilentProbing,randomized_smoothing,C1,138,82,0,415,3,0.994,1.0,0.9647058823529412,0.9820359281437125,0.9823529411764707
primary_43_SilentProbing_randomized_smoothing_C1,43,SilentProbing,randomized_smoothing,C1,139,78,1,414,7,0.984,0.9873417721518988,0.9176470588235294,0.9512195121951219,0.9576187101346563
primary_43_SilentProbing_randomized_smoothing_C1,43,SilentProbing,randomized_smoothing,C1,140,79,0,415,6,0.988,1.0,0.9294117647058824,0.9634146341463414,0.9647058823529412
primary_43_SilentProbing_randomized_smoothing_C1,43,SilentProbing,randomized_smoothing,C1,141,78,0,415,7,0.986,1.0,0.9176470588235294,0.9570552147239264,0.9588235294117646
primary_43_SilentProbing_randomized_smoothing_C1,43,SilentProbing,randomized_smoothing,C1,142,84,0,415,1,0.998,1.0,0.9882352941176471,0.9940828402366864,0.9941176470588236
primary_43_SilentProbing_randomized_smoothing_C1,43,SilentProbing,randomized_smoothing,C1,143,81,0,415,4,0.992,1.0,0.9529411764705882,0.9759036144578312,0.9764705882352941
primary_43_SurrogateTransfer_afp_Base,43,SurrogateTransfer,afp,Base,0,73,0,414,13,0.974,1.0,0.8488372093023255,0.9182389937106918,0.9244186046511628
primary_43_SurrogateTransfer_afp_Base,43,SurrogateTransfer,afp,Base,1,67,0,414,19,0.962,1.0,0.7790697674418605,0.8758169934640523,0.8895348837209303
primary_43_SurrogateTransfer_afp_Base,43,SurrogateTransfer,afp,Base,2,71,1,413,15,0.968,0.9861111111111112,0.8255813953488372,0.8987341772151899,0.9115829682058196
primary_43_SurrogateTransfer_afp_Base,43,SurrogateTransfer,afp,Base,3,68,0,414,18,0.964,1.0,0.7906976744186046,0.8831168831168831,0.8953488372093024
primary_43_SurrogateTransfer_afp_Base,43,SurrogateTransfer,afp,Base,4,72,0,414,14,0.972,1.0,0.8372093023255814,0.9113924050632911,0.9186046511627908
primary_43_SurrogateTransfer_afp_Base,43,SurrogateTransfer,afp,Base,5,73,0,414,13,0.974,1.0,0.8488372093023255,0.9182389937106918,0.9244186046511628
primary_43_SurrogateTransfer_afp_Base,43,SurrogateTransfer,afp,Base,6,76,0,414,10,0.98,1.0,0.8837209302325582,0.9382716049382717,0.9418604651162791
primary_43_SurrogateTransfer_afp_Base,43,SurrogateTransfer,afp,Base,7,71,0,414,15,0.97,1.0,0.8255813953488372,0.9044585987261146,0.9127906976744187
primary_43_SurrogateTransfer_afp_Base,43,SurrogateTransfer,afp,Base,8,68,0,414,18,0.964,1.0,0.7906976744186046,0.8831168831168831,0.8953488372093024
primary_43_SurrogateTransfer_afp_Base,43,SurrogateTransfer,afp,Base,9,70,0,414,16,0.968,1.0,0.813953488372093,0.8974358974358974,0.9069767441860466
primary_43_SurrogateTransfer_afp_Base,43,SurrogateTransfer,afp,Base,10,72,0,414,14,0.972,1.0,0.8372093023255814,0.9113924050632911,0.9186046511627908
primary_43_SurrogateTransfer_afp_Base,43,SurrogateTransfer,afp,Base,11,67,0,414,19,0.962,1.0,0.7790697674418605,0.8758169934640523,0.8895348837209303
primary_43_SurrogateTransfer_afp_Base,43,SurrogateTransfer,afp,Base,12,72,0,414,14,0.972,1.0,0.8372093023255814,0.9113924050632911,0.9186046511627908
primary_43_SurrogateTransfer_afp_Base,43,SurrogateTransfer,afp,Base,13,75,0,414,11,0.978,1.0,0.872093023255814,0.9316770186335404,0.936046511627907
primary_43_SurrogateTransfer_afp_Base,43,SurrogateTransfer,afp,Base,14,73,0,414,13,0.974,1.0,0.8488372093023255,0.9182389937106918,0.9244186046511628
primary_43_SurrogateTransfer_afp_Base,43,SurrogateTransfer,afp,Base,15,71,0,414,15,0.97,1.0,0.8255813953488372,0.9044585987261146,0.9127906976744187
primary_43_SurrogateTransfer_afp_Base,43,SurrogateTransfer,afp,Base,16,67,0,414,19,0.962,1.0,0.7790697674418605,0.8758169934640523,0.8895348837209303
primary_43_SurrogateTransfer_afp_Base,43,SurrogateTransfer,afp,Base,17,78,0,415,7,0.986,1.0,0.9176470588235294,0.9570552147239264,0.9588235294117646
primary_43_SurrogateTransfer_afp_Base,43,SurrogateTransfer,afp,Base,18,65,0,415,20,0.96,1.0,0.7647058823529411,0.8666666666666666,0.8823529411764706
primary_43_SurrogateTransfer_afp_Base,43,SurrogateTransfer,afp,Base,19,71,0,415,14,0.972,1.0,0.8352941176470589,0.9102564102564102,0.9176470588235295
primary_43_SurrogateTransfer_afp_Base,43,SurrogateTransfer,afp,Base,20,63,0,415,22,0.956,1.0,0.7411764705882353,0.8513513513513514,0.8705882352941177
primary_43_SurrogateTransfer_afp_Base,43,SurrogateTransfer,afp,Base,21,67,1,414,18,0.962,0.9852941176470589,0.788235294117647,0.8758169934640523,0.8929128277817151
primary_43_SurrogateTransfer_afp_Base,43,SurrogateTransfer,afp,Base,22,71,0,415,14,0.972,1.0,0.8352941176470589,0.9102564102564102,0.9176470588235295
primary_43_SurrogateTransfer_afp_Base,43,SurrogateTransfer,afp,Base,23,70,0,415,15,0.97,1.0,0.8235294117647058,0.9032258064516129,0.9117647058823529
primary_43_SurrogateTransfer_afp_Base,43,SurrogateTransfer,afp,Base,24,70,0,415,15,0.97,1.0,0.8235294117647058,0.9032258064516129,0.9117647058823529
primary_43_SurrogateTransfer_afp_Base,43,SurrogateTransfer,afp,Base,25,69,0,415,16,0.968,1.0,0.8117647058823529,0.8961038961038961,0.9058823529411765
primary_43_SurrogateTransfer_afp_Base,43,SurrogateTransfer,afp,Base,26,64,0,415,21,0.958,1.0,0.7529411764705882,0.8590604026845637,0.8764705882352941
primary_43_SurrogateTransfer_afp_Base,43,SurrogateTransfer,afp,Base,27,63,0,415,22,0.956,1.0,0.7411764705882353,0.8513513513513514,0.8705882352941177
primary_43_SurrogateTransfer_afp_Base,43,SurrogateTransfer,afp,Base,28,72,0,415,13,0.974,1.0,0.8470588235294118,0.9171974522292993,0.9235294117647059
primary_43_SurrogateTransfer_afp_Base,43,SurrogateTransfer,afp,Base,29,67,0,415,18,0.964,1.0,0.788235294117647,0.8815789473684211,0.8941176470588235
primary_43_SurrogateTransfer_afp_Base,43,SurrogateTransfer,afp,Base,30,71,0,415,14,0.972,1.0,0.8352941176470589,0.9102564102564102,0.9176470588235295
primary_43_SurrogateTransfer_afp_Base,43,SurrogateTransfer,afp,Base,31,66,0,415,19,0.962,1.0,0.7764705882352941,0.8741721854304636,0.888235294117647
primary_43_SurrogateTransfer_afp_Base,43,SurrogateTransfer,afp,Base,32,68,0,415,17,0.966,1.0,0.8,0.888888888888889,0.9
primary_43_SurrogateTransfer_afp_Base,43,SurrogateTransfer,afp,Base,33,65,0,415,20,0.96,1.0,0.7647058823529411,0.8666666666666666,0.8823529411764706
primary_43_SurrogateTransfer_afp_Base,43,SurrogateTransfer,afp,Base,34,65,0,415,20,0.96,1.0,0.7647058823529411,0.8666666666666666,0.8823529411764706
primary_43_SurrogateTransfer_afp_Base,43,SurrogateTransfer,afp,Base,35,59,0,415,26,0.948,1.0,0.6941176470588235,0.8194444444444444,0.8470588235294118
primary_43_SurrogateTransfer_afp_Base,43,SurrogateTransfer,afp,Base,36,68,0,415,17,0.966,1.0,0.8,0.888888888888889,0.9
primary_43_SurrogateTransfer_afp_Base,43,SurrogateTransfer,afp,Base,37,74,0,415,11,0.978,1.0,0.8705882352941177,0.9308176100628931,0.9352941176470588
primary_43_SurrogateTransfer_afp_Base,43,SurrogateTransfer,afp,Base,38,69,0,415,16,0.968,1.0,0.8117647058823529,0.8961038961038961,0.9058823529411765
primary_43_SurrogateTransfer_afp_Base,43,SurrogateTransfer,afp,Base,39,66,0,415,19,0.962,1.0,0.7764705882352941,0.8741721854304636,0.888235294117647
primary_43_SurrogateTransfer_afp_Base,43,SurrogateTransfer,afp,Base,40,74,0,415,11,0.978,1.0,0.8705882352941177,0.9308176100628931,0.9352941176470588
primary_43_SurrogateTransfer_afp_Base,43,SurrogateTransfer,afp,Base,41,75,0,415,10,0.98,1.0,0.8823529411764706,0.9375,0.9411764705882353
primary_43_SurrogateTransfer_afp_Base,43,SurrogateTransfer,afp,Base,42,68,0,415,17,0.966,1.0,0.8,0.888888888888889,0.9
primary_43_SurrogateTransfer_afp_Base,43,SurrogateTransfer,afp,Base,43,67,0,415,18,0.964,1.0,0.788235294117647,0.8815789473684211,0.8941176470588235
primary_43_SurrogateTransfer_afp_Base,43,SurrogateTransfer,afp,Base,44,65,0,415,20,0.96,1.0,0.7647058823529411,0.8666666666666666,0.8823529411764706
primary_43_SurrogateTransfer_afp_Base,43,SurrogateTransfer,afp,Base,45,72,0,415,13,0.974,1.0,0.8470588235294118,0.9171974522292993,0.9235294117647059
primary_43_SurrogateTransfer_afp_Base,43,SurrogateTransfer,afp,Base,46,70,0,415,15,0.97,1.0,0.8235294117647058,0.9032258064516129,0.9117647058823529
primary_43_SurrogateTransfer_afp_Base,43,SurrogateTransfer,afp,Base,47,67,0,415,18,0.964,1.0,0.788235294117647,0.8815789473684211,0.8941176470588235
primary_43_SurrogateTransfer_afp_Base,43,SurrogateTransfer,afp,Base,48,72,0,415,13,0.974,1.0,0.8470588235294118,0.9171974522292993,0.9235294117647059
primary_43_SurrogateTransfer_afp_Base,43,SurrogateTransfer,afp,Base,49,70,0,415,15,0.97,1.0,0.8235294117647058,0.9032258064516129,0.9117647058823529
primary_43_SurrogateTransfer_afp_Base,43,SurrogateTransfer,afp,Base,50,70,0,415,15,0.97,1.0,0.8235294117647058,0.9032258064516129,0.9117647058823529
primary_43_SurrogateTransfer_afp_Base,43,SurrogateTransfer,afp,Base,51,71,0,415,14,0.972,1.0,0.8352941176470589,0.9102564102564102,0.9176470588235295
primary_43_SurrogateTransfer_afp_Base,43,SurrogateTransfer,afp,Base,52,67,0,415,18,0.964,1.0,0.788235294117647,0.8815789473684211,0.8941176470588235
primary_43_SurrogateTransfer_afp_Base,43,SurrogateTransfer,afp,Base,53,62,0,415,23,0.954,1.0,0.7294117647058823,0.8435374149659863,0.8647058823529412
primary_43_SurrogateTransfer_afp_Base,43,SurrogateTransfer,afp,Base,54,70,0,415,15,0.97,1.0,0.8235294117647058,0.9032258064516129,0.9117647058823529
primary_43_SurrogateTransfer_afp_Base,43,SurrogateTransfer,afp,Base,55,67,0,415,18,0.964,1.0,0.788235294117647,0.8815789473684211,0.8941176470588235
primary_43_SurrogateTransfer_afp_Base,43,SurrogateTransfer,afp,Base,56,70,0,415,15,0.97,1.0,0.8235294117647058,0.9032258064516129,0.9117647058823529
primary_43_SurrogateTransfer_afp_Base,43,SurrogateTransfer,afp,Base,57,69,0,415,16,0.968,1.0,0.8117647058823529,0.8961038961038961,0.9058823529411765
primary_43_SurrogateTransfer_afp_Base,43,SurrogateTransfer,afp,Base,58,69,0,415,16,0.968,1.0,0.8117647058823529,0.8961038961038961,0.9058823529411765
primary_43_SurrogateTransfer_afp_Base,43,SurrogateTransfer,afp,Base,59,70,0,415,15,0.97,1.0,0.8235294117647058,0.9032258064516129,0.9117647058823529
primary_43_SurrogateTransfer_afp_Base,43,SurrogateTransfer,afp,Base,60,67,0,415,18,0.964,1.0,0.788235294117647,0.8815789473684211,0.8941176470588235
primary_43_SurrogateTransfer_afp_Base,43,SurrogateTransfer,afp,Base,61,69,0,415,16,0.968,1.0,0.8117647058823529,0.8961038961038961,0.9058823529411765
primary_43_SurrogateTransfer_afp_Base,43,SurrogateTransfer,afp,Base,62,69,0,415,16,0.968,1.0,0.8117647058823529,0.8961038961038961,0.9058823529411765
primary_43_SurrogateTransfer_afp_Base,43,SurrogateTransfer,afp,Base,63,68,0,415,17,0.966,1.0,0.8,0.888888888888889,0.9
primary_43_SurrogateTransfer_afp_Base,43,SurrogateTransfer,afp,Base,64,64,0,415,21,0.958,1.0,0.7529411764705882,0.8590604026845637,0.8764705882352941
primary_43_SurrogateTransfer_afp_Base,43,SurrogateTransfer,afp,Base,65,65,0,415,20,0.96,1.0,0.7647058823529411,0.8666666666666666,0.8823529411764706
primary_43_SurrogateTransfer_afp_Base,43,SurrogateTransfer,afp,Base,66,66,0,415,19,0.962,1.0,0.7764705882352941,0.8741721854304636,0.888235294117647
primary_43_SurrogateTransfer_afp_Base,43,SurrogateTransfer,afp,Base,67,71,0,415,14,0.972,1.0,0.8352941176470589,0.9102564102564102,0.9176470588235295
primary_43_SurrogateTransfer_afp_Base,43,SurrogateTransfer,afp,Base,68,67,0,415,18,0.964,1.0,0.788235294117647,0.8815789473684211,0.8941176470588235
primary_43_SurrogateTransfer_afp_Base,43,SurrogateTransfer,afp,Base,69,68,1,414,17,0.964,0.9855072463768116,0.8,0.8831168831168831,0.8987951807228916
primary_43_SurrogateTransfer_afp_Base,43,SurrogateTransfer,afp,Base,70,72,0,415,13,0.974,1.0,0.8470588235294118,0.9171974522292993,0.9235294117647059
primary_43_SurrogateTransfer_afp_Base,43,SurrogateTransfer,afp,Base,71,70,1,414,15,0.968,0.9859154929577465,0.8235294117647058,0.8974358974358974,0.9105598866052445
primary_43_SurrogateTransfer_afp_Base,43,SurrogateTransfer,afp,Base,72,67,0,415,18,0.964,1.0,0.788235294117647,0.8815789473684211,0.8941176470588235
primary_43_SurrogateTransfer_afp_Base,43,SurrogateTransfer,afp,Base,73,66,0,415,19,0.962,1.0,0.7764705882352941,0.8741721854304636,0.888235294117647
primary_43_SurrogateTransfer_afp_Base,43,SurrogateTransfer,afp,Base,74,77,0,415,8,0.984,1.0,0.9058823529411765,0.9506172839506173,0.9529411764705882
primary_43_SurrogateTransfer_afp_Base,43,SurrogateTransfer,afp,Base,75,69,0,415,16,0.968,1.0,0.8117647058823529,0.8961038961038961,0.9058823529411765
primary_43_SurrogateTransfer_afp_Base,43,SurrogateTransfer,afp,Base,76,71,0,415,14,0.972,1.0,0.8352941176470589,0.9102564102564102,0.9176470588235295
primary_43_SurrogateTransfer_afp_Base,43,SurrogateTransfer,afp,Base,77,69,0,415,16,0.968,1.0,0.8117647058823529,0.8961038961038961,0.9058823529411765
primary_43_SurrogateTransfer_afp_Base,43,SurrogateTransfer,afp,Base,78,73,0,415,12,0.976,1.0,0.8588235294117647,0.9240506329113923,0.9294117647058824
primary_43_SurrogateTransfer_afp_Base,43,SurrogateTransfer,afp,Base,79,67,0,415,18,0.964,1.0,0.788235294117647,0.8815789473684211,0.8941176470588235
primary_43_SurrogateTransfer_afp_Base,43,SurrogateTransfer,afp,Base,80,64,0,415,21,0.958,1.0,0.7529411764705882,0.8590604026845637,0.8764705882352941
primary_43_SurrogateTransfer_afp_Base,43,SurrogateTransfer,afp,Base,81,68,0,415,17,0.966,1.0,0.8,0.888888888888889,0.9
primary_43_SurrogateTransfer_afp_Base,43,SurrogateTransfer,afp,Base,82,71,0,415,14,0.972,1.0,0.8352941176470589,0.9102564102564102,0.9176470588235295
primary_43_SurrogateTransfer_afp_Base,43,SurrogateTransfer,afp,Base,83,63,0,415,22,0.956,1.0,0.7411764705882353,0.8513513513513514,0.8705882352941177
primary_43_SurrogateTransfer_afp_Base,43,SurrogateTransfer,afp,Base,84,72,0,415,13,0.974,1.0,0.8470588235294118,0.9171974522292993,0.9235294117647059
primary_43_SurrogateTransfer_afp_Base,43,SurrogateTransfer,afp,Base,85,68,0,415,17,0.966,1.0,0.8,0.888888888888889,0.9
primary_43_SurrogateTransfer_afp_Base,43,SurrogateTransfer,afp,Base,86,68,1,414,17,0.964,0.9855072463768116,0.8,0.8831168831168831,0.8987951807228916
primary_43_SurrogateTransfer_afp_Base,43,SurrogateTransfer,afp,Base,87,65,0,415,20,0.96,1.0,0.7647058823529411,0.8666666666666666,0.8823529411764706
primary_43_SurrogateTransfer_afp_Base,43,SurrogateTransfer,afp,Base,88,66,0,415,19,0.962,1.0,0.7764705882352941,0.8741721854304636,0.888235294117647
primary_43_SurrogateTransfer_afp_Base,43,SurrogateTransfer,afp,Base,89,73,0,415,12,0.976,1.0,0.8588235294117647,0.9240506329113923,0.9294117647058824
primary_43_SurrogateTransfer_afp_Base,43,SurrogateTransfer,afp,Base,90,69,0,415,16,0.968,1.0,0.8117647058823529,0.8961038961038961,0.9058823529411765
primary_43_SurrogateTransfer_afp_Base,43,SurrogateTransfer,afp,Base,91,70,0,415,15,0.97,1.0,0.8235294117647058,0.9032258064516129,0.9117647058823529
primary_43_SurrogateTransfer_afp_Base,43,SurrogateTransfer,afp,Base,92,66,0,415,19,0.962,1.0,0.7764705882352941,0.8741721854304636,0.888235294117647
primary_43_SurrogateTransfer_afp_Base,43,SurrogateTransfer,afp,Base,93,72,0,415,13,0.974,1.0,0.8470588235294118,0.9171974522292993,0.9235294117647059
primary_43_SurrogateTransfer_afp_Base,43,SurrogateTransfer,afp,Base,94,68,0,415,17,0.966,1.0,0.8,0.888888888888889,0.9
primary_43_SurrogateTransfer_afp_Base,43,SurrogateTransfer,afp,Base,95,71,0,415,14,0.972,1.0,0.8352941176470589,0.9102564102564102,0.9176470588235295
primary_43_SurrogateTransfer_afp_Base,43,SurrogateTransfer,afp,Base,96,67,0,415,18,0.964,1.0,0.788235294117647,0.8815789473684211,0.8941176470588235
primary_43_SurrogateTransfer_afp_Base,43,SurrogateTransfer,afp,Base,97,66,0,415,19,0.962,1.0,0.7764705882352941,0.8741721854304636,0.888235294117647
primary_43_SurrogateTransfer_afp_Base,43,SurrogateTransfer,afp,Base,98,70,0,415,15,0.97,1.0,0.8235294117647058,0.9032258064516129,0.9117647058823529
primary_43_SurrogateTransfer_afp_Base,43,SurrogateTransfer,afp,Base,99,63,0,415,22,0.956,1.0,0.7411764705882353,0.8513513513513514,0.8705882352941177
primary_43_SurrogateTransfer_afp_Base,43,SurrogateTransfer,afp,Base,100,71,0,415,14,0.972,1.0,0.8352941176470589,0.9102564102564102,0.9176470588235295
primary_43_SurrogateTransfer_afp_Base,43,SurrogateTransfer,afp,Base,101,68,0,415,17,0.966,1.0,0.8,0.888888888888889,0.9
primary_43_SurrogateTransfer_afp_Base,43,SurrogateTransfer,afp,Base,102,70,0,415,15,0.97,1.0,0.8235294117647058,0.9032258064516129,0.9117647058823529
primary_43_SurrogateTransfer_afp_Base,43,SurrogateTransfer,afp,Base,103,69,0,415,16,0.968,1.0,0.8117647058823529,0.8961038961038961,0.9058823529411765
primary_43_SurrogateTransfer_afp_Base,43,SurrogateTransfer,afp,Base,104,73,0,415,12,0.976,1.0,0.8588235294117647,0.9240506329113923,0.9294117647058824
primary_43_SurrogateTransfer_afp_Base,43,SurrogateTransfer,afp,Base,105,71,0,415,14,0.972,1.0,0.8352941176470589,0.9102564102564102,0.9176470588235295
primary_43_SurrogateTransfer_afp_Base,43,SurrogateTransfer,afp,Base,106,70,0,415,15,0.97,1.0,0.8235294117647058,0.9032258064516129,0.9117647058823529
primary_43_SurrogateTransfer_afp_Base,43,SurrogateTransfer,afp,Base,107,64,0,415,21,0.958,1.0,0.7529411764705882,0.8590604026845637,0.8764705882352941
primary_43_SurrogateTransfer_afp_Base,43,SurrogateTransfer,afp,Base,108,73,0,415,12,0.976,1.0,0.8588235294117647,0.9240506329113923,0.9294117647058824
primary_43_SurrogateTransfer_afp_Base,43,SurrogateTransfer,afp,Base,109,62,0,415,23,0.954,1.0,0.7294117647058823,0.8435374149659863,0.8647058823529412
primary_43_SurrogateTransfer_afp_Base,43,SurrogateTransfer,afp,Base,110,63,1,414,22,0.954,0.984375,0.7411764705882353,0.8456375838926175,0.8693834160170093
primary_43_SurrogateTransfer_afp_Base,43,SurrogateTransfer,afp,Base,111,72,0,415,13,0.974,1.0,0.8470588235294118,0.9171974522292993,0.9235294117647059
primary_43_SurrogateTransfer_afp_Base,43,SurrogateTransfer,afp,Base,112,72,1,414,13,0.972,0.9863013698630136,0.8470588235294118,0.9113924050632911,0.9223245924875975
primary_43_SurrogateTransfer_afp_Base,43,SurrogateTransfer,afp,Base,113,69,0,415,16,0.968,1.0,0.8117647058823529,0.8961038961038961,0.9058823529411765
primary_43_SurrogateTransfer_afp_Base,43,SurrogateTransfer,afp,Base,114,65,0,415,20,0.96,1.0,0.7647058823529411,0.8666666666666666,0.8823529411764706
primary_43_SurrogateTransfer_afp_Base,43,SurrogateTransfer,afp,Base,115,68,0,415,17,0.966,1.0,0.8,0.888888888888889,0.9
primary_43_SurrogateTransfer_afp_Base,43,SurrogateTransfer,afp,Base,116,60,1,414,25,0.948,0.9836065573770492,0.7058823529411765,0.8219178082191781,0.8517363571934798
primary_43_SurrogateTransfer_afp_Base,43,SurrogateTransfer,afp,Base,117,72,0,415,13,0.974,1.0,0.8470588235294118,0.9171974522292993,0.9235294117647059
primary_43_SurrogateTransfer_afp_Base,43,SurrogateTransfer,afp,Base,118,69,0,415,16,0.968,1.0,0.8117647058823529,0.8961038961038961,0.9058823529411765
primary_43_SurrogateTransfer_afp_Base,43,SurrogateTransfer,afp,Base,119,70,0,415,15,0.97,1.0,0.8235294117647058,0.9032258064516129,0.9117647058823529
primary_43_SurrogateTransfer_afp_Base,43,SurrogateTransfer,afp,Base,120,75,0,415,10,0.98,1.0,0.8823529411764706,0.9375,0.9411764705882353
primary_43_SurrogateTransfer_afp_Base,43,SurrogateTransfer,afp,Base,121,71,0,415,14,0.972,1.0,0.8352941176470589,0.9102564102564102,0.9176470588235295
primary_43_SurrogateTransfer_afp_Base,43,SurrogateTransfer,afp,Base,122,72,0,415,13,0.974,1.0,0.8470588235294118,0.9171974522292993,0.9235294117647059
primary_43_SurrogateTransfer_afp_Base,43,SurrogateTransfer,afp,Base,123,68,0,415,17,0.966,1.0,0.8,0.888888888888889,0.9
primary_43_SurrogateTransfer_afp_Base,43,SurrogateTransfer,afp,Base,124,63,0,415,22,0.956,1.0,0.7411764705882353,0.8513513513513514,0.8705882352941177
primary_43_SurrogateTransfer_afp_Base,43,SurrogateTransfer,afp,Base,125,72,0,415,13,0.974,1.0,0.8470588235294118,0.9171974522292993,0.9235294117647059
primary_43_SurrogateTransfer_afp_Base,43,SurrogateTransfer,afp,Base,126,75,0,415,10,0.98,1.0,0.8823529411764706,0.9375,0.9411764705882353
primary_43_SurrogateTransfer_afp_Base,43,SurrogateTransfer,afp,Base,127,65,0,415,20,0.96,1.0,0.7647058823529411,0.8666666666666666,0.8823529411764706
primary_43_SurrogateTransfer_afp_Base,43,SurrogateTransfer,afp,Base,128,72,0,415,13,0.974,1.0,0.8470588235294118,0.9171974522292993,0.9235294117647059
primary_43_SurrogateTransfer_afp_Base,43,SurrogateTransfer,afp,Base,129,67,0,415,18,0.964,1.0,0.788235294117647,0.8815789473684211,0.8941176470588235
primary_43_SurrogateTransfer_afp_Base,43,SurrogateTransfer,afp,Base,130,72,0,415,13,0.974,1.0,0.8470588235294118,0.9171974522292993,0.9235294117647059
primary_43_SurrogateTransfer_afp_Base,43,SurrogateTransfer,afp,Base,131,69,0,415,16,0.968,1.0,0.8117647058823529,0.8961038961038961,0.9058823529411765
primary_43_SurrogateTransfer_afp_Base,43,SurrogateTransfer,afp,Base,132,63,0,415,22,0.956,1.0,0.7411764705882353,0.8513513513513514,0.8705882352941177
primary_43_SurrogateTransfer_afp_Base,43,SurrogateTransfer,afp,Base,133,67,0,415,18,0.964,1.0,0.788235294117647,0.8815789473684211,0.8941176470588235
primary_43_SurrogateTransfer_afp_Base,43,SurrogateTransfer,afp,Base,134,65,0,415,20,0.96,1.0,0.7647058823529411,0.8666666666666666,0.8823529411764706
primary_43_SurrogateTransfer_afp_Base,43,SurrogateTransfer,afp,Base,135,69,0,415,16,0.968,1.0,0.8117647058823529,0.8961038961038961,0.9058823529411765
primary_43_SurrogateTransfer_afp_Base,43,SurrogateTransfer,afp,Base,136,71,0,415,14,0.972,1.0,0.8352941176470589,0.9102564102564102,0.9176470588235295
primary_43_SurrogateTransfer_afp_Base,43,SurrogateTransfer,afp,Base,137,71,0,415,14,0.972,1.0,0.8352941176470589,0.9102564102564102,0.9176470588235295
primary_43_SurrogateTransfer_afp_Base,43,SurrogateTransfer,afp,Base,138,69,0,415,16,0.968,1.0,0.8117647058823529,0.8961038961038961,0.9058823529411765
primary_43_SurrogateTransfer_afp_Base,43,SurrogateTransfer,afp,Base,139,68,0,415,17,0.966,1.0,0.8,0.888888888888889,0.9
primary_43_SurrogateTransfer_afp_Base,43,SurrogateTransfer,afp,Base,140,69,0,415,16,0.968,1.0,0.8117647058823529,0.8961038961038961,0.9058823529411765
primary_43_SurrogateTransfer_afp_Base,43,SurrogateTransfer,afp,Base,141,69,0,415,16,0.968,1.0,0.8117647058823529,0.8961038961038961,0.9058823529411765
primary_43_SurrogateTransfer_afp_Base,43,SurrogateTransfer,afp,Base,142,66,0,415,19,0.962,1.0,0.7764705882352941,0.8741721854304636,0.888235294117647
primary_43_SurrogateTransfer_afp_Base,43,SurrogateTransfer,afp,Base,143,74,0,415,11,0.978,1.0,0.8705882352941177,0.9308176100628931,0.9352941176470588
primary_43_SurrogateTransfer_afp_C1,43,SurrogateTransfer,afp,C1,0,73,0,414,13,0.974,1.0,0.8488372093023255,0.9182389937106918,0.9244186046511628
primary_43_SurrogateTransfer_afp_C1,43,SurrogateTransfer,afp,C1,1,69,0,414,17,0.966,1.0,0.8023255813953488,0.8903225806451612,0.9011627906976745
primary_43_SurrogateTransfer_afp_C1,43,SurrogateTransfer,afp,C1,2,79,1,413,7,0.984,0.9875,0.9186046511627907,0.9518072289156626,0.9580945961127962
primary_43_SurrogateTransfer_afp_C1,43,SurrogateTransfer,afp,C1,3,76,0,414,10,0.98,1.0,0.8837209302325582,0.9382716049382717,0.9418604651162791
primary_43_SurrogateTransfer_afp_C1,43,SurrogateTransfer,afp,C1,4,81,0,414,5,0.99,1.0,0.9418604651162791,0.970059880239521,0.9709302325581395
primary_43_SurrogateTransfer_afp_C1,43,SurrogateTransfer,afp,C1,5,82,0,414,4,0.992,1.0,0.9534883720930233,0.9761904761904763,0.9767441860465116
primary_43_SurrogateTransfer_afp_C1,43,SurrogateTransfer,afp,C1,6,79,0,414,7,0.986,1.0,0.9186046511627907,0.9575757575757576,0.9593023255813953
primary_43_SurrogateTransfer_afp_C1,43,SurrogateTransfer,afp,C1,7,77,0,414,9,0.982,1.0,0.8953488372093024,0.9447852760736196,0.9476744186046512
primary_43_SurrogateTransfer_afp_C1,43,SurrogateTransfer,afp,C1,8,79,0,414,7,0.986,1.0,0.9186046511627907,0.9575757575757576,0.9593023255813953
primary_43_SurrogateTransfer_afp_C1,43,SurrogateTransfer,afp,C1,9,82,0,414,4,0.992,1.0,0.9534883720930233,0.9761904761904763,0.9767441860465116
primary_43_SurrogateTransfer_afp_C1,43,SurrogateTransfer,afp,C1,10,80,1,413,6,0.986,0.9876543209876543,0.9302325581395349,0.9580838323353293,0.9639085496011683
primary_43_SurrogateTransfer_afp_C1,43,SurrogateTransfer,afp,C1,11,80,0,414,6,0.988,1.0,0.9302325581395349,0.963855421686747,0.9651162790697674
primary_43_SurrogateTransfer_afp_C1,43,SurrogateTransfer,afp,C1,12,82,0,414,4,0.992,1.0,0.9534883720930233,0.9761904761904763,0.9767441860465116
primary_43_SurrogateTransfer_afp_C1,43,SurrogateTransfer,afp,C1,13,84,0,414,2,0.996,1.0,0.9767441860465116,0.988235294117647,0.9883720930232558
primary_43_SurrogateTransfer_afp_C1,43,SurrogateTransfer,afp,C1,14,83,1,413,3,0.992,0.9880952380952381,0.9651162790697675,0.9764705882352942,0.9813504100662847
primary_43_SurrogateTransfer_afp_C1,43,SurrogateTransfer,afp,C1,15,81,0,414,5,0.99,1.0,0.9418604651162791,0.970059880239521,0.9709302325581395
primary_43_SurrogateTransfer_afp_C1,43,SurrogateTransfer,afp,C1,16,76,0,414,10,0.98,1.0,0.8837209302325582,0.9382716049382717,0.9418604651162791
primary_43_SurrogateTransfer_afp_C1,43,SurrogateTransfer,afp,C1,17,84,0,415,1,0.998,1.0,0.9882352941176471,0.9940828402366864,0.9941176470588236
primary_43_SurrogateTransfer_afp_C1,43,SurrogateTransfer,afp,C1,18,79,0,415,6,0.988,1.0,0.9294117647058824,0.9634146341463414,0.9647058823529412
primary_43_SurrogateTransfer_afp_C1,43,SurrogateTransfer,afp,C1,19,84,0,415,1,0.998,1.0,0.9882352941176471,0.9940828402366864,0.9941176470588236
primary_43_SurrogateTransfer_afp_C1,43,SurrogateTransfer,afp,C1,20,74,1,414,11,0.976,0.9866666666666667,0.8705882352941177,0.925,0.9340892983699505
primary_43_SurrogateTransfer_afp_C1,43,SurrogateTransfer,afp,C1,21,76,1,414,9,0.98,0.987012987012987,0.8941176470588236,0.9382716049382716,0.9458540042523034
primary_43_SurrogateTransfer_afp_C1,43,SurrogateTransfer,afp,C1,22,78,0,415,7,0.986,1.0,0.9176470588235294,0.9570552147239264,0.9588235294117646
primary_43_SurrogateTransfer_afp_C1,43,SurrogateTransfer,afp,C1,23,81,0,415,4,0.992,1.0,0.9529411764705882,0.9759036144578312,0.9764705882352941
primary_43_SurrogateTransfer_afp_C1,43,SurrogateTransfer,afp,C1,24,80,1,414,5,0.988,0.9876543209876543,0.9411764705882353,0.963855421686747,0.9693834160170092
primary_43_SurrogateTransfer_afp_C1,43,SurrogateTransfer,afp,C1,25,77,0,415,8,0.984,1.0,0.9058823529411765,0.9506172839506173,0.9529411764705882
primary_43_SurrogateTransfer_afp_C1,43,SurrogateTransfer,afp,C1,26,77,0,415,8,0.984,1.0,0.9058823529411765,0.9506172839506173,0.9529411764705882
primary_43_SurrogateTransfer_afp_C1,43,SurrogateTransfer,afp,C1,27,77,0,415,8,0.984,1.0,0.9058823529411765,0.9506172839506173,0.9529411764705882
primary_43_SurrogateTransfer_afp_C1,43,SurrogateTransfer,afp,C1,28,79,0,415,6,0.988,1.0,0.9294117647058824,0.9634146341463414,0.9647058823529412
primary_43_SurrogateTransfer_afp_C1,43,SurrogateTransfer,afp,C1,29,80,0,415,5,0.99,1.0,0.9411764705882353,0.9696969696969697,0.9705882352941176
primary_43_SurrogateTransfer_afp_C1,43,SurrogateTransfer,afp,C1,30,79,0,415,6,0.988,1.0,0.9294117647058824,0.9634146341463414,0.9647058823529412
primary_43_SurrogateTransfer_afp_C1,43,SurrogateTransfer,afp,C1,31,78,0,415,7,0.986,1.0,0.9176470588235294,0.9570552147239264,0.9588235294117646
primary_43_SurrogateTransfer_afp_C1,43,SurrogateTransfer,afp,C1,32,80,0,415,5,0.99,1.0,0.9411764705882353,0.9696969696969697,0.9705882352941176
primary_43_SurrogateTransfer_afp_C1,43,SurrogateTransfer,afp,C1,33,81,0,415,4,0.992,1.0,0.9529411764705882,0.9759036144578312,0.9764705882352941
primary_43_SurrogateTransfer_afp_C1,43,SurrogateTransfer,afp,C1,34,79,1,414,6,0.986,0.9875,0.9294117647058824,0.9575757575757576,0.9635010630758327
primary_43_SurrogateTransfer_afp_C1,43,SurrogateTransfer,afp,C1,35,75,0,415,10,0.98,1.0,0.8823529411764706,0.9375,0.9411764705882353
primary_43_SurrogateTransfer_afp_C1,43,SurrogateTransfer,afp,C1,36,79,0,415,6,0.988,1.0,0.9294117647058824,0.9634146341463414,0.9647058823529412
primary_43_SurrogateTransfer_afp_C1,43,SurrogateTransfer,afp,C1,37,81,1,414,4,0.99,0.9878048780487805,0.9529411764705882,0.9700598802395209,0.9752657689581856
primary_43_SurrogateTransfer_afp_C1,43,SurrogateTransfer,afp,C1,38,81,0,415,4,0.992,1.0,0.9529411764705882,0.9759036144578312,0.9764705882352941
primary_43_SurrogateTransfer_afp_C1,43,SurrogateTransfer,afp,C1,39,81,0,415,4,0.992,1.0,0.9529411764705882,0.9759036144578312,0.9764705882352941
primary_43_SurrogateTransfer_afp_C1,43,SurrogateTransfer,afp,C1,40,82,0,415,3,0.994,1.0,0.9647058823529412,0.9820359281437125,0.9823529411764707
primary_43_SurrogateTransfer_afp_C1,43,SurrogateTransfer,afp,C1,41,82,0,415,3,0.994,1.0,0.9647058823529412,0.9820359281437125,0.9823529411764707
primary_43_SurrogateTransfer_afp_C1,43,SurrogateTransfer,afp,C1,42,81,0,415,4,0.992,1.0,0.9529411764705882,0.9759036144578312,0.9764705882352941
primary_43_SurrogateTransfer_afp_C1,43,SurrogateTransfer,afp,C1,43,78,1,414,7,0.984,0.9873417721518988,0.9176470588235294,0.9512195121951219,0.9576187101346563
primary_43_SurrogateTransfer_afp_C1,43,SurrogateTransfer,afp,C1,44,79,0,415,6,0.988,1.0,0.9294117647058824,0.9634146341463414,0.9647058823529412
primary_43_SurrogateTransfer_afp_C1,43,SurrogateTransfer,afp,C1,45,81,1,414,4,0.99,0.9878048780487805,0.9529411764705882,0.9700598802395209,0.9752657689581856
primary_43_SurrogateTransfer_afp_C1,43,SurrogateTransfer,afp,C1,46,81,1,414,4,0.99,0.9878048780487805,0.9529411764705882,0.9700598802395209,0.9752657689581856
primary_43_SurrogateTransfer_afp_C1,43,SurrogateTransfer,afp,C1,47,76,0,415,9,0.982,1.0,0.8941176470588236,0.9440993788819877,0.9470588235294117
primary_43_SurrogateTransfer_afp_C1,43,SurrogateTransfer,afp,C1,48,81,0,415,4,0.992,1.0,0.9529411764705882,0.9759036144578312,0.9764705882352941
primary_43_SurrogateTransfer_afp_C1,43,SurrogateTransfer,afp,C1,49,77,0,415,8,0.984,1.0,0.9058823529411765,0.9506172839506173,0.9529411764705882
primary_43_SurrogateTransfer_afp_C1,43,SurrogateTransfer,afp,C1,50,81,0,415,4,0.992,1.0,0.9529411764705882,0.9759036144578312,0.9764705882352941
primary_43_SurrogateTransfer_afp_C1,43,SurrogateTransfer,afp,C1,51,80,1,414,5,0.988,0.9876543209876543,0.9411764705882353,0.963855421686747,0.9693834160170092
primary_43_SurrogateTransfer_afp_C1,43,SurrogateTransfer,afp,C1,52,80,0,415,5,0.99,1.0,0.9411764705882353,0.9696969696969697,0.9705882352941176
primary_43_SurrogateTransfer_afp_C1,43,SurrogateTransfer,afp,C1,53,77,1,414,8,0.982,0.9871794871794872,0.9058823529411765,0.9447852760736197,0.9517363571934798
primary_43_SurrogateTransfer_afp_C1,43,SurrogateTransfer,afp,C1,54,82,0,415,3,0.994,1.0,0.9647058823529412,0.9820359281437125,0.9823529411764707
primary_43_SurrogateTransfer_afp_C1,43,SurrogateTransfer,afp,C1,55,78,0,415,7,0.986,1.0,0.9176470588235294,0.9570552147239264,0.9588235294117646
primary_43_SurrogateTransfer_afp_C1,43,SurrogateTransfer,afp,C1,56,78,0,415,7,0.986,1.0,0.9176470588235294,0.9570552147239264,0.9588235294117646
primary_43_SurrogateTransfer_afp_C1,43,SurrogateTransfer,afp,C1,57,81,0,415,4,0.992,1.0,0.9529411764705882,0.9759036144578312,0.9764705882352941
primary_43_SurrogateTransfer_afp_C1,43,SurrogateTransfer,afp,C1,58,82,2,413,3,0.99,0.9761904761904762,0.9647058823529412,0.9704142011834319,0.9799433026222537
primary_43_SurrogateTransfer_afp_C1,43,SurrogateTransfer,afp,C1,59,78,0,415,7,0.986,1.0,0.9176470588235294,0.9570552147239264,0.9588235294117646
primary_43_SurrogateTransfer_afp_C1,43,SurrogateTransfer,afp,C1,60,81,0,415,4,0.992,1.0,0.9529411764705882,0.9759036144578312,0.9764705882352941
primary_43_SurrogateTransfer_afp_C1,43,SurrogateTransfer,afp,C1,61,77,0,415,8,0.984,1.0,0.9058823529411765,0.9506172839506173,0.9529411764705882
primary_43_SurrogateTransfer_afp_C1,43,SurrogateTransfer,afp,C1,62,81,0,415,4,0.992,1.0,0.9529411764705882,0.9759036144578312,0.9764705882352941
primary_43_SurrogateTransfer_afp_C1,43,SurrogateTransfer,afp,C1,63,77,0,415,8,0.984,1.0,0.9058823529411765,0.9506172839506173,0.9529411764705882
primary_43_SurrogateTransfer_afp_C1,43,SurrogateTransfer,afp,C1,64,77,0,415,8,0.984,1.0,0.9058823529411765,0.9506172839506173,0.9529411764705882
primary_43_SurrogateTransfer_afp_C1,43,SurrogateTransfer,afp,C1,65,78,1,414,7,0.984,0.9873417721518988,0.9176470588235294,0.9512195121951219,0.9576187101346563
primary_43_SurrogateTransfer_afp_C1,43,SurrogateTransfer,afp,C1,66,81,0,415,4,0.992,1.0,0.9529411764705882,0.9759036144578312,0.9764705882352941
primary_43_SurrogateTransfer_afp_C1,43,SurrogateTransfer,afp,C1,67,81,0,415,4,0.992,1.0,0.9529411764705882,0.9759036144578312,0.9764705882352941
primary_43_SurrogateTransfer_afp_C1,43,SurrogateTransfer,afp,C1,68,79,0,415,6,0.988,1.0,0.9294117647058824,0.9634146341463414,0.9647058823529412
primary_43_SurrogateTransfer_afp_C1,43,SurrogateTransfer,afp,C1,69,80,2,413,5,0.986,0.975609756097561,0.9411764705882353,0.9580838323353293,0.9681785967399008
primary_43_SurrogateTransfer_afp_C1,43,SurrogateTransfer,afp,C1,70,82,0,415,3,0.994,1.0,0.9647058823529412,0.9820359281437125,0.9823529411764707
primary_43_SurrogateTransfer_afp_C1,43,SurrogateTransfer,afp,C1,71,77,0,415,8,0.984,1.0,0.9058823529411765,0.9506172839506173,0.9529411764705882
primary_43_SurrogateTransfer_afp_C1,43,SurrogateTransfer,afp,C1,72,78,0,415,7,0.986,1.0,0.9176470588235294,0.9570552147239264,0.9588235294117646
primary_43_SurrogateTransfer_afp_C1,43,SurrogateTransfer,afp,C1,73,77,0,415,8,0.984,1.0,0.9058823529411765,0.9506172839506173,0.9529411764705882
primary_43_SurrogateTransfer_afp_C1,43,SurrogateTransfer,afp,C1,74,82,0,415,3,0.994,1.0,0.9647058823529412,0.9820359281437125,0.9823529411764707
primary_43_SurrogateTransfer_afp_C1,43,SurrogateTransfer,afp,C1,75,78,0,415,7,0.986,1.0,0.9176470588235294,0.9570552147239264,0.9588235294117646
primary_43_SurrogateTransfer_afp_C1,43,SurrogateTransfer,afp,C1,76,82,1,414,3,0.992,0.9879518072289156,0.9647058823529412,0.9761904761904762,0.9811481218993622
primary_43_SurrogateTransfer_afp_C1,43,SurrogateTransfer,afp,C1,77,80,0,415,5,0.99,1.0,0.9411764705882353,0.9696969696969697,0.9705882352941176
primary_43_SurrogateTransfer_afp_C1,43,SurrogateTransfer,afp,C1,78,83,1,414,2,0.994,0.9880952380952381,0.9764705882352941,0.9822485207100591,0.9870304748405386
primary_43_SurrogateTransfer_afp_C1,43,SurrogateTransfer,afp,C1,79,81,0,415,4,0.992,1.0,0.9529411764705882,0.9759036144578312,0.9764705882352941
primary_43_SurrogateTransfer_afp_C1,43,SurrogateTransfer,afp,C1,80,79,0,415,6,0.988,1.0,0.9294117647058824,0.9634146341463414,0.9647058823529412
primary_43_SurrogateTransfer_afp_C1,43,SurrogateTransfer,afp,C1,81,77,0,415,8,0.984,1.0,0.9058823529411765,0.9506172839506173,0.9529411764705882
primary_43_SurrogateTransfer_afp_C1,43,SurrogateTransfer,afp,C1,82,80,0,415,5,0.99,1.0,0.9411764705882353,0.9696969696969697,0.9705882352941176
primary_43_SurrogateTransfer_afp_C1,43,SurrogateTransfer,afp,C1,83,78,0,415,7,0.986,1.0,0.9176470588235294,0.9570552147239264,0.9588235294117646
primary_43_SurrogateTransfer_afp_C1,43,SurrogateTransfer,afp,C1,84,79,0,415,6,0.988,1.0,0.9294117647058824,0.9634146341463414,0.9647058823529412
primary_43_SurrogateTransfer_afp_C1,43,SurrogateTransfer,afp,C1,85,82,2,413,3,0.99,0.9761904761904762,0.9647058823529412,0.9704142011834319,0.9799433026222537
primary_43_SurrogateTransfer_afp_C1,43,SurrogateTransfer,afp,C1,86,76,2,413,9,0.978,0.9743589743589743,0.8941176470588236,0.9325153374233129,0.9446491849751949
primary_43_SurrogateTransfer_afp_C1,43,SurrogateTransfer,afp,C1,87,78,0,415,7,0.986,1.0,0.9176470588235294,0.9570552147239264,0.9588235294117646
primary_43_SurrogateTransfer_afp_C1,43,SurrogateTransfer,afp,C1,88,81,0,415,4,0.992,1.0,0.9529411764705882,0.9759036144578312,0.9764705882352941
primary_43_SurrogateTransfer_afp_C1,43,SurrogateTransfer,afp,C1,89,79,1,414,6,0.986,0.9875,0.9294117647058824,0.9575757575757576,0.9635010630758327
primary_43_SurrogateTransfer_afp_C1,43,SurrogateTransfer,afp,C1,90,82,1,414,3,0.992,0.9879518072289156,0.9647058823529412,0.9761904761904762,0.9811481218993622
primary_43_SurrogateTransfer_afp_C1,43,SurrogateTransfer,afp,C1,91,80,2,413,5,0.986,0.975609756097561,0.9411764705882353,0.9580838323353293,0.9681785967399008
primary_43_SurrogateTransfer_afp_C1,43,SurrogateTransfer,afp,C1,92,80,0,415,5,0.99,1.0,0.9411764705882353,0.9696969696969697,0.9705882352941176
primary_43_SurrogateTransfer_afp_C1,43,SurrogateTransfer,afp,C1,93,79,0,415,6,0.988,1.0,0.9294117647058824,0.9634146341463414,0.9647058823529412
primary_43_SurrogateTransfer_afp_C1,43,SurrogateTransfer,afp,C1,94,82,0,415,3,0.994,1.0,0.9647058823529412,0.9820359281437125,0.9823529411764707
primary_43_SurrogateTransfer_afp_C1,43,SurrogateTransfer,afp,C1,95,81,1,414,4,0.99,0.9878048780487805,0.9529411764705882,0.9700598802395209,0.9752657689581856
primary_43_SurrogateTransfer_afp_C1,43,SurrogateTransfer,afp,C1,96,84,0,415,1,0.998,1.0,0.9882352941176471,0.9940828402366864,0.9941176470588236
primary_43_SurrogateTransfer_afp_C1,43,SurrogateTransfer,afp,C1,97,76,1,414,9,0.98,0.987012987012987,0.8941176470588236,0.9382716049382716,0.9458540042523034
primary_43_SurrogateTransfer_afp_C1,43,SurrogateTransfer,afp,C1,98,80,0,415,5,0.99,1.0,0.9411764705882353,0.9696969696969697,0.9705882352941176
primary_43_SurrogateTransfer_afp_C1,43,SurrogateTransfer,afp,C1,99,82,1,414,3,0.992,0.9879518072289156,0.9647058823529412,0.9761904761904762,0.9811481218993622
primary_43_SurrogateTransfer_afp_C1,43,SurrogateTransfer,afp,C1,100,81,1,414,4,0.99,0.9878048780487805,0.9529411764705882,0.9700598802395209,0.9752657689581856
primary_43_SurrogateTransfer_afp_C1,43,SurrogateTransfer,afp,C1,101,81,0,415,4,0.992,1.0,0.9529411764705882,0.9759036144578312,0.9764705882352941
primary_43_SurrogateTransfer_afp_C1,43,SurrogateTransfer,afp,C1,102,82,0,415,3,0.994,1.0,0.9647058823529412,0.9820359281437125,0.9823529411764707
primary_43_SurrogateTransfer_afp_C1,43,SurrogateTransfer,afp,C1,103,81,0,415,4,0.992,1.0,0.9529411764705882,0.9759036144578312,0.9764705882352941
primary_43_SurrogateTransfer_afp_C1,43,SurrogateTransfer,afp,C1,104,82,0,415,3,0.994,1.0,0.9647058823529412,0.9820359281437125,0.9823529411764707
primary_43_SurrogateTransfer_afp_C1,43,SurrogateTransfer,afp,C1,105,82,0,415,3,0.994,1.0,0.9647058823529412,0.9820359281437125,0.9823529411764707
primary_43_SurrogateTransfer_afp_C1,43,SurrogateTransfer,afp,C1,106,79,0,415,6,0.988,1.0,0.9294117647058824,0.9634146341463414,0.9647058823529412
primary_43_SurrogateTransfer_afp_C1,43,SurrogateTransfer,afp,C1,107,79,0,415,6,0.988,1.0,0.9294117647058824,0.9634146341463414,0.9647058823529412
primary_43_SurrogateTransfer_afp_C1,43,SurrogateTransfer,afp,C1,108,81,0,415,4,0.992,1.0,0.9529411764705882,0.9759036144578312,0.9764705882352941
primary_43_SurrogateTransfer_afp_C1,43,SurrogateTransfer,afp,C1,109,78,0,415,7,0.986,1.0,0.9176470588235294,0.9570552147239264,0.9588235294117646
primary_43_SurrogateTransfer_afp_C1,43,SurrogateTransfer,afp,C1,110,78,1,414,7,0.984,0.9873417721518988,0.9176470588235294,0.9512195121951219,0.9576187101346563
primary_43_SurrogateTransfer_afp_C1,43,SurrogateTransfer,afp,C1,111,84,1,414,1,0.996,0.9882352941176471,0.9882352941176471,0.9882352941176471,0.9929128277817152
primary_43_SurrogateTransfer_afp_C1,43,SurrogateTransfer,afp,C1,112,81,1,414,4,0.99,0.9878048780487805,0.9529411764705882,0.9700598802395209,0.9752657689581856
primary_43_SurrogateTransfer_afp_C1,43,SurrogateTransfer,afp,C1,113,79,1,414,6,0.986,0.9875,0.9294117647058824,0.9575757575757576,0.9635010630758327
primary_43_SurrogateTransfer_afp_C1,43,SurrogateTransfer,afp,C1,114,80,0,415,5,0.99,1.0,0.9411764705882353,0.9696969696969697,0.9705882352941176
primary_43_SurrogateTransfer_afp_C1,43,SurrogateTransfer,afp,C1,115,78,0,415,7,0.986,1.0,0.9176470588235294,0.9570552147239264,0.9588235294117646
primary_43_SurrogateTransfer_afp_C1,43,SurrogateTransfer,afp,C1,116,78,1,414,7,0.984,0.9873417721518988,0.9176470588235294,0.9512195121951219,0.9576187101346563
primary_43_SurrogateTransfer_afp_C1,43,SurrogateTransfer,afp,C1,117,80,0,415,5,0.99,1.0,0.9411764705882353,0.9696969696969697,0.9705882352941176
primary_43_SurrogateTransfer_afp_C1,43,SurrogateTransfer,afp,C1,118,79,1,414,6,0.986,0.9875,0.9294117647058824,0.9575757575757576,0.9635010630758327
primary_43_SurrogateTransfer_afp_C1,43,SurrogateTransfer,afp,C1,119,80,0,415,5,0.99,1.0,0.9411764705882353,0.9696969696969697,0.9705882352941176
primary_43_SurrogateTransfer_afp_C1,43,SurrogateTransfer,afp,C1,120,82,0,415,3,0.994,1.0,0.9647058823529412,0.9820359281437125,0.9823529411764707
primary_43_SurrogateTransfer_afp_C1,43,SurrogateTransfer,afp,C1,121,81,0,415,4,0.992,1.0,0.9529411764705882,0.9759036144578312,0.9764705882352941
primary_43_SurrogateTransfer_afp_C1,43,SurrogateTransfer,afp,C1,122,80,0,415,5,0.99,1.0,0.9411764705882353,0.9696969696969697,0.9705882352941176
primary_43_SurrogateTransfer_afp_C1,43,SurrogateTransfer,afp,C1,123,76,0,415,9,0.982,1.0,0.8941176470588236,0.9440993788819877,0.9470588235294117
primary_43_SurrogateTransfer_afp_C1,43,SurrogateTransfer,afp,C1,124,80,1,414,5,0.988,0.9876543209876543,0.9411764705882353,0.963855421686747,0.9693834160170092
primary_43_SurrogateTransfer_afp_C1,43,SurrogateTransfer,afp,C1,125,82,2,413,3,0.99,0.9761904761904762,0.9647058823529412,0.9704142011834319,0.9799433026222537
primary_43_SurrogateTransfer_afp_C1,43,SurrogateTransfer,afp,C1,126,83,0,415,2,0.996,1.0,0.9764705882352941,0.988095238095238,0.9882352941176471
primary_43_SurrogateTransfer_afp_C1,43,SurrogateTransfer,afp,C1,127,77,0,415,8,0.984,1.0,0.9058823529411765,0.9506172839506173,0.9529411764705882
primary_43_SurrogateTransfer_afp_C1,43,SurrogateTransfer,afp,C1,128,83,0,415,2,0.996,1.0,0.9764705882352941,0.988095238095238,0.9882352941176471
primary_43_SurrogateTransfer_afp_C1,43,SurrogateTransfer,afp,C1,129,79,0,415,6,0.988,1.0,0.9294117647058824,0.9634146341463414,0.9647058823529412
primary_43_SurrogateTransfer_afp_C1,43,SurrogateTransfer,afp,C1,130,83,0,415,2,0.996,1.0,0.9764705882352941,0.988095238095238,0.9882352941176471
primary_43_SurrogateTransfer_afp_C1,43,SurrogateTransfer,afp,C1,131,80,1,414,5,0.988,0.9876543209876543,0.9411764705882353,0.963855421686747,0.9693834160170092
primary_43_SurrogateTransfer_afp_C1,43,SurrogateTransfer,afp,C1,132,78,0,415,7,0.986,1.0,0.9176470588235294,0.9570552147239264,0.9588235294117646
primary_43_SurrogateTransfer_afp_C1,43,SurrogateTransfer,afp,C1,133,81,1,414,4,0.99,0.9878048780487805,0.9529411764705882,0.9700598802395209,0.9752657689581856
primary_43_SurrogateTransfer_afp_C1,43,SurrogateTransfer,afp,C1,134,78,0,415,7,0.986,1.0,0.9176470588235294,0.9570552147239264,0.9588235294117646
primary_43_SurrogateTransfer_afp_C1,43,SurrogateTransfer,afp,C1,135,83,0,415,2,0.996,1.0,0.9764705882352941,0.988095238095238,0.9882352941176471
primary_43_SurrogateTransfer_afp_C1,43,SurrogateTransfer,afp,C1,136,82,0,415,3,0.994,1.0,0.9647058823529412,0.9820359281437125,0.9823529411764707
primary_43_SurrogateTransfer_afp_C1,43,SurrogateTransfer,afp,C1,137,79,2,413,6,0.984,0.9753086419753086,0.9294117647058824,0.9518072289156626,0.9622962437987244
primary_43_SurrogateTransfer_afp_C1,43,SurrogateTransfer,afp,C1,138,82,0,415,3,0.994,1.0,0.9647058823529412,0.9820359281437125,0.9823529411764707
primary_43_SurrogateTransfer_afp_C1,43,SurrogateTransfer,afp,C1,139,78,1,414,7,0.984,0.9873417721518988,0.9176470588235294,0.9512195121951219,0.9576187101346563
primary_43_SurrogateTransfer_afp_C1,43,SurrogateTransfer,afp,C1,140,79,0,415,6,0.988,1.0,0.9294117647058824,0.9634146341463414,0.9647058823529412
primary_43_SurrogateTransfer_afp_C1,43,SurrogateTransfer,afp,C1,141,78,0,415,7,0.986,1.0,0.9176470588235294,0.9570552147239264,0.9588235294117646
primary_43_SurrogateTransfer_afp_C1,43,SurrogateTransfer,afp,C1,142,84,0,415,1,0.998,1.0,0.9882352941176471,0.9940828402366864,0.9941176470588236
primary_43_SurrogateTransfer_afp_C1,43,SurrogateTransfer,afp,C1,143,81,0,415,4,0.992,1.0,0.9529411764705882,0.9759036144578312,0.9764705882352941
primary_43_SurrogateTransfer_feature_squeezing_Base,43,SurrogateTransfer,feature_squeezing,Base,0,80,0,414,6,0.988,1.0,0.9302325581395349,0.963855421686747,0.9651162790697674
primary_43_SurrogateTransfer_feature_squeezing_Base,43,SurrogateTransfer,feature_squeezing,Base,1,78,0,414,8,0.984,1.0,0.9069767441860465,0.951219512195122,0.9534883720930232
primary_43_SurrogateTransfer_feature_squeezing_Base,43,SurrogateTransfer,feature_squeezing,Base,2,82,1,413,4,0.99,0.9879518072289156,0.9534883720930233,0.9704142011834319,0.9755364565779125
primary_43_SurrogateTransfer_feature_squeezing_Base,43,SurrogateTransfer,feature_squeezing,Base,3,83,0,414,3,0.994,1.0,0.9651162790697675,0.9822485207100593,0.9825581395348837
primary_43_SurrogateTransfer_feature_squeezing_Base,43,SurrogateTransfer,feature_squeezing,Base,4,84,0,414,2,0.996,1.0,0.9767441860465116,0.988235294117647,0.9883720930232558
primary_43_SurrogateTransfer_feature_squeezing_Base,43,SurrogateTransfer,feature_squeezing,Base,5,82,1,413,4,0.99,0.9879518072289156,0.9534883720930233,0.9704142011834319,0.9755364565779125
primary_43_SurrogateTransfer_feature_squeezing_Base,43,SurrogateTransfer,feature_squeezing,Base,6,81,0,414,5,0.99,1.0,0.9418604651162791,0.970059880239521,0.9709302325581395
primary_43_SurrogateTransfer_feature_squeezing_Base,43,SurrogateTransfer,feature_squeezing,Base,7,79,0,414,7,0.986,1.0,0.9186046511627907,0.9575757575757576,0.9593023255813953
primary_43_SurrogateTransfer_feature_squeezing_Base,43,SurrogateTransfer,feature_squeezing,Base,8,80,0,414,6,0.988,1.0,0.9302325581395349,0.963855421686747,0.9651162790697674
primary_43_SurrogateTransfer_feature_squeezing_Base,43,SurrogateTransfer,feature_squeezing,Base,9,84,0,414,2,0.996,1.0,0.9767441860465116,0.988235294117647,0.9883720930232558
primary_43_SurrogateTransfer_feature_squeezing_Base,43,SurrogateTransfer,feature_squeezing,Base,10,81,0,414,5,0.99,1.0,0.9418604651162791,0.970059880239521,0.9709302325581395
primary_43_SurrogateTransfer_feature_squeezing_Base,43,SurrogateTransfer,feature_squeezing,Base,11,80,0,414,6,0.988,1.0,0.9302325581395349,0.963855421686747,0.9651162790697674
primary_43_SurrogateTransfer_feature_squeezing_Base,43,SurrogateTransfer,feature_squeezing,Base,12,83,0,414,3,0.994,1.0,0.9651162790697675,0.9822485207100593,0.9825581395348837
primary_43_SurrogateTransfer_feature_squeezing_Base,43,SurrogateTransfer,feature_squeezing,Base,13,83,0,414,3,0.994,1.0,0.9651162790697675,0.9822485207100593,0.9825581395348837
primary_43_SurrogateTransfer_feature_squeezing_Base,43,SurrogateTransfer,feature_squeezing,Base,14,83,1,413,3,0.992,0.9880952380952381,0.9651162790697675,0.9764705882352942,0.9813504100662847
primary_43_SurrogateTransfer_feature_squeezing_Base,43,SurrogateTransfer,feature_squeezing,Base,15,81,0,414,5,0.99,1.0,0.9418604651162791,0.970059880239521,0.9709302325581395
primary_43_SurrogateTransfer_feature_squeezing_Base,43,SurrogateTransfer,feature_squeezing,Base,16,78,0,414,8,0.984,1.0,0.9069767441860465,0.951219512195122,0.9534883720930232
primary_43_SurrogateTransfer_feature_squeezing_Base,43,SurrogateTransfer,feature_squeezing,Base,17,84,0,415,1,0.998,1.0,0.9882352941176471,0.9940828402366864,0.9941176470588236
primary_43_SurrogateTransfer_feature_squeezing_Base,43,SurrogateTransfer,feature_squeezing,Base,18,80,0,415,5,0.99,1.0,0.9411764705882353,0.9696969696969697,0.9705882352941176
primary_43_SurrogateTransfer_feature_squeezing_Base,43,SurrogateTransfer,feature_squeezing,Base,19,83,0,415,2,0.996,1.0,0.9764705882352941,0.988095238095238,0.9882352941176471
primary_43_SurrogateTransfer_feature_squeezing_Base,43,SurrogateTransfer,feature_squeezing,Base,20,74,0,415,11,0.978,1.0,0.8705882352941177,0.9308176100628931,0.9352941176470588
primary_43_SurrogateTransfer_feature_squeezing_Base,43,SurrogateTransfer,feature_squeezing,Base,21,75,0,415,10,0.98,1.0,0.8823529411764706,0.9375,0.9411764705882353
primary_43_SurrogateTransfer_feature_squeezing_Base,43,SurrogateTransfer,feature_squeezing,Base,22,76,0,415,9,0.982,1.0,0.8941176470588236,0.9440993788819877,0.9470588235294117
primary_43_SurrogateTransfer_feature_squeezing_Base,43,SurrogateTransfer,feature_squeezing,Base,23,81,0,415,4,0.992,1.0,0.9529411764705882,0.9759036144578312,0.9764705882352941
primary_43_SurrogateTransfer_feature_squeezing_Base,43,SurrogateTransfer,feature_squeezing,Base,24,80,0,415,5,0.99,1.0,0.9411764705882353,0.9696969696969697,0.9705882352941176
primary_43_SurrogateTransfer_feature_squeezing_Base,43,SurrogateTransfer,feature_squeezing,Base,25,77,0,415,8,0.984,1.0,0.9058823529411765,0.9506172839506173,0.9529411764705882
primary_43_SurrogateTransfer_feature_squeezing_Base,43,SurrogateTransfer,feature_squeezing,Base,26,76,0,415,9,0.982,1.0,0.8941176470588236,0.9440993788819877,0.9470588235294117
primary_43_SurrogateTransfer_feature_squeezing_Base,43,SurrogateTransfer,feature_squeezing,Base,27,76,0,415,9,0.982,1.0,0.8941176470588236,0.9440993788819877,0.9470588235294117
primary_43_SurrogateTransfer_feature_squeezing_Base,43,SurrogateTransfer,feature_squeezing,Base,28,79,0,415,6,0.988,1.0,0.9294117647058824,0.9634146341463414,0.9647058823529412
primary_43_SurrogateTransfer_feature_squeezing_Base,43,SurrogateTransfer,feature_squeezing,Base,29,80,0,415,5,0.99,1.0,0.9411764705882353,0.9696969696969697,0.9705882352941176
primary_43_SurrogateTransfer_feature_squeezing_Base,43,SurrogateTransfer,feature_squeezing,Base,30,79,0,415,6,0.988,1.0,0.9294117647058824,0.9634146341463414,0.9647058823529412
primary_43_SurrogateTransfer_feature_squeezing_Base,43,SurrogateTransfer,feature_squeezing,Base,31,77,0,415,8,0.984,1.0,0.9058823529411765,0.9506172839506173,0.9529411764705882
primary_43_SurrogateTransfer_feature_squeezing_Base,43,SurrogateTransfer,feature_squeezing,Base,32,78,0,415,7,0.986,1.0,0.9176470588235294,0.9570552147239264,0.9588235294117646
primary_43_SurrogateTransfer_feature_squeezing_Base,43,SurrogateTransfer,feature_squeezing,Base,33,81,0,415,4,0.992,1.0,0.9529411764705882,0.9759036144578312,0.9764705882352941
primary_43_SurrogateTransfer_feature_squeezing_Base,43,SurrogateTransfer,feature_squeezing,Base,34,78,1,414,7,0.984,0.9873417721518988,0.9176470588235294,0.9512195121951219,0.9576187101346563
primary_43_SurrogateTransfer_feature_squeezing_Base,43,SurrogateTransfer,feature_squeezing,Base,35,74,0,415,11,0.978,1.0,0.8705882352941177,0.9308176100628931,0.9352941176470588
primary_43_SurrogateTransfer_feature_squeezing_Base,43,SurrogateTransfer,feature_squeezing,Base,36,79,0,415,6,0.988,1.0,0.9294117647058824,0.9634146341463414,0.9647058823529412
primary_43_SurrogateTransfer_feature_squeezing_Base,43,SurrogateTransfer,feature_squeezing,Base,37,80,1,414,5,0.988,0.9876543209876543,0.9411764705882353,0.963855421686747,0.9693834160170092
primary_43_SurrogateTransfer_feature_squeezing_Base,43,SurrogateTransfer,feature_squeezing,Base,38,81,0,415,4,0.992,1.0,0.9529411764705882,0.9759036144578312,0.9764705882352941
primary_43_SurrogateTransfer_feature_squeezing_Base,43,SurrogateTransfer,feature_squeezing,Base,39,79,0,415,6,0.988,1.0,0.9294117647058824,0.9634146341463414,0.9647058823529412
primary_43_SurrogateTransfer_feature_squeezing_Base,43,SurrogateTransfer,feature_squeezing,Base,40,82,0,415,3,0.994,1.0,0.9647058823529412,0.9820359281437125,0.9823529411764707
primary_43_SurrogateTransfer_feature_squeezing_Base,43,SurrogateTransfer,feature_squeezing,Base,41,80,0,415,5,0.99,1.0,0.9411764705882353,0.9696969696969697,0.9705882352941176
primary_43_SurrogateTransfer_feature_squeezing_Base,43,SurrogateTransfer,feature_squeezing,Base,42,80,0,415,5,0.99,1.0,0.9411764705882353,0.9696969696969697,0.9705882352941176
primary_43_SurrogateTransfer_feature_squeezing_Base,43,SurrogateTransfer,feature_squeezing,Base,43,77,1,414,8,0.982,0.9871794871794872,0.9058823529411765,0.9447852760736197,0.9517363571934798
primary_43_SurrogateTransfer_feature_squeezing_Base,43,SurrogateTransfer,feature_squeezing,Base,44,79,0,415,6,0.988,1.0,0.9294117647058824,0.9634146341463414,0.9647058823529412
primary_43_SurrogateTransfer_feature_squeezing_Base,43,SurrogateTransfer,feature_squeezing,Base,45,81,0,415,4,0.992,1.0,0.9529411764705882,0.9759036144578312,0.9764705882352941
primary_43_SurrogateTransfer_feature_squeezing_Base,43,SurrogateTransfer,feature_squeezing,Base,46,81,1,414,4,0.99,0.9878048780487805,0.9529411764705882,0.9700598802395209,0.9752657689581856
primary_43_SurrogateTransfer_feature_squeezing_Base,43,SurrogateTransfer,feature_squeezing,Base,47,75,0,415,10,0.98,1.0,0.8823529411764706,0.9375,0.9411764705882353
primary_43_SurrogateTransfer_feature_squeezing_Base,43,SurrogateTransfer,feature_squeezing,Base,48,81,0,415,4,0.992,1.0,0.9529411764705882,0.9759036144578312,0.9764705882352941
primary_43_SurrogateTransfer_feature_squeezing_Base,43,SurrogateTransfer,feature_squeezing,Base,49,77,0,415,8,0.984,1.0,0.9058823529411765,0.9506172839506173,0.9529411764705882
primary_43_SurrogateTransfer_feature_squeezing_Base,43,SurrogateTransfer,feature_squeezing,Base,50,79,0,415,6,0.988,1.0,0.9294117647058824,0.9634146341463414,0.9647058823529412
primary_43_SurrogateTransfer_feature_squeezing_Base,43,SurrogateTransfer,feature_squeezing,Base,51,80,1,414,5,0.988,0.9876543209876543,0.9411764705882353,0.963855421686747,0.9693834160170092
primary_43_SurrogateTransfer_feature_squeezing_Base,43,SurrogateTransfer,feature_squeezing,Base,52,79,0,415,6,0.988,1.0,0.9294117647058824,0.9634146341463414,0.9647058823529412
primary_43_SurrogateTransfer_feature_squeezing_Base,43,SurrogateTransfer,feature_squeezing,Base,53,76,0,415,9,0.982,1.0,0.8941176470588236,0.9440993788819877,0.9470588235294117
primary_43_SurrogateTransfer_feature_squeezing_Base,43,SurrogateTransfer,feature_squeezing,Base,54,82,0,415,3,0.994,1.0,0.9647058823529412,0.9820359281437125,0.9823529411764707
primary_43_SurrogateTransfer_feature_squeezing_Base,43,SurrogateTransfer,feature_squeezing,Base,55,78,0,415,7,0.986,1.0,0.9176470588235294,0.9570552147239264,0.9588235294117646
primary_43_SurrogateTransfer_feature_squeezing_Base,43,SurrogateTransfer,feature_squeezing,Base,56,78,0,415,7,0.986,1.0,0.9176470588235294,0.9570552147239264,0.9588235294117646
primary_43_SurrogateTransfer_feature_squeezing_Base,43,SurrogateTransfer,feature_squeezing,Base,57,81,0,415,4,0.992,1.0,0.9529411764705882,0.9759036144578312,0.9764705882352941
primary_43_SurrogateTransfer_feature_squeezing_Base,43,SurrogateTransfer,feature_squeezing,Base,58,82,0,415,3,0.994,1.0,0.9647058823529412,0.9820359281437125,0.9823529411764707
primary_43_SurrogateTransfer_feature_squeezing_Base,43,SurrogateTransfer,feature_squeezing,Base,59,77,0,415,8,0.984,1.0,0.9058823529411765,0.9506172839506173,0.9529411764705882
primary_43_SurrogateTransfer_feature_squeezing_Base,43,SurrogateTransfer,feature_squeezing,Base,60,79,0,415,6,0.988,1.0,0.9294117647058824,0.9634146341463414,0.9647058823529412
primary_43_SurrogateTransfer_feature_squeezing_Base,43,SurrogateTransfer,feature_squeezing,Base,61,77,0,415,8,0.984,1.0,0.9058823529411765,0.9506172839506173,0.9529411764705882
primary_43_SurrogateTransfer_feature_squeezing_Base,43,SurrogateTransfer,feature_squeezing,Base,62,81,0,415,4,0.992,1.0,0.9529411764705882,0.9759036144578312,0.9764705882352941
primary_43_SurrogateTransfer_feature_squeezing_Base,43,SurrogateTransfer,feature_squeezing,Base,63,76,0,415,9,0.982,1.0,0.8941176470588236,0.9440993788819877,0.9470588235294117
primary_43_SurrogateTransfer_feature_squeezing_Base,43,SurrogateTransfer,feature_squeezing,Base,64,77,0,415,8,0.984,1.0,0.9058823529411765,0.9506172839506173,0.9529411764705882
primary_43_SurrogateTransfer_feature_squeezing_Base,43,SurrogateTransfer,feature_squeezing,Base,65,77,0,415,8,0.984,1.0,0.9058823529411765,0.9506172839506173,0.9529411764705882
primary_43_SurrogateTransfer_feature_squeezing_Base,43,SurrogateTransfer,feature_squeezing,Base,66,79,0,415,6,0.988,1.0,0.9294117647058824,0.9634146341463414,0.9647058823529412
primary_43_SurrogateTransfer_feature_squeezing_Base,43,SurrogateTransfer,feature_squeezing,Base,67,81,0,415,4,0.992,1.0,0.9529411764705882,0.9759036144578312,0.9764705882352941
primary_43_SurrogateTransfer_feature_squeezing_Base,43,SurrogateTransfer,feature_squeezing,Base,68,79,0,415,6,0.988,1.0,0.9294117647058824,0.9634146341463414,0.9647058823529412
primary_43_SurrogateTransfer_feature_squeezing_Base,43,SurrogateTransfer,feature_squeezing,Base,69,76,1,414,9,0.98,0.987012987012987,0.8941176470588236,0.9382716049382716,0.9458540042523034
primary_43_SurrogateTransfer_feature_squeezing_Base,43,SurrogateTransfer,feature_squeezing,Base,70,82,0,415,3,0.994,1.0,0.9647058823529412,0.9820359281437125,0.9823529411764707
primary_43_SurrogateTransfer_feature_squeezing_Base,43,SurrogateTransfer,feature_squeezing,Base,71,77,0,415,8,0.984,1.0,0.9058823529411765,0.9506172839506173,0.9529411764705882
primary_43_SurrogateTransfer_feature_squeezing_Base,43,SurrogateTransfer,feature_squeezing,Base,72,78,0,415,7,0.986,1.0,0.9176470588235294,0.9570552147239264,0.9588235294117646
primary_43_SurrogateTransfer_feature_squeezing_Base,43,SurrogateTransfer,feature_squeezing,Base,73,77,0,415,8,0.984,1.0,0.9058823529411765,0.9506172839506173,0.9529411764705882
primary_43_SurrogateTransfer_feature_squeezing_Base,43,SurrogateTransfer,feature_squeezing,Base,74,82,0,415,3,0.994,1.0,0.9647058823529412,0.9820359281437125,0.9823529411764707
primary_43_SurrogateTransfer_feature_squeezing_Base,43,SurrogateTransfer,feature_squeezing,Base,75,78,0,415,7,0.986,1.0,0.9176470588235294,0.9570552147239264,0.9588235294117646
primary_43_SurrogateTransfer_feature_squeezing_Base,43,SurrogateTransfer,feature_squeezing,Base,76,82,1,414,3,0.992,0.9879518072289156,0.9647058823529412,0.9761904761904762,0.9811481218993622
primary_43_SurrogateTransfer_feature_squeezing_Base,43,SurrogateTransfer,feature_squeezing,Base,77,80,0,415,5,0.99,1.0,0.9411764705882353,0.9696969696969697,0.9705882352941176
primary_43_SurrogateTransfer_feature_squeezing_Base,43,SurrogateTransfer,feature_squeezing,Base,78,79,0,415,6,0.988,1.0,0.9294117647058824,0.9634146341463414,0.9647058823529412
primary_43_SurrogateTransfer_feature_squeezing_Base,43,SurrogateTransfer,feature_squeezing,Base,79,80,0,415,5,0.99,1.0,0.9411764705882353,0.9696969696969697,0.9705882352941176
primary_43_SurrogateTransfer_feature_squeezing_Base,43,SurrogateTransfer,feature_squeezing,Base,80,77,0,415,8,0.984,1.0,0.9058823529411765,0.9506172839506173,0.9529411764705882
primary_43_SurrogateTransfer_feature_squeezing_Base,43,SurrogateTransfer,feature_squeezing,Base,81,75,0,415,10,0.98,1.0,0.8823529411764706,0.9375,0.9411764705882353
primary_43_SurrogateTransfer_feature_squeezing_Base,43,SurrogateTransfer,feature_squeezing,Base,82,79,0,415,6,0.988,1.0,0.9294117647058824,0.9634146341463414,0.9647058823529412
primary_43_SurrogateTransfer_feature_squeezing_Base,43,SurrogateTransfer,feature_squeezing,Base,83,76,0,415,9,0.982,1.0,0.8941176470588236,0.9440993788819877,0.9470588235294117
primary_43_SurrogateTransfer_feature_squeezing_Base,43,SurrogateTransfer,feature_squeezing,Base,84,79,0,415,6,0.988,1.0,0.9294117647058824,0.9634146341463414,0.9647058823529412
primary_43_SurrogateTransfer_feature_squeezing_Base,43,SurrogateTransfer,feature_squeezing,Base,85,81,0,415,4,0.992,1.0,0.9529411764705882,0.9759036144578312,0.9764705882352941
primary_43_SurrogateTransfer_feature_squeezing_Base,43,SurrogateTransfer,feature_squeezing,Base,86,75,1,414,10,0.978,0.9868421052631579,0.8823529411764706,0.9316770186335402,0.9399716513111269
primary_43_SurrogateTransfer_feature_squeezing_Base,43,SurrogateTransfer,feature_squeezing,Base,87,78,0,415,7,0.986,1.0,0.9176470588235294,0.9570552147239264,0.9588235294117646
primary_43_SurrogateTransfer_feature_squeezing_Base,43,SurrogateTransfer,feature_squeezing,Base,88,81,0,415,4,0.992,1.0,0.9529411764705882,0.9759036144578312,0.9764705882352941
primary_43_SurrogateTransfer_feature_squeezing_Base,43,SurrogateTransfer,feature_squeezing,Base,89,79,0,415,6,0.988,1.0,0.9294117647058824,0.9634146341463414,0.9647058823529412
primary_43_SurrogateTransfer_feature_squeezing_Base,43,SurrogateTransfer,feature_squeezing,Base,90,80,1,414,5,0.988,0.9876543209876543,0.9411764705882353,0.963855421686747,0.9693834160170092
primary_43_SurrogateTransfer_feature_squeezing_Base,43,SurrogateTransfer,feature_squeezing,Base,91,80,0,415,5,0.99,1.0,0.9411764705882353,0.9696969696969697,0.9705882352941176
primary_43_SurrogateTransfer_feature_squeezing_Base,43,SurrogateTransfer,feature_squeezing,Base,92,79,0,415,6,0.988,1.0,0.9294117647058824,0.9634146341463414,0.9647058823529412
primary_43_SurrogateTransfer_feature_squeezing_Base,43,SurrogateTransfer,feature_squeezing,Base,93,78,0,415,7,0.986,1.0,0.9176470588235294,0.9570552147239264,0.9588235294117646
primary_43_SurrogateTransfer_feature_squeezing_Base,43,SurrogateTransfer,feature_squeezing,Base,94,81,0,415,4,0.992,1.0,0.9529411764705882,0.9759036144578312,0.9764705882352941
primary_43_SurrogateTransfer_feature_squeezing_Base,43,SurrogateTransfer,feature_squeezing,Base,95,81,0,415,4,0.992,1.0,0.9529411764705882,0.9759036144578312,0.9764705882352941
primary_43_SurrogateTransfer_feature_squeezing_Base,43,SurrogateTransfer,feature_squeezing,Base,96,84,0,415,1,0.998,1.0,0.9882352941176471,0.9940828402366864,0.9941176470588236
primary_43_SurrogateTransfer_feature_squeezing_Base,43,SurrogateTransfer,feature_squeezing,Base,97,74,1,414,11,0.976,0.9866666666666667,0.8705882352941177,0.925,0.9340892983699505
primary_43_SurrogateTransfer_feature_squeezing_Base,43,SurrogateTransfer,feature_squeezing,Base,98,79,0,415,6,0.988,1.0,0.9294117647058824,0.9634146341463414,0.9647058823529412
primary_43_SurrogateTransfer_feature_squeezing_Base,43,SurrogateTransfer,feature_squeezing,Base,99,80,0,415,5,0.99,1.0,0.9411764705882353,0.9696969696969697,0.9705882352941176
primary_43_SurrogateTransfer_feature_squeezing_Base,43,SurrogateTransfer,feature_squeezing,Base,100,81,0,415,4,0.992,1.0,0.9529411764705882,0.9759036144578312,0.9764705882352941
primary_43_SurrogateTransfer_feature_squeezing_Base,43,SurrogateTransfer,feature_squeezing,Base,101,80,0,415,5,0.99,1.0,0.9411764705882353,0.9696969696969697,0.9705882352941176
primary_43_SurrogateTransfer_feature_squeezing_Base,43,SurrogateTransfer,feature_squeezing,Base,102,81,0,415,4,0.992,1.0,0.9529411764705882,0.9759036144578312,0.9764705882352941
primary_43_SurrogateTransfer_feature_squeezing_Base,43,SurrogateTransfer,feature_squeezing,Base,103,81,0,415,4,0.992,1.0,0.9529411764705882,0.9759036144578312,0.9764705882352941
primary_43_SurrogateTransfer_feature_squeezing_Base,43,SurrogateTransfer,feature_squeezing,Base,104,80,0,415,5,0.99,1.0,0.9411764705882353,0.9696969696969697,0.9705882352941176
primary_43_SurrogateTransfer_feature_squeezing_Base,43,SurrogateTransfer,feature_squeezing,Base,105,81,0,415,4,0.992,1.0,0.9529411764705882,0.9759036144578312,0.9764705882352941
primary_43_SurrogateTransfer_feature_squeezing_Base,43,SurrogateTransfer,feature_squeezing,Base,106,78,0,415,7,0.986,1.0,0.9176470588235294,0.9570552147239264,0.9588235294117646
primary_43_SurrogateTransfer_feature_squeezing_Base,43,SurrogateTransfer,feature_squeezing,Base,107,78,0,415,7,0.986,1.0,0.9176470588235294,0.9570552147239264,0.9588235294117646
primary_43_SurrogateTransfer_feature_squeezing_Base,43,SurrogateTransfer,feature_squeezing,Base,108,81,0,415,4,0.992,1.0,0.9529411764705882,0.9759036144578312,0.9764705882352941
primary_43_SurrogateTransfer_feature_squeezing_Base,43,SurrogateTransfer,feature_squeezing,Base,109,77,0,415,8,0.984,1.0,0.9058823529411765,0.9506172839506173,0.9529411764705882
primary_43_SurrogateTransfer_feature_squeezing_Base,43,SurrogateTransfer,feature_squeezing,Base,110,77,1,414,8,0.982,0.9871794871794872,0.9058823529411765,0.9447852760736197,0.9517363571934798
primary_43_SurrogateTransfer_feature_squeezing_Base,43,SurrogateTransfer,feature_squeezing,Base,111,83,0,415,2,0.996,1.0,0.9764705882352941,0.988095238095238,0.9882352941176471
primary_43_SurrogateTransfer_feature_squeezing_Base,43,SurrogateTransfer,feature_squeezing,Base,112,81,1,414,4,0.99,0.9878048780487805,0.9529411764705882,0.9700598802395209,0.9752657689581856
primary_43_SurrogateTransfer_feature_squeezing_Base,43,SurrogateTransfer,feature_squeezing,Base,113,79,0,415,6,0.988,1.0,0.9294117647058824,0.9634146341463414,0.9647058823529412
primary_43_SurrogateTransfer_feature_squeezing_Base,43,SurrogateTransfer,feature_squeezing,Base,114,78,0,415,7,0.986,1.0,0.9176470588235294,0.9570552147239264,0.9588235294117646
primary_43_SurrogateTransfer_feature_squeezing_Base,43,SurrogateTransfer,feature_squeezing,Base,115,77,0,415,8,0.984,1.0,0.9058823529411765,0.9506172839506173,0.9529411764705882
primary_43_SurrogateTransfer_feature_squeezing_Base,43,SurrogateTransfer,feature_squeezing,Base,116,77,0,415,8,0.984,1.0,0.9058823529411765,0.9506172839506173,0.9529411764705882
primary_43_SurrogateTransfer_feature_squeezing_Base,43,SurrogateTransfer,feature_squeezing,Base,117,80,1,414,5,0.988,0.9876543209876543,0.9411764705882353,0.963855421686747,0.9693834160170092
primary_43_SurrogateTransfer_feature_squeezing_Base,43,SurrogateTransfer,feature_squeezing,Base,118,78,0,415,7,0.986,1.0,0.9176470588235294,0.9570552147239264,0.9588235294117646
primary_43_SurrogateTransfer_feature_squeezing_Base,43,SurrogateTransfer,feature_squeezing,Base,119,80,0,415,5,0.99,1.0,0.9411764705882353,0.9696969696969697,0.9705882352941176
primary_43_SurrogateTransfer_feature_squeezing_Base,43,SurrogateTransfer,feature_squeezing,Base,120,81,0,415,4,0.992,1.0,0.9529411764705882,0.9759036144578312,0.9764705882352941
primary_43_SurrogateTransfer_feature_squeezing_Base,43,SurrogateTransfer,feature_squeezing,Base,121,81,0,415,4,0.992,1.0,0.9529411764705882,0.9759036144578312,0.9764705882352941
primary_43_SurrogateTransfer_feature_squeezing_Base,43,SurrogateTransfer,feature_squeezing,Base,122,80,0,415,5,0.99,1.0,0.9411764705882353,0.9696969696969697,0.9705882352941176
primary_43_SurrogateTransfer_feature_squeezing_Base,43,SurrogateTransfer,feature_squeezing,Base,123,75,0,415,10,0.98,1.0,0.8823529411764706,0.9375,0.9411764705882353
primary_43_SurrogateTransfer_feature_squeezing_Base,43,SurrogateTransfer,feature_squeezing,Base,124,78,0,415,7,0.986,1.0,0.9176470588235294,0.9570552147239264,0.9588235294117646
primary_43_SurrogateTransfer_feature_squeezing_Base,43,SurrogateTransfer,feature_squeezing,Base,125,79,0,415,6,0.988,1.0,0.9294117647058824,0.9634146341463414,0.9647058823529412
primary_43_SurrogateTransfer_feature_squeezing_Base,43,SurrogateTransfer,feature_squeezing,Base,126,82,0,415,3,0.994,1.0,0.9647058823529412,0.9820359281437125,0.9823529411764707
primary_43_SurrogateTransfer_feature_squeezing_Base,43,SurrogateTransfer,feature_squeezing,Base,127,75,0,415,10,0.98,1.0,0.8823529411764706,0.9375,0.9411764705882353
primary_43_SurrogateTransfer_feature_squeezing_Base,43,SurrogateTransfer,feature_squeezing,Base,128,82,0,415,3,0.994,1.0,0.9647058823529412,0.9820359281437125,0.9823529411764707
primary_43_SurrogateTransfer_feature_squeezing_Base,43,SurrogateTransfer,feature_squeezing,Base,129,79,0,415,6,0.988,1.0,0.9294117647058824,0.9634146341463414,0.9647058823529412
primary_43_SurrogateTransfer_feature_squeezing_Base,43,SurrogateTransfer,feature_squeezing,Base,130,83,0,415,2,0.996,1.0,0.9764705882352941,0.988095238095238,0.9882352941176471
primary_43_SurrogateTransfer_feature_squeezing_Base,43,SurrogateTransfer,feature_squeezing,Base,131,78,0,415,7,0.986,1.0,0.9176470588235294,0.9570552147239264,0.9588235294117646
primary_43_SurrogateTransfer_feature_squeezing_Base,43,SurrogateTransfer,feature_squeezing,Base,132,78,0,415,7,0.986,1.0,0.9176470588235294,0.9570552147239264,0.9588235294117646
primary_43_SurrogateTransfer_feature_squeezing_Base,43,SurrogateTransfer,feature_squeezing,Base,133,81,0,415,4,0.992,1.0,0.9529411764705882,0.9759036144578312,0.9764705882352941
primary_43_SurrogateTransfer_feature_squeezing_Base,43,SurrogateTransfer,feature_squeezing,Base,134,77,0,415,8,0.984,1.0,0.9058823529411765,0.9506172839506173,0.9529411764705882
primary_43_SurrogateTransfer_feature_squeezing_Base,43,SurrogateTransfer,feature_squeezing,Base,135,83,0,415,2,0.996,1.0,0.9764705882352941,0.988095238095238,0.9882352941176471
primary_43_SurrogateTransfer_feature_squeezing_Base,43,SurrogateTransfer,feature_squeezing,Base,136,80,0,415,5,0.99,1.0,0.9411764705882353,0.9696969696969697,0.9705882352941176
primary_43_SurrogateTransfer_feature_squeezing_Base,43,SurrogateTransfer,feature_squeezing,Base,137,78,0,415,7,0.986,1.0,0.9176470588235294,0.9570552147239264,0.9588235294117646
primary_43_SurrogateTransfer_feature_squeezing_Base,43,SurrogateTransfer,feature_squeezing,Base,138,81,0,415,4,0.992,1.0,0.9529411764705882,0.9759036144578312,0.9764705882352941
primary_43_SurrogateTransfer_feature_squeezing_Base,43,SurrogateTransfer,feature_squeezing,Base,139,78,0,415,7,0.986,1.0,0.9176470588235294,0.9570552147239264,0.9588235294117646
primary_43_SurrogateTransfer_feature_squeezing_Base,43,SurrogateTransfer,feature_squeezing,Base,140,77,0,415,8,0.984,1.0,0.9058823529411765,0.9506172839506173,0.9529411764705882
primary_43_SurrogateTransfer_feature_squeezing_Base,43,SurrogateTransfer,feature_squeezing,Base,141,77,0,415,8,0.984,1.0,0.9058823529411765,0.9506172839506173,0.9529411764705882
primary_43_SurrogateTransfer_feature_squeezing_Base,43,SurrogateTransfer,feature_squeezing,Base,142,84,0,415,1,0.998,1.0,0.9882352941176471,0.9940828402366864,0.9941176470588236
primary_43_SurrogateTransfer_feature_squeezing_Base,43,SurrogateTransfer,feature_squeezing,Base,143,80,0,415,5,0.99,1.0,0.9411764705882353,0.9696969696969697,0.9705882352941176
primary_43_SurrogateTransfer_feature_squeezing_C1,43,SurrogateTransfer,feature_squeezing,C1,0,80,0,414,6,0.988,1.0,0.9302325581395349,0.963855421686747,0.9651162790697674
primary_43_SurrogateTransfer_feature_squeezing_C1,43,SurrogateTransfer,feature_squeezing,C1,1,79,0,414,7,0.986,1.0,0.9186046511627907,0.9575757575757576,0.9593023255813953
primary_43_SurrogateTransfer_feature_squeezing_C1,43,SurrogateTransfer,feature_squeezing,C1,2,83,1,413,3,0.992,0.9880952380952381,0.9651162790697675,0.9764705882352942,0.9813504100662847
primary_43_SurrogateTransfer_feature_squeezing_C1,43,SurrogateTransfer,feature_squeezing,C1,3,84,0,414,2,0.996,1.0,0.9767441860465116,0.988235294117647,0.9883720930232558
primary_43_SurrogateTransfer_feature_squeezing_C1,43,SurrogateTransfer,feature_squeezing,C1,4,84,1,413,2,0.994,0.9882352941176471,0.9767441860465116,0.9824561403508771,0.9871643635546568
primary_43_SurrogateTransfer_feature_squeezing_C1,43,SurrogateTransfer,feature_squeezing,C1,5,83,0,414,3,0.994,1.0,0.9651162790697675,0.9822485207100593,0.9825581395348837
primary_43_SurrogateTransfer_feature_squeezing_C1,43,SurrogateTransfer,feature_squeezing,C1,6,82,0,414,4,0.992,1.0,0.9534883720930233,0.9761904761904763,0.9767441860465116
primary_43_SurrogateTransfer_feature_squeezing_C1,43,SurrogateTransfer,feature_squeezing,C1,7,81,1,413,5,0.988,0.9878048780487805,0.9418604651162791,0.9642857142857143,0.9697225030895404
primary_43_SurrogateTransfer_feature_squeezing_C1,43,SurrogateTransfer,feature_squeezing,C1,8,81,1,413,5,0.988,0.9878048780487805,0.9418604651162791,0.9642857142857143,0.9697225030895404
primary_43_SurrogateTransfer_feature_squeezing_C1,43,SurrogateTransfer,feature_squeezing,C1,9,84,0,414,2,0.996,1.0,0.9767441860465116,0.988235294117647,0.9883720930232558
primary_43_SurrogateTransfer_feature_squeezing_C1,43,SurrogateTransfer,feature_squeezing,C1,10,81,1,413,5,0.988,0.9878048780487805,0.9418604651162791,0.9642857142857143,0.9697225030895404
primary_43_SurrogateTransfer_feature_squeezing_C1,43,SurrogateTransfer,feature_squeezing,C1,11,80,0,414,6,0.988,1.0,0.9302325581395349,0.963855421686747,0.9651162790697674
primary_43_SurrogateTransfer_feature_squeezing_C1,43,SurrogateTransfer,feature_squeezing,C1,12,83,0,414,3,0.994,1.0,0.9651162790697675,0.9822485207100593,0.9825581395348837
primary_43_SurrogateTransfer_feature_squeezing_C1,43,SurrogateTransfer,feature_squeezing,C1,13,84,0,414,2,0.996,1.0,0.9767441860465116,0.988235294117647,0.9883720930232558
primary_43_SurrogateTransfer_feature_squeezing_C1,43,SurrogateTransfer,feature_squeezing,C1,14,84,1,413,2,0.994,0.9882352941176471,0.9767441860465116,0.9824561403508771,0.9871643635546568
primary_43_SurrogateTransfer_feature_squeezing_C1,43,SurrogateTransfer,feature_squeezing,C1,15,83,0,414,3,0.994,1.0,0.9651162790697675,0.9822485207100593,0.9825581395348837
primary_43_SurrogateTransfer_feature_squeezing_C1,43,SurrogateTransfer,feature_squeezing,C1,16,78,0,414,8,0.984,1.0,0.9069767441860465,0.951219512195122,0.9534883720930232
primary_43_SurrogateTransfer_feature_squeezing_C1,43,SurrogateTransfer,feature_squeezing,C1,17,84,0,415,1,0.998,1.0,0.9882352941176471,0.9940828402366864,0.9941176470588236
primary_43_SurrogateTransfer_feature_squeezing_C1,43,SurrogateTransfer,feature_squeezing,C1,18,80,0,415,5,0.99,1.0,0.9411764705882353,0.9696969696969697,0.9705882352941176
primary_43_SurrogateTransfer_feature_squeezing_C1,43,SurrogateTransfer,feature_squeezing,C1,19,83,0,415,2,0.996,1.0,0.9764705882352941,0.988095238095238,0.9882352941176471
primary_43_SurrogateTransfer_feature_squeezing_C1,43,SurrogateTransfer,feature_squeezing,C1,20,74,0,415,11,0.978,1.0,0.8705882352941177,0.9308176100628931,0.9352941176470588
primary_43_SurrogateTransfer_feature_squeezing_C1,43,SurrogateTransfer,feature_squeezing,C1,21,76,1,414,9,0.98,0.987012987012987,0.8941176470588236,0.9382716049382716,0.9458540042523034
primary_43_SurrogateTransfer_feature_squeezing_C1,43,SurrogateTransfer,feature_squeezing,C1,22,78,0,415,7,0.986,1.0,0.9176470588235294,0.9570552147239264,0.9588235294117646
primary_43_SurrogateTransfer_feature_squeezing_C1,43,SurrogateTransfer,feature_squeezing,C1,23,81,0,415,4,0.992,1.0,0.9529411764705882,0.9759036144578312,0.9764705882352941
primary_43_SurrogateTransfer_feature_squeezing_C1,43,SurrogateTransfer,feature_squeezing,C1,24,80,1,414,5,0.988,0.9876543209876543,0.9411764705882353,0.963855421686747,0.9693834160170092
primary_43_SurrogateTransfer_feature_squeezing_C1,43,SurrogateTransfer,feature_squeezing,C1,25,77,0,415,8,0.984,1.0,0.9058823529411765,0.9506172839506173,0.9529411764705882
primary_43_SurrogateTransfer_feature_squeezing_C1,43,SurrogateTransfer,feature_squeezing,C1,26,77,0,415,8,0.984,1.0,0.9058823529411765,0.9506172839506173,0.9529411764705882
primary_43_SurrogateTransfer_feature_squeezing_C1,43,SurrogateTransfer,feature_squeezing,C1,27,77,0,415,8,0.984,1.0,0.9058823529411765,0.9506172839506173,0.9529411764705882
primary_43_SurrogateTransfer_feature_squeezing_C1,43,SurrogateTransfer,feature_squeezing,C1,28,79,0,415,6,0.988,1.0,0.9294117647058824,0.9634146341463414,0.9647058823529412
primary_43_SurrogateTransfer_feature_squeezing_C1,43,SurrogateTransfer,feature_squeezing,C1,29,80,0,415,5,0.99,1.0,0.9411764705882353,0.9696969696969697,0.9705882352941176
primary_43_SurrogateTransfer_feature_squeezing_C1,43,SurrogateTransfer,feature_squeezing,C1,30,79,0,415,6,0.988,1.0,0.9294117647058824,0.9634146341463414,0.9647058823529412
primary_43_SurrogateTransfer_feature_squeezing_C1,43,SurrogateTransfer,feature_squeezing,C1,31,78,1,414,7,0.984,0.9873417721518988,0.9176470588235294,0.9512195121951219,0.9576187101346563
primary_43_SurrogateTransfer_feature_squeezing_C1,43,SurrogateTransfer,feature_squeezing,C1,32,80,0,415,5,0.99,1.0,0.9411764705882353,0.9696969696969697,0.9705882352941176
primary_43_SurrogateTransfer_feature_squeezing_C1,43,SurrogateTransfer,feature_squeezing,C1,33,81,0,415,4,0.992,1.0,0.9529411764705882,0.9759036144578312,0.9764705882352941
primary_43_SurrogateTransfer_feature_squeezing_C1,43,SurrogateTransfer,feature_squeezing,C1,34,79,1,414,6,0.986,0.9875,0.9294117647058824,0.9575757575757576,0.9635010630758327
primary_43_SurrogateTransfer_feature_squeezing_C1,43,SurrogateTransfer,feature_squeezing,C1,35,75,0,415,10,0.98,1.0,0.8823529411764706,0.9375,0.9411764705882353
primary_43_SurrogateTransfer_feature_squeezing_C1,43,SurrogateTransfer,feature_squeezing,C1,36,80,0,415,5,0.99,1.0,0.9411764705882353,0.9696969696969697,0.9705882352941176
primary_43_SurrogateTransfer_feature_squeezing_C1,43,SurrogateTransfer,feature_squeezing,C1,37,81,1,414,4,0.99,0.9878048780487805,0.9529411764705882,0.9700598802395209,0.9752657689581856
primary_43_SurrogateTransfer_feature_squeezing_C1,43,SurrogateTransfer,feature_squeezing,C1,38,81,0,415,4,0.992,1.0,0.9529411764705882,0.9759036144578312,0.9764705882352941
primary_43_SurrogateTransfer_feature_squeezing_C1,43,SurrogateTransfer,feature_squeezing,C1,39,81,0,415,4,0.992,1.0,0.9529411764705882,0.9759036144578312,0.9764705882352941
primary_43_SurrogateTransfer_feature_squeezing_C1,43,SurrogateTransfer,feature_squeezing,C1,40,82,0,415,3,0.994,1.0,0.9647058823529412,0.9820359281437125,0.9823529411764707
primary_43_SurrogateTransfer_feature_squeezing_C1,43,SurrogateTransfer,feature_squeezing,C1,41,82,0,415,3,0.994,1.0,0.9647058823529412,0.9820359281437125,0.9823529411764707
primary_43_SurrogateTransfer_feature_squeezing_C1,43,SurrogateTransfer,feature_squeezing,C1,42,81,0,415,4,0.992,1.0,0.9529411764705882,0.9759036144578312,0.9764705882352941
primary_43_SurrogateTransfer_feature_squeezing_C1,43,SurrogateTransfer,feature_squeezing,C1,43,78,1,414,7,0.984,0.9873417721518988,0.9176470588235294,0.9512195121951219,0.9576187101346563
primary_43_SurrogateTransfer_feature_squeezing_C1,43,SurrogateTransfer,feature_squeezing,C1,44,79,0,415,6,0.988,1.0,0.9294117647058824,0.9634146341463414,0.9647058823529412
primary_43_SurrogateTransfer_feature_squeezing_C1,43,SurrogateTransfer,feature_squeezing,C1,45,81,0,415,4,0.992,1.0,0.9529411764705882,0.9759036144578312,0.9764705882352941
primary_43_SurrogateTransfer_feature_squeezing_C1,43,SurrogateTransfer,feature_squeezing,C1,46,81,1,414,4,0.99,0.9878048780487805,0.9529411764705882,0.9700598802395209,0.9752657689581856
primary_43_SurrogateTransfer_feature_squeezing_C1,43,SurrogateTransfer,feature_squeezing,C1,47,76,0,415,9,0.982,1.0,0.8941176470588236,0.9440993788819877,0.9470588235294117
primary_43_SurrogateTransfer_feature_squeezing_C1,43,SurrogateTransfer,feature_squeezing,C1,48,81,0,415,4,0.992,1.0,0.9529411764705882,0.9759036144578312,0.9764705882352941
primary_43_SurrogateTransfer_feature_squeezing_C1,43,SurrogateTransfer,feature_squeezing,C1,49,77,0,415,8,0.984,1.0,0.9058823529411765,0.9506172839506173,0.9529411764705882
primary_43_SurrogateTransfer_feature_squeezing_C1,43,SurrogateTransfer,feature_squeezing,C1,50,81,0,415,4,0.992,1.0,0.9529411764705882,0.9759036144578312,0.9764705882352941
primary_43_SurrogateTransfer_feature_squeezing_C1,43,SurrogateTransfer,feature_squeezing,C1,51,80,1,414,5,0.988,0.9876543209876543,0.9411764705882353,0.963855421686747,0.9693834160170092
primary_43_SurrogateTransfer_feature_squeezing_C1,43,SurrogateTransfer,feature_squeezing,C1,52,80,1,414,5,0.988,0.9876543209876543,0.9411764705882353,0.963855421686747,0.9693834160170092
primary_43_SurrogateTransfer_feature_squeezing_C1,43,SurrogateTransfer,feature_squeezing,C1,53,77,1,414,8,0.982,0.9871794871794872,0.9058823529411765,0.9447852760736197,0.9517363571934798
primary_43_SurrogateTransfer_feature_squeezing_C1,43,SurrogateTransfer,feature_squeezing,C1,54,82,0,415,3,0.994,1.0,0.9647058823529412,0.9820359281437125,0.9823529411764707
primary_43_SurrogateTransfer_feature_squeezing_C1,43,SurrogateTransfer,feature_squeezing,C1,55,78,0,415,7,0.986,1.0,0.9176470588235294,0.9570552147239264,0.9588235294117646
primary_43_SurrogateTransfer_feature_squeezing_C1,43,SurrogateTransfer,feature_squeezing,C1,56,78,0,415,7,0.986,1.0,0.9176470588235294,0.9570552147239264,0.9588235294117646
primary_43_SurrogateTransfer_feature_squeezing_C1,43,SurrogateTransfer,feature_squeezing,C1,57,81,0,415,4,0.992,1.0,0.9529411764705882,0.9759036144578312,0.9764705882352941
primary_43_SurrogateTransfer_feature_squeezing_C1,43,SurrogateTransfer,feature_squeezing,C1,58,82,1,414,3,0.992,0.9879518072289156,0.9647058823529412,0.9761904761904762,0.9811481218993622
primary_43_SurrogateTransfer_feature_squeezing_C1,43,SurrogateTransfer,feature_squeezing,C1,59,78,0,415,7,0.986,1.0,0.9176470588235294,0.9570552147239264,0.9588235294117646
primary_43_SurrogateTransfer_feature_squeezing_C1,43,SurrogateTransfer,feature_squeezing,C1,60,81,0,415,4,0.992,1.0,0.9529411764705882,0.9759036144578312,0.9764705882352941
primary_43_SurrogateTransfer_feature_squeezing_C1,43,SurrogateTransfer,feature_squeezing,C1,61,78,0,415,7,0.986,1.0,0.9176470588235294,0.9570552147239264,0.9588235294117646
primary_43_SurrogateTransfer_feature_squeezing_C1,43,SurrogateTransfer,feature_squeezing,C1,62,81,0,415,4,0.992,1.0,0.9529411764705882,0.9759036144578312,0.9764705882352941
primary_43_SurrogateTransfer_feature_squeezing_C1,43,SurrogateTransfer,feature_squeezing,C1,63,77,0,415,8,0.984,1.0,0.9058823529411765,0.9506172839506173,0.9529411764705882
primary_43_SurrogateTransfer_feature_squeezing_C1,43,SurrogateTransfer,feature_squeezing,C1,64,77,0,415,8,0.984,1.0,0.9058823529411765,0.9506172839506173,0.9529411764705882
primary_43_SurrogateTransfer_feature_squeezing_C1,43,SurrogateTransfer,feature_squeezing,C1,65,78,0,415,7,0.986,1.0,0.9176470588235294,0.9570552147239264,0.9588235294117646
primary_43_SurrogateTransfer_feature_squeezing_C1,43,SurrogateTransfer,feature_squeezing,C1,66,80,0,415,5,0.99,1.0,0.9411764705882353,0.9696969696969697,0.9705882352941176
primary_43_SurrogateTransfer_feature_squeezing_C1,43,SurrogateTransfer,feature_squeezing,C1,67,81,0,415,4,0.992,1.0,0.9529411764705882,0.9759036144578312,0.9764705882352941
primary_43_SurrogateTransfer_feature_squeezing_C1,43,SurrogateTransfer,feature_squeezing,C1,68,79,0,415,6,0.988,1.0,0.9294117647058824,0.9634146341463414,0.9647058823529412
primary_43_SurrogateTransfer_feature_squeezing_C1,43,SurrogateTransfer,feature_squeezing,C1,69,80,1,414,5,0.988,0.9876543209876543,0.9411764705882353,0.963855421686747,0.9693834160170092
primary_43_SurrogateTransfer_feature_squeezing_C1,43,SurrogateTransfer,feature_squeezing,C1,70,82,0,415,3,0.994,1.0,0.9647058823529412,0.9820359281437125,0.9823529411764707
primary_43_SurrogateTransfer_feature_squeezing_C1,43,SurrogateTransfer,feature_squeezing,C1,71,77,0,415,8,0.984,1.0,0.9058823529411765,0.9506172839506173,0.9529411764705882
primary_43_SurrogateTransfer_feature_squeezing_C1,43,SurrogateTransfer,feature_squeezing,C1,72,78,0,415,7,0.986,1.0,0.9176470588235294,0.9570552147239264,0.9588235294117646
primary_43_SurrogateTransfer_feature_squeezing_C1,43,SurrogateTransfer,feature_squeezing,C1,73,77,0,415,8,0.984,1.0,0.9058823529411765,0.9506172839506173,0.9529411764705882
primary_43_SurrogateTransfer_feature_squeezing_C1,43,SurrogateTransfer,feature_squeezing,C1,74,82,0,415,3,0.994,1.0,0.9647058823529412,0.9820359281437125,0.9823529411764707
primary_43_SurrogateTransfer_feature_squeezing_C1,43,SurrogateTransfer,feature_squeezing,C1,75,78,0,415,7,0.986,1.0,0.9176470588235294,0.9570552147239264,0.9588235294117646
primary_43_SurrogateTransfer_feature_squeezing_C1,43,SurrogateTransfer,feature_squeezing,C1,76,82,0,415,3,0.994,1.0,0.9647058823529412,0.9820359281437125,0.9823529411764707
primary_43_SurrogateTransfer_feature_squeezing_C1,43,SurrogateTransfer,feature_squeezing,C1,77,80,0,415,5,0.99,1.0,0.9411764705882353,0.9696969696969697,0.9705882352941176
primary_43_SurrogateTransfer_feature_squeezing_C1,43,SurrogateTransfer,feature_squeezing,C1,78,83,0,415,2,0.996,1.0,0.9764705882352941,0.988095238095238,0.9882352941176471
primary_43_SurrogateTransfer_feature_squeezing_C1,43,SurrogateTransfer,feature_squeezing,C1,79,81,0,415,4,0.992,1.0,0.9529411764705882,0.9759036144578312,0.9764705882352941
primary_43_SurrogateTransfer_feature_squeezing_C1,43,SurrogateTransfer,feature_squeezing,C1,80,78,0,415,7,0.986,1.0,0.9176470588235294,0.9570552147239264,0.9588235294117646
primary_43_SurrogateTransfer_feature_squeezing_C1,43,SurrogateTransfer,feature_squeezing,C1,81,76,0,415,9,0.982,1.0,0.8941176470588236,0.9440993788819877,0.9470588235294117
primary_43_SurrogateTransfer_feature_squeezing_C1,43,SurrogateTransfer,feature_squeezing,C1,82,79,0,415,6,0.988,1.0,0.9294117647058824,0.9634146341463414,0.9647058823529412
primary_43_SurrogateTransfer_feature_squeezing_C1,43,SurrogateTransfer,feature_squeezing,C1,83,78,0,415,7,0.986,1.0,0.9176470588235294,0.9570552147239264,0.9588235294117646
primary_43_SurrogateTransfer_feature_squeezing_C1,43,SurrogateTransfer,feature_squeezing,C1,84,79,0,415,6,0.988,1.0,0.9294117647058824,0.9634146341463414,0.9647058823529412
primary_43_SurrogateTransfer_feature_squeezing_C1,43,SurrogateTransfer,feature_squeezing,C1,85,82,1,414,3,0.992,0.9879518072289156,0.9647058823529412,0.9761904761904762,0.9811481218993622
primary_43_SurrogateTransfer_feature_squeezing_C1,43,SurrogateTransfer,feature_squeezing,C1,86,76,1,414,9,0.98,0.987012987012987,0.8941176470588236,0.9382716049382716,0.9458540042523034
primary_43_SurrogateTransfer_feature_squeezing_C1,43,SurrogateTransfer,feature_squeezing,C1,87,78,0,415,7,0.986,1.0,0.9176470588235294,0.9570552147239264,0.9588235294117646
primary_43_SurrogateTransfer_feature_squeezing_C1,43,SurrogateTransfer,feature_squeezing,C1,88,81,0,415,4,0.992,1.0,0.9529411764705882,0.9759036144578312,0.9764705882352941
primary_43_SurrogateTransfer_feature_squeezing_C1,43,SurrogateTransfer,feature_squeezing,C1,89,79,1,414,6,0.986,0.9875,0.9294117647058824,0.9575757575757576,0.9635010630758327
primary_43_SurrogateTransfer_feature_squeezing_C1,43,SurrogateTransfer,feature_squeezing,C1,90,81,1,414,4,0.99,0.9878048780487805,0.9529411764705882,0.9700598802395209,0.9752657689581856
primary_43_SurrogateTransfer_feature_squeezing_C1,43,SurrogateTransfer,feature_squeezing,C1,91,80,1,414,5,0.988,0.9876543209876543,0.9411764705882353,0.963855421686747,0.9693834160170092
primary_43_SurrogateTransfer_feature_squeezing_C1,43,SurrogateTransfer,feature_squeezing,C1,92,80,0,415,5,0.99,1.0,0.9411764705882353,0.9696969696969697,0.9705882352941176
primary_43_SurrogateTransfer_feature_squeezing_C1,43,SurrogateTransfer,feature_squeezing,C1,93,79,0,415,6,0.988,1.0,0.9294117647058824,0.9634146341463414,0.9647058823529412
primary_43_SurrogateTransfer_feature_squeezing_C1,43,SurrogateTransfer,feature_squeezing,C1,94,81,0,415,4,0.992,1.0,0.9529411764705882,0.9759036144578312,0.9764705882352941
primary_43_SurrogateTransfer_feature_squeezing_C1,43,SurrogateTransfer,feature_squeezing,C1,95,81,0,415,4,0.992,1.0,0.9529411764705882,0.9759036144578312,0.9764705882352941
primary_43_SurrogateTransfer_feature_squeezing_C1,43,SurrogateTransfer,feature_squeezing,C1,96,84,0,415,1,0.998,1.0,0.9882352941176471,0.9940828402366864,0.9941176470588236
primary_43_SurrogateTransfer_feature_squeezing_C1,43,SurrogateTransfer,feature_squeezing,C1,97,75,1,414,10,0.978,0.9868421052631579,0.8823529411764706,0.9316770186335402,0.9399716513111269
primary_43_SurrogateTransfer_feature_squeezing_C1,43,SurrogateTransfer,feature_squeezing,C1,98,80,0,415,5,0.99,1.0,0.9411764705882353,0.9696969696969697,0.9705882352941176
primary_43_SurrogateTransfer_feature_squeezing_C1,43,SurrogateTransfer,feature_squeezing,C1,99,81,0,415,4,0.992,1.0,0.9529411764705882,0.9759036144578312,0.9764705882352941
primary_43_SurrogateTransfer_feature_squeezing_C1,43,SurrogateTransfer,feature_squeezing,C1,100,81,0,415,4,0.992,1.0,0.9529411764705882,0.9759036144578312,0.9764705882352941
primary_43_SurrogateTransfer_feature_squeezing_C1,43,SurrogateTransfer,feature_squeezing,C1,101,81,0,415,4,0.992,1.0,0.9529411764705882,0.9759036144578312,0.9764705882352941
primary_43_SurrogateTransfer_feature_squeezing_C1,43,SurrogateTransfer,feature_squeezing,C1,102,82,0,415,3,0.994,1.0,0.9647058823529412,0.9820359281437125,0.9823529411764707
primary_43_SurrogateTransfer_feature_squeezing_C1,43,SurrogateTransfer,feature_squeezing,C1,103,81,0,415,4,0.992,1.0,0.9529411764705882,0.9759036144578312,0.9764705882352941
primary_43_SurrogateTransfer_feature_squeezing_C1,43,SurrogateTransfer,feature_squeezing,C1,104,81,0,415,4,0.992,1.0,0.9529411764705882,0.9759036144578312,0.9764705882352941
primary_43_SurrogateTransfer_feature_squeezing_C1,43,SurrogateTransfer,feature_squeezing,C1,105,82,0,415,3,0.994,1.0,0.9647058823529412,0.9820359281437125,0.9823529411764707
primary_43_SurrogateTransfer_feature_squeezing_C1,43,SurrogateTransfer,feature_squeezing,C1,106,79,0,415,6,0.988,1.0,0.9294117647058824,0.9634146341463414,0.9647058823529412
primary_43_SurrogateTransfer_feature_squeezing_C1,43,SurrogateTransfer,feature_squeezing,C1,107,79,0,415,6,0.988,1.0,0.9294117647058824,0.9634146341463414,0.9647058823529412
primary_43_SurrogateTransfer_feature_squeezing_C1,43,SurrogateTransfer,feature_squeezing,C1,108,81,0,415,4,0.992,1.0,0.9529411764705882,0.9759036144578312,0.9764705882352941
primary_43_SurrogateTransfer_feature_squeezing_C1,43,SurrogateTransfer,feature_squeezing,C1,109,78,0,415,7,0.986,1.0,0.9176470588235294,0.9570552147239264,0.9588235294117646
primary_43_SurrogateTransfer_feature_squeezing_C1,43,SurrogateTransfer,feature_squeezing,C1,110,78,1,414,7,0.984,0.9873417721518988,0.9176470588235294,0.9512195121951219,0.9576187101346563
primary_43_SurrogateTransfer_feature_squeezing_C1,43,SurrogateTransfer,feature_squeezing,C1,111,84,0,415,1,0.998,1.0,0.9882352941176471,0.9940828402366864,0.9941176470588236
primary_43_SurrogateTransfer_feature_squeezing_C1,43,SurrogateTransfer,feature_squeezing,C1,112,81,1,414,4,0.99,0.9878048780487805,0.9529411764705882,0.9700598802395209,0.9752657689581856
primary_43_SurrogateTransfer_feature_squeezing_C1,43,SurrogateTransfer,feature_squeezing,C1,113,79,1,414,6,0.986,0.9875,0.9294117647058824,0.9575757575757576,0.9635010630758327
primary_43_SurrogateTransfer_feature_squeezing_C1,43,SurrogateTransfer,feature_squeezing,C1,114,79,0,415,6,0.988,1.0,0.9294117647058824,0.9634146341463414,0.9647058823529412
primary_43_SurrogateTransfer_feature_squeezing_C1,43,SurrogateTransfer,feature_squeezing,C1,115,77,0,415,8,0.984,1.0,0.9058823529411765,0.9506172839506173,0.9529411764705882
primary_43_SurrogateTransfer_feature_squeezing_C1,43,SurrogateTransfer,feature_squeezing,C1,116,78,0,415,7,0.986,1.0,0.9176470588235294,0.9570552147239264,0.9588235294117646
primary_43_SurrogateTransfer_feature_squeezing_C1,43,SurrogateTransfer,feature_squeezing,C1,117,80,0,415,5,0.99,1.0,0.9411764705882353,0.9696969696969697,0.9705882352941176
primary_43_SurrogateTransfer_feature_squeezing_C1,43,SurrogateTransfer,feature_squeezing,C1,118,78,1,414,7,0.984,0.9873417721518988,0.9176470588235294,0.9512195121951219,0.9576187101346563
primary_43_SurrogateTransfer_feature_squeezing_C1,43,SurrogateTransfer,feature_squeezing,C1,119,80,0,415,5,0.99,1.0,0.9411764705882353,0.9696969696969697,0.9705882352941176
primary_43_SurrogateTransfer_feature_squeezing_C1,43,SurrogateTransfer,feature_squeezing,C1,120,81,0,415,4,0.992,1.0,0.9529411764705882,0.9759036144578312,0.9764705882352941
primary_43_SurrogateTransfer_feature_squeezing_C1,43,SurrogateTransfer,feature_squeezing,C1,121,81,0,415,4,0.992,1.0,0.9529411764705882,0.9759036144578312,0.9764705882352941
primary_43_SurrogateTransfer_feature_squeezing_C1,43,SurrogateTransfer,feature_squeezing,C1,122,80,0,415,5,0.99,1.0,0.9411764705882353,0.9696969696969697,0.9705882352941176
primary_43_SurrogateTransfer_feature_squeezing_C1,43,SurrogateTransfer,feature_squeezing,C1,123,76,0,415,9,0.982,1.0,0.8941176470588236,0.9440993788819877,0.9470588235294117
primary_43_SurrogateTransfer_feature_squeezing_C1,43,SurrogateTransfer,feature_squeezing,C1,124,80,0,415,5,0.99,1.0,0.9411764705882353,0.9696969696969697,0.9705882352941176
primary_43_SurrogateTransfer_feature_squeezing_C1,43,SurrogateTransfer,feature_squeezing,C1,125,80,1,414,5,0.988,0.9876543209876543,0.9411764705882353,0.963855421686747,0.9693834160170092
primary_43_SurrogateTransfer_feature_squeezing_C1,43,SurrogateTransfer,feature_squeezing,C1,126,83,0,415,2,0.996,1.0,0.9764705882352941,0.988095238095238,0.9882352941176471
primary_43_SurrogateTransfer_feature_squeezing_C1,43,SurrogateTransfer,feature_squeezing,C1,127,77,0,415,8,0.984,1.0,0.9058823529411765,0.9506172839506173,0.9529411764705882
primary_43_SurrogateTransfer_feature_squeezing_C1,43,SurrogateTransfer,feature_squeezing,C1,128,83,0,415,2,0.996,1.0,0.9764705882352941,0.988095238095238,0.9882352941176471
primary_43_SurrogateTransfer_feature_squeezing_C1,43,SurrogateTransfer,feature_squeezing,C1,129,79,0,415,6,0.988,1.0,0.9294117647058824,0.9634146341463414,0.9647058823529412
primary_43_SurrogateTransfer_feature_squeezing_C1,43,SurrogateTransfer,feature_squeezing,C1,130,83,0,415,2,0.996,1.0,0.9764705882352941,0.988095238095238,0.9882352941176471
primary_43_SurrogateTransfer_feature_squeezing_C1,43,SurrogateTransfer,feature_squeezing,C1,131,80,0,415,5,0.99,1.0,0.9411764705882353,0.9696969696969697,0.9705882352941176
primary_43_SurrogateTransfer_feature_squeezing_C1,43,SurrogateTransfer,feature_squeezing,C1,132,78,0,415,7,0.986,1.0,0.9176470588235294,0.9570552147239264,0.9588235294117646
primary_43_SurrogateTransfer_feature_squeezing_C1,43,SurrogateTransfer,feature_squeezing,C1,133,81,0,415,4,0.992,1.0,0.9529411764705882,0.9759036144578312,0.9764705882352941
primary_43_SurrogateTransfer_feature_squeezing_C1,43,SurrogateTransfer,feature_squeezing,C1,134,78,0,415,7,0.986,1.0,0.9176470588235294,0.9570552147239264,0.9588235294117646
primary_43_SurrogateTransfer_feature_squeezing_C1,43,SurrogateTransfer,feature_squeezing,C1,135,83,0,415,2,0.996,1.0,0.9764705882352941,0.988095238095238,0.9882352941176471
primary_43_SurrogateTransfer_feature_squeezing_C1,43,SurrogateTransfer,feature_squeezing,C1,136,82,0,415,3,0.994,1.0,0.9647058823529412,0.9820359281437125,0.9823529411764707
primary_43_SurrogateTransfer_feature_squeezing_C1,43,SurrogateTransfer,feature_squeezing,C1,137,79,1,414,6,0.986,0.9875,0.9294117647058824,0.9575757575757576,0.9635010630758327
primary_43_SurrogateTransfer_feature_squeezing_C1,43,SurrogateTransfer,feature_squeezing,C1,138,82,0,415,3,0.994,1.0,0.9647058823529412,0.9820359281437125,0.9823529411764707
primary_43_SurrogateTransfer_feature_squeezing_C1,43,SurrogateTransfer,feature_squeezing,C1,139,78,0,415,7,0.986,1.0,0.9176470588235294,0.9570552147239264,0.9588235294117646
primary_43_SurrogateTransfer_feature_squeezing_C1,43,SurrogateTransfer,feature_squeezing,C1,140,78,0,415,7,0.986,1.0,0.9176470588235294,0.9570552147239264,0.9588235294117646
primary_43_SurrogateTransfer_feature_squeezing_C1,43,SurrogateTransfer,feature_squeezing,C1,141,77,0,415,8,0.984,1.0,0.9058823529411765,0.9506172839506173,0.9529411764705882
primary_43_SurrogateTransfer_feature_squeezing_C1,43,SurrogateTransfer,feature_squeezing,C1,142,84,0,415,1,0.998,1.0,0.9882352941176471,0.9940828402366864,0.9941176470588236
primary_43_SurrogateTransfer_feature_squeezing_C1,43,SurrogateTransfer,feature_squeezing,C1,143,81,0,415,4,0.992,1.0,0.9529411764705882,0.9759036144578312,0.9764705882352941
primary_43_SurrogateTransfer_randomized_smoothing_Base,43,SurrogateTransfer,randomized_smoothing,Base,0,71,0,414,15,0.97,1.0,0.8255813953488372,0.9044585987261146,0.9127906976744187
primary_43_SurrogateTransfer_randomized_smoothing_Base,43,SurrogateTransfer,randomized_smoothing,Base,1,67,0,414,19,0.962,1.0,0.7790697674418605,0.8758169934640523,0.8895348837209303
primary_43_SurrogateTransfer_randomized_smoothing_Base,43,SurrogateTransfer,randomized_smoothing,Base,2,72,0,414,14,0.972,1.0,0.8372093023255814,0.9113924050632911,0.9186046511627908
primary_43_SurrogateTransfer_randomized_smoothing_Base,43,SurrogateTransfer,randomized_smoothing,Base,3,68,0,414,18,0.964,1.0,0.7906976744186046,0.8831168831168831,0.8953488372093024
primary_43_SurrogateTransfer_randomized_smoothing_Base,43,SurrogateTransfer,randomized_smoothing,Base,4,75,0,414,11,0.978,1.0,0.872093023255814,0.9316770186335404,0.936046511627907
primary_43_SurrogateTransfer_randomized_smoothing_Base,43,SurrogateTransfer,randomized_smoothing,Base,5,70,0,414,16,0.968,1.0,0.813953488372093,0.8974358974358974,0.9069767441860466
primary_43_SurrogateTransfer_randomized_smoothing_Base,43,SurrogateTransfer,randomized_smoothing,Base,6,74,0,414,12,0.976,1.0,0.8604651162790697,0.9249999999999999,0.9302325581395349
primary_43_SurrogateTransfer_randomized_smoothing_Base,43,SurrogateTransfer,randomized_smoothing,Base,7,70,0,414,16,0.968,1.0,0.813953488372093,0.8974358974358974,0.9069767441860466
primary_43_SurrogateTransfer_randomized_smoothing_Base,43,SurrogateTransfer,randomized_smoothing,Base,8,68,0,414,18,0.964,1.0,0.7906976744186046,0.8831168831168831,0.8953488372093024
primary_43_SurrogateTransfer_randomized_smoothing_Base,43,SurrogateTransfer,randomized_smoothing,Base,9,70,0,414,16,0.968,1.0,0.813953488372093,0.8974358974358974,0.9069767441860466
primary_43_SurrogateTransfer_randomized_smoothing_Base,43,SurrogateTransfer,randomized_smoothing,Base,10,72,0,414,14,0.972,1.0,0.8372093023255814,0.9113924050632911,0.9186046511627908
primary_43_SurrogateTransfer_randomized_smoothing_Base,43,SurrogateTransfer,randomized_smoothing,Base,11,69,0,414,17,0.966,1.0,0.8023255813953488,0.8903225806451612,0.9011627906976745
primary_43_SurrogateTransfer_randomized_smoothing_Base,43,SurrogateTransfer,randomized_smoothing,Base,12,72,0,414,14,0.972,1.0,0.8372093023255814,0.9113924050632911,0.9186046511627908
primary_43_SurrogateTransfer_randomized_smoothing_Base,43,SurrogateTransfer,randomized_smoothing,Base,13,77,0,414,9,0.982,1.0,0.8953488372093024,0.9447852760736196,0.9476744186046512
primary_43_SurrogateTransfer_randomized_smoothing_Base,43,SurrogateTransfer,randomized_smoothing,Base,14,73,0,414,13,0.974,1.0,0.8488372093023255,0.9182389937106918,0.9244186046511628
primary_43_SurrogateTransfer_randomized_smoothing_Base,43,SurrogateTransfer,randomized_smoothing,Base,15,72,0,414,14,0.972,1.0,0.8372093023255814,0.9113924050632911,0.9186046511627908
primary_43_SurrogateTransfer_randomized_smoothing_Base,43,SurrogateTransfer,randomized_smoothing,Base,16,66,0,414,20,0.96,1.0,0.7674418604651163,0.868421052631579,0.8837209302325582
primary_43_SurrogateTransfer_randomized_smoothing_Base,43,SurrogateTransfer,randomized_smoothing,Base,17,78,0,415,7,0.986,1.0,0.9176470588235294,0.9570552147239264,0.9588235294117646
primary_43_SurrogateTransfer_randomized_smoothing_Base,43,SurrogateTransfer,randomized_smoothing,Base,18,67,0,415,18,0.964,1.0,0.788235294117647,0.8815789473684211,0.8941176470588235
primary_43_SurrogateTransfer_randomized_smoothing_Base,43,SurrogateTransfer,randomized_smoothing,Base,19,73,0,415,12,0.976,1.0,0.8588235294117647,0.9240506329113923,0.9294117647058824
primary_43_SurrogateTransfer_randomized_smoothing_Base,43,SurrogateTransfer,randomized_smoothing,Base,20,65,0,415,20,0.96,1.0,0.7647058823529411,0.8666666666666666,0.8823529411764706
primary_43_SurrogateTransfer_randomized_smoothing_Base,43,SurrogateTransfer,randomized_smoothing,Base,21,67,0,415,18,0.964,1.0,0.788235294117647,0.8815789473684211,0.8941176470588235
primary_43_SurrogateTransfer_randomized_smoothing_Base,43,SurrogateTransfer,randomized_smoothing,Base,22,71,0,415,14,0.972,1.0,0.8352941176470589,0.9102564102564102,0.9176470588235295
primary_43_SurrogateTransfer_randomized_smoothing_Base,43,SurrogateTransfer,randomized_smoothing,Base,23,69,0,415,16,0.968,1.0,0.8117647058823529,0.8961038961038961,0.9058823529411765
primary_43_SurrogateTransfer_randomized_smoothing_Base,43,SurrogateTransfer,randomized_smoothing,Base,24,68,0,415,17,0.966,1.0,0.8,0.888888888888889,0.9
primary_43_SurrogateTransfer_randomized_smoothing_Base,43,SurrogateTransfer,randomized_smoothing,Base,25,71,0,415,14,0.972,1.0,0.8352941176470589,0.9102564102564102,0.9176470588235295
primary_43_SurrogateTransfer_randomized_smoothing_Base,43,SurrogateTransfer,randomized_smoothing,Base,26,63,0,415,22,0.956,1.0,0.7411764705882353,0.8513513513513514,0.8705882352941177
primary_43_SurrogateTransfer_randomized_smoothing_Base,43,SurrogateTransfer,randomized_smoothing,Base,27,63,0,415,22,0.956,1.0,0.7411764705882353,0.8513513513513514,0.8705882352941177
primary_43_SurrogateTransfer_randomized_smoothing_Base,43,SurrogateTransfer,randomized_smoothing,Base,28,71,0,415,14,0.972,1.0,0.8352941176470589,0.9102564102564102,0.9176470588235295
primary_43_SurrogateTransfer_randomized_smoothing_Base,43,SurrogateTransfer,randomized_smoothing,Base,29,67,0,415,18,0.964,1.0,0.788235294117647,0.8815789473684211,0.8941176470588235
primary_43_SurrogateTransfer_randomized_smoothing_Base,43,SurrogateTransfer,randomized_smoothing,Base,30,72,0,415,13,0.974,1.0,0.8470588235294118,0.9171974522292993,0.9235294117647059
primary_43_SurrogateTransfer_randomized_smoothing_Base,43,SurrogateTransfer,randomized_smoothing,Base,31,67,0,415,18,0.964,1.0,0.788235294117647,0.8815789473684211,0.8941176470588235
primary_43_SurrogateTransfer_randomized_smoothing_Base,43,SurrogateTransfer,randomized_smoothing,Base,32,67,0,415,18,0.964,1.0,0.788235294117647,0.8815789473684211,0.8941176470588235
primary_43_SurrogateTransfer_randomized_smoothing_Base,43,SurrogateTransfer,randomized_smoothing,Base,33,65,0,415,20,0.96,1.0,0.7647058823529411,0.8666666666666666,0.8823529411764706
primary_43_SurrogateTransfer_randomized_smoothing_Base,43,SurrogateTransfer,randomized_smoothing,Base,34,67,0,415,18,0.964,1.0,0.788235294117647,0.8815789473684211,0.8941176470588235
primary_43_SurrogateTransfer_randomized_smoothing_Base,43,SurrogateTransfer,randomized_smoothing,Base,35,64,0,415,21,0.958,1.0,0.7529411764705882,0.8590604026845637,0.8764705882352941
primary_43_SurrogateTransfer_randomized_smoothing_Base,43,SurrogateTransfer,randomized_smoothing,Base,36,66,0,415,19,0.962,1.0,0.7764705882352941,0.8741721854304636,0.888235294117647
primary_43_SurrogateTransfer_randomized_smoothing_Base,43,SurrogateTransfer,randomized_smoothing,Base,37,75,0,415,10,0.98,1.0,0.8823529411764706,0.9375,0.9411764705882353
primary_43_SurrogateTransfer_randomized_smoothing_Base,43,SurrogateTransfer,randomized_smoothing,Base,38,70,0,415,15,0.97,1.0,0.8235294117647058,0.9032258064516129,0.9117647058823529
primary_43_SurrogateTransfer_randomized_smoothing_Base,43,SurrogateTransfer,randomized_smoothing,Base,39,65,0,415,20,0.96,1.0,0.7647058823529411,0.8666666666666666,0.8823529411764706
primary_43_SurrogateTransfer_randomized_smoothing_Base,43,SurrogateTransfer,randomized_smoothing,Base,40,75,0,415,10,0.98,1.0,0.8823529411764706,0.9375,0.9411764705882353
primary_43_SurrogateTransfer_randomized_smoothing_Base,43,SurrogateTransfer,randomized_smoothing,Base,41,72,0,415,13,0.974,1.0,0.8470588235294118,0.9171974522292993,0.9235294117647059
primary_43_SurrogateTransfer_randomized_smoothing_Base,43,SurrogateTransfer,randomized_smoothing,Base,42,70,0,415,15,0.97,1.0,0.8235294117647058,0.9032258064516129,0.9117647058823529
primary_43_SurrogateTransfer_randomized_smoothing_Base,43,SurrogateTransfer,randomized_smoothing,Base,43,67,0,415,18,0.964,1.0,0.788235294117647,0.8815789473684211,0.8941176470588235
primary_43_SurrogateTransfer_randomized_smoothing_Base,43,SurrogateTransfer,randomized_smoothing,Base,44,66,0,415,19,0.962,1.0,0.7764705882352941,0.8741721854304636,0.888235294117647
primary_43_SurrogateTransfer_randomized_smoothing_Base,43,SurrogateTransfer,randomized_smoothing,Base,45,73,0,415,12,0.976,1.0,0.8588235294117647,0.9240506329113923,0.9294117647058824
primary_43_SurrogateTransfer_randomized_smoothing_Base,43,SurrogateTransfer,randomized_smoothing,Base,46,73,0,415,12,0.976,1.0,0.8588235294117647,0.9240506329113923,0.9294117647058824
primary_43_SurrogateTransfer_randomized_smoothing_Base,43,SurrogateTransfer,randomized_smoothing,Base,47,68,0,415,17,0.966,1.0,0.8,0.888888888888889,0.9
primary_43_SurrogateTransfer_randomized_smoothing_Base,43,SurrogateTransfer,randomized_smoothing,Base,48,74,0,415,11,0.978,1.0,0.8705882352941177,0.9308176100628931,0.9352941176470588
primary_43_SurrogateTransfer_randomized_smoothing_Base,43,SurrogateTransfer,randomized_smoothing,Base,49,67,0,415,18,0.964,1.0,0.788235294117647,0.8815789473684211,0.8941176470588235
primary_43_SurrogateTransfer_randomized_smoothing_Base,43,SurrogateTransfer,randomized_smoothing,Base,50,70,0,415,15,0.97,1.0,0.8235294117647058,0.9032258064516129,0.9117647058823529
primary_43_SurrogateTransfer_randomized_smoothing_Base,43,SurrogateTransfer,randomized_smoothing,Base,51,73,0,415,12,0.976,1.0,0.8588235294117647,0.9240506329113923,0.9294117647058824
primary_43_SurrogateTransfer_randomized_smoothing_Base,43,SurrogateTransfer,randomized_smoothing,Base,52,67,0,415,18,0.964,1.0,0.788235294117647,0.8815789473684211,0.8941176470588235
primary_43_SurrogateTransfer_randomized_smoothing_Base,43,SurrogateTransfer,randomized_smoothing,Base,53,62,0,415,23,0.954,1.0,0.7294117647058823,0.8435374149659863,0.8647058823529412
primary_43_SurrogateTransfer_randomized_smoothing_Base,43,SurrogateTransfer,randomized_smoothing,Base,54,67,0,415,18,0.964,1.0,0.788235294117647,0.8815789473684211,0.8941176470588235
primary_43_SurrogateTransfer_randomized_smoothing_Base,43,SurrogateTransfer,randomized_smoothing,Base,55,65,0,415,20,0.96,1.0,0.7647058823529411,0.8666666666666666,0.8823529411764706
primary_43_SurrogateTransfer_randomized_smoothing_Base,43,SurrogateTransfer,randomized_smoothing,Base,56,69,0,415,16,0.968,1.0,0.8117647058823529,0.8961038961038961,0.9058823529411765
primary_43_SurrogateTransfer_randomized_smoothing_Base,43,SurrogateTransfer,randomized_smoothing,Base,57,68,0,415,17,0.966,1.0,0.8,0.888888888888889,0.9
primary_43_SurrogateTransfer_randomized_smoothing_Base,43,SurrogateTransfer,randomized_smoothing,Base,58,71,0,415,14,0.972,1.0,0.8352941176470589,0.9102564102564102,0.9176470588235295
primary_43_SurrogateTransfer_randomized_smoothing_Base,43,SurrogateTransfer,randomized_smoothing,Base,59,70,0,415,15,0.97,1.0,0.8235294117647058,0.9032258064516129,0.9117647058823529
primary_43_SurrogateTransfer_randomized_smoothing_Base,43,SurrogateTransfer,randomized_smoothing,Base,60,65,0,415,20,0.96,1.0,0.7647058823529411,0.8666666666666666,0.8823529411764706
primary_43_SurrogateTransfer_randomized_smoothing_Base,43,SurrogateTransfer,randomized_smoothing,Base,61,70,0,415,15,0.97,1.0,0.8235294117647058,0.9032258064516129,0.9117647058823529
primary_43_SurrogateTransfer_randomized_smoothing_Base,43,SurrogateTransfer,randomized_smoothing,Base,62,66,0,415,19,0.962,1.0,0.7764705882352941,0.8741721854304636,0.888235294117647
primary_43_SurrogateTransfer_randomized_smoothing_Base,43,SurrogateTransfer,randomized_smoothing,Base,63,67,0,415,18,0.964,1.0,0.788235294117647,0.8815789473684211,0.8941176470588235
primary_43_SurrogateTransfer_randomized_smoothing_Base,43,SurrogateTransfer,randomized_smoothing,Base,64,70,0,415,15,0.97,1.0,0.8235294117647058,0.9032258064516129,0.9117647058823529
primary_43_SurrogateTransfer_randomized_smoothing_Base,43,SurrogateTransfer,randomized_smoothing,Base,65,64,0,415,21,0.958,1.0,0.7529411764705882,0.8590604026845637,0.8764705882352941
primary_43_SurrogateTransfer_randomized_smoothing_Base,43,SurrogateTransfer,randomized_smoothing,Base,66,69,0,415,16,0.968,1.0,0.8117647058823529,0.8961038961038961,0.9058823529411765
primary_43_SurrogateTransfer_randomized_smoothing_Base,43,SurrogateTransfer,randomized_smoothing,Base,67,69,0,415,16,0.968,1.0,0.8117647058823529,0.8961038961038961,0.9058823529411765
primary_43_SurrogateTransfer_randomized_smoothing_Base,43,SurrogateTransfer,randomized_smoothing,Base,68,67,0,415,18,0.964,1.0,0.788235294117647,0.8815789473684211,0.8941176470588235
primary_43_SurrogateTransfer_randomized_smoothing_Base,43,SurrogateTransfer,randomized_smoothing,Base,69,67,1,414,18,0.962,0.9852941176470589,0.788235294117647,0.8758169934640523,0.8929128277817151
primary_43_SurrogateTransfer_randomized_smoothing_Base,43,SurrogateTransfer,randomized_smoothing,Base,70,70,0,415,15,0.97,1.0,0.8235294117647058,0.9032258064516129,0.9117647058823529
primary_43_SurrogateTransfer_randomized_smoothing_Base,43,SurrogateTransfer,randomized_smoothing,Base,71,70,0,415,15,0.97,1.0,0.8235294117647058,0.9032258064516129,0.9117647058823529
primary_43_SurrogateTransfer_randomized_smoothing_Base,43,SurrogateTransfer,randomized_smoothing,Base,72,68,0,415,17,0.966,1.0,0.8,0.888888888888889,0.9
primary_43_SurrogateTransfer_randomized_smoothing_Base,43,SurrogateTransfer,randomized_smoothing,Base,73,67,0,415,18,0.964,1.0,0.788235294117647,0.8815789473684211,0.8941176470588235
primary_43_SurrogateTransfer_randomized_smoothing_Base,43,SurrogateTransfer,randomized_smoothing,Base,74,77,0,415,8,0.984,1.0,0.9058823529411765,0.9506172839506173,0.9529411764705882
primary_43_SurrogateTransfer_randomized_smoothing_Base,43,SurrogateTransfer,randomized_smoothing,Base,75,69,0,415,16,0.968,1.0,0.8117647058823529,0.8961038961038961,0.9058823529411765
primary_43_SurrogateTransfer_randomized_smoothing_Base,43,SurrogateTransfer,randomized_smoothing,Base,76,71,0,415,14,0.972,1.0,0.8352941176470589,0.9102564102564102,0.9176470588235295
primary_43_SurrogateTransfer_randomized_smoothing_Base,43,SurrogateTransfer,randomized_smoothing,Base,77,71,0,415,14,0.972,1.0,0.8352941176470589,0.9102564102564102,0.9176470588235295
primary_43_SurrogateTransfer_randomized_smoothing_Base,43,SurrogateTransfer,randomized_smoothing,Base,78,69,0,415,16,0.968,1.0,0.8117647058823529,0.8961038961038961,0.9058823529411765
primary_43_SurrogateTransfer_randomized_smoothing_Base,43,SurrogateTransfer,randomized_smoothing,Base,79,68,0,415,17,0.966,1.0,0.8,0.888888888888889,0.9
primary_43_SurrogateTransfer_randomized_smoothing_Base,43,SurrogateTransfer,randomized_smoothing,Base,80,66,0,415,19,0.962,1.0,0.7764705882352941,0.8741721854304636,0.888235294117647
primary_43_SurrogateTransfer_randomized_smoothing_Base,43,SurrogateTransfer,randomized_smoothing,Base,81,69,0,415,16,0.968,1.0,0.8117647058823529,0.8961038961038961,0.9058823529411765
primary_43_SurrogateTransfer_randomized_smoothing_Base,43,SurrogateTransfer,randomized_smoothing,Base,82,72,0,415,13,0.974,1.0,0.8470588235294118,0.9171974522292993,0.9235294117647059
primary_43_SurrogateTransfer_randomized_smoothing_Base,43,SurrogateTransfer,randomized_smoothing,Base,83,64,0,415,21,0.958,1.0,0.7529411764705882,0.8590604026845637,0.8764705882352941
primary_43_SurrogateTransfer_randomized_smoothing_Base,43,SurrogateTransfer,randomized_smoothing,Base,84,71,0,415,14,0.972,1.0,0.8352941176470589,0.9102564102564102,0.9176470588235295
primary_43_SurrogateTransfer_randomized_smoothing_Base,43,SurrogateTransfer,randomized_smoothing,Base,85,67,0,415,18,0.964,1.0,0.788235294117647,0.8815789473684211,0.8941176470588235
primary_43_SurrogateTransfer_randomized_smoothing_Base,43,SurrogateTransfer,randomized_smoothing,Base,86,70,1,414,15,0.968,0.9859154929577465,0.8235294117647058,0.8974358974358974,0.9105598866052445
primary_43_SurrogateTransfer_randomized_smoothing_Base,43,SurrogateTransfer,randomized_smoothing,Base,87,62,0,415,23,0.954,1.0,0.7294117647058823,0.8435374149659863,0.8647058823529412
primary_43_SurrogateTransfer_randomized_smoothing_Base,43,SurrogateTransfer,randomized_smoothing,Base,88,68,0,415,17,0.966,1.0,0.8,0.888888888888889,0.9
primary_43_SurrogateTransfer_randomized_smoothing_Base,43,SurrogateTransfer,randomized_smoothing,Base,89,70,0,415,15,0.97,1.0,0.8235294117647058,0.9032258064516129,0.9117647058823529
primary_43_SurrogateTransfer_randomized_smoothing_Base,43,SurrogateTransfer,randomized_smoothing,Base,90,69,0,415,16,0.968,1.0,0.8117647058823529,0.8961038961038961,0.9058823529411765
primary_43_SurrogateTransfer_randomized_smoothing_Base,43,SurrogateTransfer,randomized_smoothing,Base,91,65,0,415,20,0.96,1.0,0.7647058823529411,0.8666666666666666,0.8823529411764706
primary_43_SurrogateTransfer_randomized_smoothing_Base,43,SurrogateTransfer,randomized_smoothing,Base,92,65,0,415,20,0.96,1.0,0.7647058823529411,0.8666666666666666,0.8823529411764706
primary_43_SurrogateTransfer_randomized_smoothing_Base,43,SurrogateTransfer,randomized_smoothing,Base,93,72,0,415,13,0.974,1.0,0.8470588235294118,0.9171974522292993,0.9235294117647059
primary_43_SurrogateTransfer_randomized_smoothing_Base,43,SurrogateTransfer,randomized_smoothing,Base,94,68,0,415,17,0.966,1.0,0.8,0.888888888888889,0.9
primary_43_SurrogateTransfer_randomized_smoothing_Base,43,SurrogateTransfer,randomized_smoothing,Base,95,73,0,415,12,0.976,1.0,0.8588235294117647,0.9240506329113923,0.9294117647058824
primary_43_SurrogateTransfer_randomized_smoothing_Base,43,SurrogateTransfer,randomized_smoothing,Base,96,66,0,415,19,0.962,1.0,0.7764705882352941,0.8741721854304636,0.888235294117647
primary_43_SurrogateTransfer_randomized_smoothing_Base,43,SurrogateTransfer,randomized_smoothing,Base,97,63,0,415,22,0.956,1.0,0.7411764705882353,0.8513513513513514,0.8705882352941177
primary_43_SurrogateTransfer_randomized_smoothing_Base,43,SurrogateTransfer,randomized_smoothing,Base,98,72,0,415,13,0.974,1.0,0.8470588235294118,0.9171974522292993,0.9235294117647059
primary_43_SurrogateTransfer_randomized_smoothing_Base,43,SurrogateTransfer,randomized_smoothing,Base,99,63,0,415,22,0.956,1.0,0.7411764705882353,0.8513513513513514,0.8705882352941177
primary_43_SurrogateTransfer_randomized_smoothing_Base,43,SurrogateTransfer,randomized_smoothing,Base,100,76,0,415,9,0.982,1.0,0.8941176470588236,0.9440993788819877,0.9470588235294117
primary_43_SurrogateTransfer_randomized_smoothing_Base,43,SurrogateTransfer,randomized_smoothing,Base,101,67,0,415,18,0.964,1.0,0.788235294117647,0.8815789473684211,0.8941176470588235
primary_43_SurrogateTransfer_randomized_smoothing_Base,43,SurrogateTransfer,randomized_smoothing,Base,102,70,0,415,15,0.97,1.0,0.8235294117647058,0.9032258064516129,0.9117647058823529
primary_43_SurrogateTransfer_randomized_smoothing_Base,43,SurrogateTransfer,randomized_smoothing,Base,103,71,0,415,14,0.972,1.0,0.8352941176470589,0.9102564102564102,0.9176470588235295
primary_43_SurrogateTransfer_randomized_smoothing_Base,43,SurrogateTransfer,randomized_smoothing,Base,104,72,0,415,13,0.974,1.0,0.8470588235294118,0.9171974522292993,0.9235294117647059
primary_43_SurrogateTransfer_randomized_smoothing_Base,43,SurrogateTransfer,randomized_smoothing,Base,105,73,0,415,12,0.976,1.0,0.8588235294117647,0.9240506329113923,0.9294117647058824
primary_43_SurrogateTransfer_randomized_smoothing_Base,43,SurrogateTransfer,randomized_smoothing,Base,106,70,0,415,15,0.97,1.0,0.8235294117647058,0.9032258064516129,0.9117647058823529
primary_43_SurrogateTransfer_randomized_smoothing_Base,43,SurrogateTransfer,randomized_smoothing,Base,107,66,0,415,19,0.962,1.0,0.7764705882352941,0.8741721854304636,0.888235294117647
primary_43_SurrogateTransfer_randomized_smoothing_Base,43,SurrogateTransfer,randomized_smoothing,Base,108,70,0,415,15,0.97,1.0,0.8235294117647058,0.9032258064516129,0.9117647058823529
primary_43_SurrogateTransfer_randomized_smoothing_Base,43,SurrogateTransfer,randomized_smoothing,Base,109,65,0,415,20,0.96,1.0,0.7647058823529411,0.8666666666666666,0.8823529411764706
primary_43_SurrogateTransfer_randomized_smoothing_Base,43,SurrogateTransfer,randomized_smoothing,Base,110,65,1,414,20,0.958,0.9848484848484849,0.7647058823529411,0.8609271523178808,0.8811481218993622
primary_43_SurrogateTransfer_randomized_smoothing_Base,43,SurrogateTransfer,randomized_smoothing,Base,111,71,0,415,14,0.972,1.0,0.8352941176470589,0.9102564102564102,0.9176470588235295
primary_43_SurrogateTransfer_randomized_smoothing_Base,43,SurrogateTransfer,randomized_smoothing,Base,112,71,1,414,14,0.97,0.9861111111111112,0.8352941176470589,0.9044585987261147,0.916442239546421
primary_43_SurrogateTransfer_randomized_smoothing_Base,43,SurrogateTransfer,randomized_smoothing,Base,113,68,0,415,17,0.966,1.0,0.8,0.888888888888889,0.9
primary_43_SurrogateTransfer_randomized_smoothing_Base,43,SurrogateTransfer,randomized_smoothing,Base,114,65,0,415,20,0.96,1.0,0.7647058823529411,0.8666666666666666,0.8823529411764706
primary_43_SurrogateTransfer_randomized_smoothing_Base,43,SurrogateTransfer,randomized_smoothing,Base,115,66,0,415,19,0.962,1.0,0.7764705882352941,0.8741721854304636,0.888235294117647
primary_43_SurrogateTransfer_randomized_smoothing_Base,43,SurrogateTransfer,randomized_smoothing,Base,116,61,0,415,24,0.952,1.0,0.7176470588235294,0.8356164383561643,0.8588235294117648
primary_43_SurrogateTransfer_randomized_smoothing_Base,43,SurrogateTransfer,randomized_smoothing,Base,117,69,0,415,16,0.968,1.0,0.8117647058823529,0.8961038961038961,0.9058823529411765
primary_43_SurrogateTransfer_randomized_smoothing_Base,43,SurrogateTransfer,randomized_smoothing,Base,118,70,0,415,15,0.97,1.0,0.8235294117647058,0.9032258064516129,0.9117647058823529
primary_43_SurrogateTransfer_randomized_smoothing_Base,43,SurrogateTransfer,randomized_smoothing,Base,119,71,0,415,14,0.972,1.0,0.8352941176470589,0.9102564102564102,0.9176470588235295
primary_43_SurrogateTransfer_randomized_smoothing_Base,43,SurrogateTransfer,randomized_smoothing,Base,120,77,0,415,8,0.984,1.0,0.9058823529411765,0.9506172839506173,0.9529411764705882
primary_43_SurrogateTransfer_randomized_smoothing_Base,43,SurrogateTransfer,randomized_smoothing,Base,121,71,0,415,14,0.972,1.0,0.8352941176470589,0.9102564102564102,0.9176470588235295
primary_43_SurrogateTransfer_randomized_smoothing_Base,43,SurrogateTransfer,randomized_smoothing,Base,122,73,0,415,12,0.976,1.0,0.8588235294117647,0.9240506329113923,0.9294117647058824
primary_43_SurrogateTransfer_randomized_smoothing_Base,43,SurrogateTransfer,randomized_smoothing,Base,123,67,0,415,18,0.964,1.0,0.788235294117647,0.8815789473684211,0.8941176470588235
primary_43_SurrogateTransfer_randomized_smoothing_Base,43,SurrogateTransfer,randomized_smoothing,Base,124,65,0,415,20,0.96,1.0,0.7647058823529411,0.8666666666666666,0.8823529411764706
primary_43_SurrogateTransfer_randomized_smoothing_Base,43,SurrogateTransfer,randomized_smoothing,Base,125,70,0,415,15,0.97,1.0,0.8235294117647058,0.9032258064516129,0.9117647058823529
primary_43_SurrogateTransfer_randomized_smoothing_Base,43,SurrogateTransfer,randomized_smoothing,Base,126,75,0,415,10,0.98,1.0,0.8823529411764706,0.9375,0.9411764705882353
primary_43_SurrogateTransfer_randomized_smoothing_Base,43,SurrogateTransfer,randomized_smoothing,Base,127,63,0,415,22,0.956,1.0,0.7411764705882353,0.8513513513513514,0.8705882352941177
primary_43_SurrogateTransfer_randomized_smoothing_Base,43,SurrogateTransfer,randomized_smoothing,Base,128,72,0,415,13,0.974,1.0,0.8470588235294118,0.9171974522292993,0.9235294117647059
primary_43_SurrogateTransfer_randomized_smoothing_Base,43,SurrogateTransfer,randomized_smoothing,Base,129,67,0,415,18,0.964,1.0,0.788235294117647,0.8815789473684211,0.8941176470588235
primary_43_SurrogateTransfer_randomized_smoothing_Base,43,SurrogateTransfer,randomized_smoothing,Base,130,74,0,415,11,0.978,1.0,0.8705882352941177,0.9308176100628931,0.9352941176470588
primary_43_SurrogateTransfer_randomized_smoothing_Base,43,SurrogateTransfer,randomized_smoothing,Base,131,65,0,415,20,0.96,1.0,0.7647058823529411,0.8666666666666666,0.8823529411764706
primary_43_SurrogateTransfer_randomized_smoothing_Base,43,SurrogateTransfer,randomized_smoothing,Base,132,66,0,415,19,0.962,1.0,0.7764705882352941,0.8741721854304636,0.888235294117647
primary_43_SurrogateTransfer_randomized_smoothing_Base,43,SurrogateTransfer,randomized_smoothing,Base,133,69,0,415,16,0.968,1.0,0.8117647058823529,0.8961038961038961,0.9058823529411765
primary_43_SurrogateTransfer_randomized_smoothing_Base,43,SurrogateTransfer,randomized_smoothing,Base,134,64,0,415,21,0.958,1.0,0.7529411764705882,0.8590604026845637,0.8764705882352941
primary_43_SurrogateTransfer_randomized_smoothing_Base,43,SurrogateTransfer,randomized_smoothing,Base,135,68,0,415,17,0.966,1.0,0.8,0.888888888888889,0.9
primary_43_SurrogateTransfer_randomized_smoothing_Base,43,SurrogateTransfer,randomized_smoothing,Base,136,71,0,415,14,0.972,1.0,0.8352941176470589,0.9102564102564102,0.9176470588235295
primary_43_SurrogateTransfer_randomized_smoothing_Base,43,SurrogateTransfer,randomized_smoothing,Base,137,69,0,415,16,0.968,1.0,0.8117647058823529,0.8961038961038961,0.9058823529411765
primary_43_SurrogateTransfer_randomized_smoothing_Base,43,SurrogateTransfer,randomized_smoothing,Base,138,71,0,415,14,0.972,1.0,0.8352941176470589,0.9102564102564102,0.9176470588235295
primary_43_SurrogateTransfer_randomized_smoothing_Base,43,SurrogateTransfer,randomized_smoothing,Base,139,68,0,415,17,0.966,1.0,0.8,0.888888888888889,0.9
primary_43_SurrogateTransfer_randomized_smoothing_Base,43,SurrogateTransfer,randomized_smoothing,Base,140,69,0,415,16,0.968,1.0,0.8117647058823529,0.8961038961038961,0.9058823529411765
primary_43_SurrogateTransfer_randomized_smoothing_Base,43,SurrogateTransfer,randomized_smoothing,Base,141,69,0,415,16,0.968,1.0,0.8117647058823529,0.8961038961038961,0.9058823529411765
primary_43_SurrogateTransfer_randomized_smoothing_Base,43,SurrogateTransfer,randomized_smoothing,Base,142,66,0,415,19,0.962,1.0,0.7764705882352941,0.8741721854304636,0.888235294117647
primary_43_SurrogateTransfer_randomized_smoothing_Base,43,SurrogateTransfer,randomized_smoothing,Base,143,72,0,415,13,0.974,1.0,0.8470588235294118,0.9171974522292993,0.9235294117647059
primary_43_SurrogateTransfer_randomized_smoothing_C1,43,SurrogateTransfer,randomized_smoothing,C1,0,71,0,414,15,0.97,1.0,0.8255813953488372,0.9044585987261146,0.9127906976744187
primary_43_SurrogateTransfer_randomized_smoothing_C1,43,SurrogateTransfer,randomized_smoothing,C1,1,71,0,414,15,0.97,1.0,0.8255813953488372,0.9044585987261146,0.9127906976744187
primary_43_SurrogateTransfer_randomized_smoothing_C1,43,SurrogateTransfer,randomized_smoothing,C1,2,79,1,413,7,0.984,0.9875,0.9186046511627907,0.9518072289156626,0.9580945961127962
primary_43_SurrogateTransfer_randomized_smoothing_C1,43,SurrogateTransfer,randomized_smoothing,C1,3,77,0,414,9,0.982,1.0,0.8953488372093024,0.9447852760736196,0.9476744186046512
primary_43_SurrogateTransfer_randomized_smoothing_C1,43,SurrogateTransfer,randomized_smoothing,C1,4,82,0,414,4,0.992,1.0,0.9534883720930233,0.9761904761904763,0.9767441860465116
primary_43_SurrogateTransfer_randomized_smoothing_C1,43,SurrogateTransfer,randomized_smoothing,C1,5,82,0,414,4,0.992,1.0,0.9534883720930233,0.9761904761904763,0.9767441860465116
primary_43_SurrogateTransfer_randomized_smoothing_C1,43,SurrogateTransfer,randomized_smoothing,C1,6,79,0,414,7,0.986,1.0,0.9186046511627907,0.9575757575757576,0.9593023255813953
primary_43_SurrogateTransfer_randomized_smoothing_C1,43,SurrogateTransfer,randomized_smoothing,C1,7,79,0,414,7,0.986,1.0,0.9186046511627907,0.9575757575757576,0.9593023255813953
primary_43_SurrogateTransfer_randomized_smoothing_C1,43,SurrogateTransfer,randomized_smoothing,C1,8,79,0,414,7,0.986,1.0,0.9186046511627907,0.9575757575757576,0.9593023255813953
primary_43_SurrogateTransfer_randomized_smoothing_C1,43,SurrogateTransfer,randomized_smoothing,C1,9,83,0,414,3,0.994,1.0,0.9651162790697675,0.9822485207100593,0.9825581395348837
primary_43_SurrogateTransfer_randomized_smoothing_C1,43,SurrogateTransfer,randomized_smoothing,C1,10,80,0,414,6,0.988,1.0,0.9302325581395349,0.963855421686747,0.9651162790697674
primary_43_SurrogateTransfer_randomized_smoothing_C1,43,SurrogateTransfer,randomized_smoothing,C1,11,80,0,414,6,0.988,1.0,0.9302325581395349,0.963855421686747,0.9651162790697674
primary_43_SurrogateTransfer_randomized_smoothing_C1,43,SurrogateTransfer,randomized_smoothing,C1,12,83,0,414,3,0.994,1.0,0.9651162790697675,0.9822485207100593,0.9825581395348837
primary_43_SurrogateTransfer_randomized_smoothing_C1,43,SurrogateTransfer,randomized_smoothing,C1,13,84,0,414,2,0.996,1.0,0.9767441860465116,0.988235294117647,0.9883720930232558
primary_43_SurrogateTransfer_randomized_smoothing_C1,43,SurrogateTransfer,randomized_smoothing,C1,14,84,1,413,2,0.994,0.9882352941176471,0.9767441860465116,0.9824561403508771,0.9871643635546568
primary_43_SurrogateTransfer_randomized_smoothing_C1,43,SurrogateTransfer,randomized_smoothing,C1,15,83,0,414,3,0.994,1.0,0.9651162790697675,0.9822485207100593,0.9825581395348837
primary_43_SurrogateTransfer_randomized_smoothing_C1,43,SurrogateTransfer,randomized_smoothing,C1,16,78,1,413,8,0.982,0.9873417721518988,0.9069767441860465,0.9454545454545454,0.9522806426244241
primary_43_SurrogateTransfer_randomized_smoothing_C1,43,SurrogateTransfer,randomized_smoothing,C1,17,84,0,415,1,0.998,1.0,0.9882352941176471,0.9940828402366864,0.9941176470588236
primary_43_SurrogateTransfer_randomized_smoothing_C1,43,SurrogateTransfer,randomized_smoothing,C1,18,80,0,415,5,0.99,1.0,0.9411764705882353,0.9696969696969697,0.9705882352941176
primary_43_SurrogateTransfer_randomized_smoothing_C1,43,SurrogateTransfer,randomized_smoothing,C1,19,82,0,415,3,0.994,1.0,0.9647058823529412,0.9820359281437125,0.9823529411764707
primary_43_SurrogateTransfer_randomized_smoothing_C1,43,SurrogateTransfer,randomized_smoothing,C1,20,75,1,414,10,0.978,0.9868421052631579,0.8823529411764706,0.9316770186335402,0.9399716513111269
primary_43_SurrogateTransfer_randomized_smoothing_C1,43,SurrogateTransfer,randomized_smoothing,C1,21,76,1,414,9,0.98,0.987012987012987,0.8941176470588236,0.9382716049382716,0.9458540042523034
primary_43_SurrogateTransfer_randomized_smoothing_C1,43,SurrogateTransfer,randomized_smoothing,C1,22,77,0,415,8,0.984,1.0,0.9058823529411765,0.9506172839506173,0.9529411764705882
primary_43_SurrogateTransfer_randomized_smoothing_C1,43,SurrogateTransfer,randomized_smoothing,C1,23,81,0,415,4,0.992,1.0,0.9529411764705882,0.9759036144578312,0.9764705882352941
primary_43_SurrogateTransfer_randomized_smoothing_C1,43,SurrogateTransfer,randomized_smoothing,C1,24,80,0,415,5,0.99,1.0,0.9411764705882353,0.9696969696969697,0.9705882352941176
primary_43_SurrogateTransfer_randomized_smoothing_C1,43,SurrogateTransfer,randomized_smoothing,C1,25,77,0,415,8,0.984,1.0,0.9058823529411765,0.9506172839506173,0.9529411764705882
primary_43_SurrogateTransfer_randomized_smoothing_C1,43,SurrogateTransfer,randomized_smoothing,C1,26,77,0,415,8,0.984,1.0,0.9058823529411765,0.9506172839506173,0.9529411764705882
primary_43_SurrogateTransfer_randomized_smoothing_C1,43,SurrogateTransfer,randomized_smoothing,C1,27,77,0,415,8,0.984,1.0,0.9058823529411765,0.9506172839506173,0.9529411764705882
primary_43_SurrogateTransfer_randomized_smoothing_C1,43,SurrogateTransfer,randomized_smoothing,C1,28,79,0,415,6,0.988,1.0,0.9294117647058824,0.9634146341463414,0.9647058823529412
primary_43_SurrogateTransfer_randomized_smoothing_C1,43,SurrogateTransfer,randomized_smoothing,C1,29,80,0,415,5,0.99,1.0,0.9411764705882353,0.9696969696969697,0.9705882352941176
primary_43_SurrogateTransfer_randomized_smoothing_C1,43,SurrogateTransfer,randomized_smoothing,C1,30,79,0,415,6,0.988,1.0,0.9294117647058824,0.9634146341463414,0.9647058823529412
primary_43_SurrogateTransfer_randomized_smoothing_C1,43,SurrogateTransfer,randomized_smoothing,C1,31,78,0,415,7,0.986,1.0,0.9176470588235294,0.9570552147239264,0.9588235294117646
primary_43_SurrogateTransfer_randomized_smoothing_C1,43,SurrogateTransfer,randomized_smoothing,C1,32,80,0,415,5,0.99,1.0,0.9411764705882353,0.9696969696969697,0.9705882352941176
primary_43_SurrogateTransfer_randomized_smoothing_C1,43,SurrogateTransfer,randomized_smoothing,C1,33,81,0,415,4,0.992,1.0,0.9529411764705882,0.9759036144578312,0.9764705882352941
primary_43_SurrogateTransfer_randomized_smoothing_C1,43,SurrogateTransfer,randomized_smoothing,C1,34,79,1,414,6,0.986,0.9875,0.9294117647058824,0.9575757575757576,0.9635010630758327
primary_43_SurrogateTransfer_randomized_smoothing_C1,43,SurrogateTransfer,randomized_smoothing,C1,35,75,0,415,10,0.98,1.0,0.8823529411764706,0.9375,0.9411764705882353
primary_43_SurrogateTransfer_randomized_smoothing_C1,43,SurrogateTransfer,randomized_smoothing,C1,36,79,0,415,6,0.988,1.0,0.9294117647058824,0.9634146341463414,0.9647058823529412
primary_43_SurrogateTransfer_randomized_smoothing_C1,43,SurrogateTransfer,randomized_smoothing,C1,37,81,1,414,4,0.99,0.9878048780487805,0.9529411764705882,0.9700598802395209,0.9752657689581856
primary_43_SurrogateTransfer_randomized_smoothing_C1,43,SurrogateTransfer,randomized_smoothing,C1,38,81,0,415,4,0.992,1.0,0.9529411764705882,0.9759036144578312,0.9764705882352941
primary_43_SurrogateTransfer_randomized_smoothing_C1,43,SurrogateTransfer,randomized_smoothing,C1,39,81,0,415,4,0.992,1.0,0.9529411764705882,0.9759036144578312,0.9764705882352941
primary_43_SurrogateTransfer_randomized_smoothing_C1,43,SurrogateTransfer,randomized_smoothing,C1,40,82,0,415,3,0.994,1.0,0.9647058823529412,0.9820359281437125,0.9823529411764707
primary_43_SurrogateTransfer_randomized_smoothing_C1,43,SurrogateTransfer,randomized_smoothing,C1,41,82,0,415,3,0.994,1.0,0.9647058823529412,0.9820359281437125,0.9823529411764707
primary_43_SurrogateTransfer_randomized_smoothing_C1,43,SurrogateTransfer,randomized_smoothing,C1,42,81,0,415,4,0.992,1.0,0.9529411764705882,0.9759036144578312,0.9764705882352941
primary_43_SurrogateTransfer_randomized_smoothing_C1,43,SurrogateTransfer,randomized_smoothing,C1,43,78,1,414,7,0.984,0.9873417721518988,0.9176470588235294,0.9512195121951219,0.9576187101346563
primary_43_SurrogateTransfer_randomized_smoothing_C1,43,SurrogateTransfer,randomized_smoothing,C1,44,79,0,415,6,0.988,1.0,0.9294117647058824,0.9634146341463414,0.9647058823529412
primary_43_SurrogateTransfer_randomized_smoothing_C1,43,SurrogateTransfer,randomized_smoothing,C1,45,81,0,415,4,0.992,1.0,0.9529411764705882,0.9759036144578312,0.9764705882352941
primary_43_SurrogateTransfer_randomized_smoothing_C1,43,SurrogateTransfer,randomized_smoothing,C1,46,81,1,414,4,0.99,0.9878048780487805,0.9529411764705882,0.9700598802395209,0.9752657689581856
primary_43_SurrogateTransfer_randomized_smoothing_C1,43,SurrogateTransfer,randomized_smoothing,C1,47,76,0,415,9,0.982,1.0,0.8941176470588236,0.9440993788819877,0.9470588235294117
primary_43_SurrogateTransfer_randomized_smoothing_C1,43,SurrogateTransfer,randomized_smoothing,C1,48,81,0,415,4,0.992,1.0,0.9529411764705882,0.9759036144578312,0.9764705882352941
primary_43_SurrogateTransfer_randomized_smoothing_C1,43,SurrogateTransfer,randomized_smoothing,C1,49,77,1,414,8,0.982,0.9871794871794872,0.9058823529411765,0.9447852760736197,0.9517363571934798
primary_43_SurrogateTransfer_randomized_smoothing_C1,43,SurrogateTransfer,randomized_smoothing,C1,50,81,0,415,4,0.992,1.0,0.9529411764705882,0.9759036144578312,0.9764705882352941
primary_43_SurrogateTransfer_randomized_smoothing_C1,43,SurrogateTransfer,randomized_smoothing,C1,51,80,2,413,5,0.986,0.975609756097561,0.9411764705882353,0.9580838323353293,0.9681785967399008
primary_43_SurrogateTransfer_randomized_smoothing_C1,43,SurrogateTransfer,randomized_smoothing,C1,52,80,0,415,5,0.99,1.0,0.9411764705882353,0.9696969696969697,0.9705882352941176
primary_43_SurrogateTransfer_randomized_smoothing_C1,43,SurrogateTransfer,randomized_smoothing,C1,53,77,1,414,8,0.982,0.9871794871794872,0.9058823529411765,0.9447852760736197,0.9517363571934798
primary_43_SurrogateTransfer_randomized_smoothing_C1,43,SurrogateTransfer,randomized_smoothing,C1,54,82,0,415,3,0.994,1.0,0.9647058823529412,0.9820359281437125,0.9823529411764707
primary_43_SurrogateTransfer_randomized_smoothing_C1,43,SurrogateTransfer,randomized_smoothing,C1,55,78,0,415,7,0.986,1.0,0.9176470588235294,0.9570552147239264,0.9588235294117646
primary_43_SurrogateTransfer_randomized_smoothing_C1,43,SurrogateTransfer,randomized_smoothing,C1,56,78,0,415,7,0.986,1.0,0.9176470588235294,0.9570552147239264,0.9588235294117646
primary_43_SurrogateTransfer_randomized_smoothing_C1,43,SurrogateTransfer,randomized_smoothing,C1,57,81,0,415,4,0.992,1.0,0.9529411764705882,0.9759036144578312,0.9764705882352941
primary_43_SurrogateTransfer_randomized_smoothing_C1,43,SurrogateTransfer,randomized_smoothing,C1,58,82,2,413,3,0.99,0.9761904761904762,0.9647058823529412,0.9704142011834319,0.9799433026222537
primary_43_SurrogateTransfer_randomized_smoothing_C1,43,SurrogateTransfer,randomized_smoothing,C1,59,78,0,415,7,0.986,1.0,0.9176470588235294,0.9570552147239264,0.9588235294117646
primary_43_SurrogateTransfer_randomized_smoothing_C1,43,SurrogateTransfer,randomized_smoothing,C1,60,81,0,415,4,0.992,1.0,0.9529411764705882,0.9759036144578312,0.9764705882352941
primary_43_SurrogateTransfer_randomized_smoothing_C1,43,SurrogateTransfer,randomized_smoothing,C1,61,78,0,415,7,0.986,1.0,0.9176470588235294,0.9570552147239264,0.9588235294117646
primary_43_SurrogateTransfer_randomized_smoothing_C1,43,SurrogateTransfer,randomized_smoothing,C1,62,81,0,415,4,0.992,1.0,0.9529411764705882,0.9759036144578312,0.9764705882352941
primary_43_SurrogateTransfer_randomized_smoothing_C1,43,SurrogateTransfer,randomized_smoothing,C1,63,77,0,415,8,0.984,1.0,0.9058823529411765,0.9506172839506173,0.9529411764705882
primary_43_SurrogateTransfer_randomized_smoothing_C1,43,SurrogateTransfer,randomized_smoothing,C1,64,77,0,415,8,0.984,1.0,0.9058823529411765,0.9506172839506173,0.9529411764705882
primary_43_SurrogateTransfer_randomized_smoothing_C1,43,SurrogateTransfer,randomized_smoothing,C1,65,78,0,415,7,0.986,1.0,0.9176470588235294,0.9570552147239264,0.9588235294117646
primary_43_SurrogateTransfer_randomized_smoothing_C1,43,SurrogateTransfer,randomized_smoothing,C1,66,80,0,415,5,0.99,1.0,0.9411764705882353,0.9696969696969697,0.9705882352941176
primary_43_SurrogateTransfer_randomized_smoothing_C1,43,SurrogateTransfer,randomized_smoothing,C1,67,81,0,415,4,0.992,1.0,0.9529411764705882,0.9759036144578312,0.9764705882352941
primary_43_SurrogateTransfer_randomized_smoothing_C1,43,SurrogateTransfer,randomized_smoothing,C1,68,79,0,415,6,0.988,1.0,0.9294117647058824,0.9634146341463414,0.9647058823529412
primary_43_SurrogateTransfer_randomized_smoothing_C1,43,SurrogateTransfer,randomized_smoothing,C1,69,80,2,413,5,0.986,0.975609756097561,0.9411764705882353,0.9580838323353293,0.9681785967399008
primary_43_SurrogateTransfer_randomized_smoothing_C1,43,SurrogateTransfer,randomized_smoothing,C1,70,82,0,415,3,0.994,1.0,0.9647058823529412,0.9820359281437125,0.9823529411764707
primary_43_SurrogateTransfer_randomized_smoothing_C1,43,SurrogateTransfer,randomized_smoothing,C1,71,77,0,415,8,0.984,1.0,0.9058823529411765,0.9506172839506173,0.9529411764705882
primary_43_SurrogateTransfer_randomized_smoothing_C1,43,SurrogateTransfer,randomized_smoothing,C1,72,78,0,415,7,0.986,1.0,0.9176470588235294,0.9570552147239264,0.9588235294117646
primary_43_SurrogateTransfer_randomized_smoothing_C1,43,SurrogateTransfer,randomized_smoothing,C1,73,77,1,414,8,0.982,0.9871794871794872,0.9058823529411765,0.9447852760736197,0.9517363571934798
primary_43_SurrogateTransfer_randomized_smoothing_C1,43,SurrogateTransfer,randomized_smoothing,C1,74,82,0,415,3,0.994,1.0,0.9647058823529412,0.9820359281437125,0.9823529411764707
primary_43_SurrogateTransfer_randomized_smoothing_C1,43,SurrogateTransfer,randomized_smoothing,C1,75,78,0,415,7,0.986,1.0,0.9176470588235294,0.9570552147239264,0.9588235294117646
primary_43_SurrogateTransfer_randomized_smoothing_C1,43,SurrogateTransfer,randomized_smoothing,C1,76,82,1,414,3,0.992,0.9879518072289156,0.9647058823529412,0.9761904761904762,0.9811481218993622
primary_43_SurrogateTransfer_randomized_smoothing_C1,43,SurrogateTransfer,randomized_smoothing,C1,77,80,0,415,5,0.99,1.0,0.9411764705882353,0.9696969696969697,0.9705882352941176
primary_43_SurrogateTransfer_randomized_smoothing_C1,43,SurrogateTransfer,randomized_smoothing,C1,78,83,0,415,2,0.996,1.0,0.9764705882352941,0.988095238095238,0.9882352941176471
primary_43_SurrogateTransfer_randomized_smoothing_C1,43,SurrogateTransfer,randomized_smoothing,C1,79,81,0,415,4,0.992,1.0,0.9529411764705882,0.9759036144578312,0.9764705882352941
primary_43_SurrogateTransfer_randomized_smoothing_C1,43,SurrogateTransfer,randomized_smoothing,C1,80,79,0,415,6,0.988,1.0,0.9294117647058824,0.9634146341463414,0.9647058823529412
primary_43_SurrogateTransfer_randomized_smoothing_C1,43,SurrogateTransfer,randomized_smoothing,C1,81,76,0,415,9,0.982,1.0,0.8941176470588236,0.9440993788819877,0.9470588235294117
primary_43_SurrogateTransfer_randomized_smoothing_C1,43,SurrogateTransfer,randomized_smoothing,C1,82,79,0,415,6,0.988,1.0,0.9294117647058824,0.9634146341463414,0.9647058823529412
primary_43_SurrogateTransfer_randomized_smoothing_C1,43,SurrogateTransfer,randomized_smoothing,C1,83,78,0,415,7,0.986,1.0,0.9176470588235294,0.9570552147239264,0.9588235294117646
primary_43_SurrogateTransfer_randomized_smoothing_C1,43,SurrogateTransfer,randomized_smoothing,C1,84,79,0,415,6,0.988,1.0,0.9294117647058824,0.9634146341463414,0.9647058823529412
primary_43_SurrogateTransfer_randomized_smoothing_C1,43,SurrogateTransfer,randomized_smoothing,C1,85,82,1,414,3,0.992,0.9879518072289156,0.9647058823529412,0.9761904761904762,0.9811481218993622
primary_43_SurrogateTransfer_randomized_smoothing_C1,43,SurrogateTransfer,randomized_smoothing,C1,86,76,2,413,9,0.978,0.9743589743589743,0.8941176470588236,0.9325153374233129,0.9446491849751949
primary_43_SurrogateTransfer_randomized_smoothing_C1,43,SurrogateTransfer,randomized_smoothing,C1,87,78,0,415,7,0.986,1.0,0.9176470588235294,0.9570552147239264,0.9588235294117646
primary_43_SurrogateTransfer_randomized_smoothing_C1,43,SurrogateTransfer,randomized_smoothing,C1,88,81,0,415,4,0.992,1.0,0.9529411764705882,0.9759036144578312,0.9764705882352941
primary_43_SurrogateTransfer_randomized_smoothing_C1,43,SurrogateTransfer,randomized_smoothing,C1,89,79,1,414,6,0.986,0.9875,0.9294117647058824,0.9575757575757576,0.9635010630758327
primary_43_SurrogateTransfer_randomized_smoothing_C1,43,SurrogateTransfer,randomized_smoothing,C1,90,82,1,414,3,0.992,0.9879518072289156,0.9647058823529412,0.9761904761904762,0.9811481218993622
primary_43_SurrogateTransfer_randomized_smoothing_C1,43,SurrogateTransfer,randomized_smoothing,C1,91,80,1,414,5,0.988,0.9876543209876543,0.9411764705882353,0.963855421686747,0.9693834160170092
primary_43_SurrogateTransfer_randomized_smoothing_C1,43,SurrogateTransfer,randomized_smoothing,C1,92,80,0,415,5,0.99,1.0,0.9411764705882353,0.9696969696969697,0.9705882352941176
primary_43_SurrogateTransfer_randomized_smoothing_C1,43,SurrogateTransfer,randomized_smoothing,C1,93,79,0,415,6,0.988,1.0,0.9294117647058824,0.9634146341463414,0.9647058823529412
primary_43_SurrogateTransfer_randomized_smoothing_C1,43,SurrogateTransfer,randomized_smoothing,C1,94,82,0,415,3,0.994,1.0,0.9647058823529412,0.9820359281437125,0.9823529411764707
primary_43_SurrogateTransfer_randomized_smoothing_C1,43,SurrogateTransfer,randomized_smoothing,C1,95,81,1,414,4,0.99,0.9878048780487805,0.9529411764705882,0.9700598802395209,0.9752657689581856
primary_43_SurrogateTransfer_randomized_smoothing_C1,43,SurrogateTransfer,randomized_smoothing,C1,96,84,0,415,1,0.998,1.0,0.9882352941176471,0.9940828402366864,0.9941176470588236
primary_43_SurrogateTransfer_randomized_smoothing_C1,43,SurrogateTransfer,randomized_smoothing,C1,97,76,1,414,9,0.98,0.987012987012987,0.8941176470588236,0.9382716049382716,0.9458540042523034
primary_43_SurrogateTransfer_randomized_smoothing_C1,43,SurrogateTransfer,randomized_smoothing,C1,98,80,0,415,5,0.99,1.0,0.9411764705882353,0.9696969696969697,0.9705882352941176
primary_43_SurrogateTransfer_randomized_smoothing_C1,43,SurrogateTransfer,randomized_smoothing,C1,99,82,1,414,3,0.992,0.9879518072289156,0.9647058823529412,0.9761904761904762,0.9811481218993622
primary_43_SurrogateTransfer_randomized_smoothing_C1,43,SurrogateTransfer,randomized_smoothing,C1,100,81,1,414,4,0.99,0.9878048780487805,0.9529411764705882,0.9700598802395209,0.9752657689581856
primary_43_SurrogateTransfer_randomized_smoothing_C1,43,SurrogateTransfer,randomized_smoothing,C1,101,81,0,415,4,0.992,1.0,0.9529411764705882,0.9759036144578312,0.9764705882352941
primary_43_SurrogateTransfer_randomized_smoothing_C1,43,SurrogateTransfer,randomized_smoothing,C1,102,82,0,415,3,0.994,1.0,0.9647058823529412,0.9820359281437125,0.9823529411764707
primary_43_SurrogateTransfer_randomized_smoothing_C1,43,SurrogateTransfer,randomized_smoothing,C1,103,81,0,415,4,0.992,1.0,0.9529411764705882,0.9759036144578312,0.9764705882352941
primary_43_SurrogateTransfer_randomized_smoothing_C1,43,SurrogateTransfer,randomized_smoothing,C1,104,82,0,415,3,0.994,1.0,0.9647058823529412,0.9820359281437125,0.9823529411764707
primary_43_SurrogateTransfer_randomized_smoothing_C1,43,SurrogateTransfer,randomized_smoothing,C1,105,82,0,415,3,0.994,1.0,0.9647058823529412,0.9820359281437125,0.9823529411764707
primary_43_SurrogateTransfer_randomized_smoothing_C1,43,SurrogateTransfer,randomized_smoothing,C1,106,79,0,415,6,0.988,1.0,0.9294117647058824,0.9634146341463414,0.9647058823529412
primary_43_SurrogateTransfer_randomized_smoothing_C1,43,SurrogateTransfer,randomized_smoothing,C1,107,79,0,415,6,0.988,1.0,0.9294117647058824,0.9634146341463414,0.9647058823529412
primary_43_SurrogateTransfer_randomized_smoothing_C1,43,SurrogateTransfer,randomized_smoothing,C1,108,81,0,415,4,0.992,1.0,0.9529411764705882,0.9759036144578312,0.9764705882352941
primary_43_SurrogateTransfer_randomized_smoothing_C1,43,SurrogateTransfer,randomized_smoothing,C1,109,78,0,415,7,0.986,1.0,0.9176470588235294,0.9570552147239264,0.9588235294117646
primary_43_SurrogateTransfer_randomized_smoothing_C1,43,SurrogateTransfer,randomized_smoothing,C1,110,78,1,414,7,0.984,0.9873417721518988,0.9176470588235294,0.9512195121951219,0.9576187101346563
primary_43_SurrogateTransfer_randomized_smoothing_C1,43,SurrogateTransfer,randomized_smoothing,C1,111,84,1,414,1,0.996,0.9882352941176471,0.9882352941176471,0.9882352941176471,0.9929128277817152
primary_43_SurrogateTransfer_randomized_smoothing_C1,43,SurrogateTransfer,randomized_smoothing,C1,112,81,1,414,4,0.99,0.9878048780487805,0.9529411764705882,0.9700598802395209,0.9752657689581856
primary_43_SurrogateTransfer_randomized_smoothing_C1,43,SurrogateTransfer,randomized_smoothing,C1,113,79,1,414,6,0.986,0.9875,0.9294117647058824,0.9575757575757576,0.9635010630758327
primary_43_SurrogateTransfer_randomized_smoothing_C1,43,SurrogateTransfer,randomized_smoothing,C1,114,80,0,415,5,0.99,1.0,0.9411764705882353,0.9696969696969697,0.9705882352941176
primary_43_SurrogateTransfer_randomized_smoothing_C1,43,SurrogateTransfer,randomized_smoothing,C1,115,78,0,415,7,0.986,1.0,0.9176470588235294,0.9570552147239264,0.9588235294117646
primary_43_SurrogateTransfer_randomized_smoothing_C1,43,SurrogateTransfer,randomized_smoothing,C1,116,78,1,414,7,0.984,0.9873417721518988,0.9176470588235294,0.9512195121951219,0.9576187101346563
primary_43_SurrogateTransfer_randomized_smoothing_C1,43,SurrogateTransfer,randomized_smoothing,C1,117,80,0,415,5,0.99,1.0,0.9411764705882353,0.9696969696969697,0.9705882352941176
primary_43_SurrogateTransfer_randomized_smoothing_C1,43,SurrogateTransfer,randomized_smoothing,C1,118,79,1,414,6,0.986,0.9875,0.9294117647058824,0.9575757575757576,0.9635010630758327
primary_43_SurrogateTransfer_randomized_smoothing_C1,43,SurrogateTransfer,randomized_smoothing,C1,119,80,0,415,5,0.99,1.0,0.9411764705882353,0.9696969696969697,0.9705882352941176
primary_43_SurrogateTransfer_randomized_smoothing_C1,43,SurrogateTransfer,randomized_smoothing,C1,120,82,0,415,3,0.994,1.0,0.9647058823529412,0.9820359281437125,0.9823529411764707
primary_43_SurrogateTransfer_randomized_smoothing_C1,43,SurrogateTransfer,randomized_smoothing,C1,121,81,0,415,4,0.992,1.0,0.9529411764705882,0.9759036144578312,0.9764705882352941
primary_43_SurrogateTransfer_randomized_smoothing_C1,43,SurrogateTransfer,randomized_smoothing,C1,122,80,0,415,5,0.99,1.0,0.9411764705882353,0.9696969696969697,0.9705882352941176
primary_43_SurrogateTransfer_randomized_smoothing_C1,43,SurrogateTransfer,randomized_smoothing,C1,123,76,0,415,9,0.982,1.0,0.8941176470588236,0.9440993788819877,0.9470588235294117
primary_43_SurrogateTransfer_randomized_smoothing_C1,43,SurrogateTransfer,randomized_smoothing,C1,124,80,1,414,5,0.988,0.9876543209876543,0.9411764705882353,0.963855421686747,0.9693834160170092
primary_43_SurrogateTransfer_randomized_smoothing_C1,43,SurrogateTransfer,randomized_smoothing,C1,125,82,2,413,3,0.99,0.9761904761904762,0.9647058823529412,0.9704142011834319,0.9799433026222537
primary_43_SurrogateTransfer_randomized_smoothing_C1,43,SurrogateTransfer,randomized_smoothing,C1,126,83,0,415,2,0.996,1.0,0.9764705882352941,0.988095238095238,0.9882352941176471
primary_43_SurrogateTransfer_randomized_smoothing_C1,43,SurrogateTransfer,randomized_smoothing,C1,127,77,0,415,8,0.984,1.0,0.9058823529411765,0.9506172839506173,0.9529411764705882
primary_43_SurrogateTransfer_randomized_smoothing_C1,43,SurrogateTransfer,randomized_smoothing,C1,128,83,0,415,2,0.996,1.0,0.9764705882352941,0.988095238095238,0.9882352941176471
primary_43_SurrogateTransfer_randomized_smoothing_C1,43,SurrogateTransfer,randomized_smoothing,C1,129,79,0,415,6,0.988,1.0,0.9294117647058824,0.9634146341463414,0.9647058823529412
primary_43_SurrogateTransfer_randomized_smoothing_C1,43,SurrogateTransfer,randomized_smoothing,C1,130,83,0,415,2,0.996,1.0,0.9764705882352941,0.988095238095238,0.9882352941176471
primary_43_SurrogateTransfer_randomized_smoothing_C1,43,SurrogateTransfer,randomized_smoothing,C1,131,80,1,414,5,0.988,0.9876543209876543,0.9411764705882353,0.963855421686747,0.9693834160170092
primary_43_SurrogateTransfer_randomized_smoothing_C1,43,SurrogateTransfer,randomized_smoothing,C1,132,78,0,415,7,0.986,1.0,0.9176470588235294,0.9570552147239264,0.9588235294117646
primary_43_SurrogateTransfer_randomized_smoothing_C1,43,SurrogateTransfer,randomized_smoothing,C1,133,81,1,414,4,0.99,0.9878048780487805,0.9529411764705882,0.9700598802395209,0.9752657689581856
primary_43_SurrogateTransfer_randomized_smoothing_C1,43,SurrogateTransfer,randomized_smoothing,C1,134,78,0,415,7,0.986,1.0,0.9176470588235294,0.9570552147239264,0.9588235294117646
primary_43_SurrogateTransfer_randomized_smoothing_C1,43,SurrogateTransfer,randomized_smoothing,C1,135,83,0,415,2,0.996,1.0,0.9764705882352941,0.988095238095238,0.9882352941176471
primary_43_SurrogateTransfer_randomized_smoothing_C1,43,SurrogateTransfer,randomized_smoothing,C1,136,82,0,415,3,0.994,1.0,0.9647058823529412,0.9820359281437125,0.9823529411764707
primary_43_SurrogateTransfer_randomized_smoothing_C1,43,SurrogateTransfer,randomized_smoothing,C1,137,79,2,413,6,0.984,0.9753086419753086,0.9294117647058824,0.9518072289156626,0.9622962437987244
primary_43_SurrogateTransfer_randomized_smoothing_C1,43,SurrogateTransfer,randomized_smoothing,C1,138,82,0,415,3,0.994,1.0,0.9647058823529412,0.9820359281437125,0.9823529411764707
primary_43_SurrogateTransfer_randomized_smoothing_C1,43,SurrogateTransfer,randomized_smoothing,C1,139,78,1,414,7,0.984,0.9873417721518988,0.9176470588235294,0.9512195121951219,0.9576187101346563
primary_43_SurrogateTransfer_randomized_smoothing_C1,43,SurrogateTransfer,randomized_smoothing,C1,140,79,0,415,6,0.988,1.0,0.9294117647058824,0.9634146341463414,0.9647058823529412
primary_43_SurrogateTransfer_randomized_smoothing_C1,43,SurrogateTransfer,randomized_smoothing,C1,141,78,0,415,7,0.986,1.0,0.9176470588235294,0.9570552147239264,0.9588235294117646
primary_43_SurrogateTransfer_randomized_smoothing_C1,43,SurrogateTransfer,randomized_smoothing,C1,142,84,0,415,1,0.998,1.0,0.9882352941176471,0.9940828402366864,0.9941176470588236
primary_43_SurrogateTransfer_randomized_smoothing_C1,43,SurrogateTransfer,randomized_smoothing,C1,143,81,0,415,4,0.992,1.0,0.9529411764705882,0.9759036144578312,0.9764705882352941
primary_43_DecisionBoundary_afp_Base,43,DecisionBoundary,afp,Base,0,72,0,414,14,0.972,1.0,0.8372093023255814,0.9113924050632911,0.9186046511627908
primary_43_DecisionBoundary_afp_Base,43,DecisionBoundary,afp,Base,1,67,0,414,19,0.962,1.0,0.7790697674418605,0.8758169934640523,0.8895348837209303
primary_43_DecisionBoundary_afp_Base,43,DecisionBoundary,afp,Base,2,71,0,414,15,0.97,1.0,0.8255813953488372,0.9044585987261146,0.9127906976744187
primary_43_DecisionBoundary_afp_Base,43,DecisionBoundary,afp,Base,3,65,0,414,21,0.958,1.0,0.7558139534883721,0.8609271523178808,0.877906976744186
primary_43_DecisionBoundary_afp_Base,43,DecisionBoundary,afp,Base,4,72,0,414,14,0.972,1.0,0.8372093023255814,0.9113924050632911,0.9186046511627908
primary_43_DecisionBoundary_afp_Base,43,DecisionBoundary,afp,Base,5,69,0,414,17,0.966,1.0,0.8023255813953488,0.8903225806451612,0.9011627906976745
primary_43_DecisionBoundary_afp_Base,43,DecisionBoundary,afp,Base,6,74,0,414,12,0.976,1.0,0.8604651162790697,0.9249999999999999,0.9302325581395349
primary_43_DecisionBoundary_afp_Base,43,DecisionBoundary,afp,Base,7,65,0,414,21,0.958,1.0,0.7558139534883721,0.8609271523178808,0.877906976744186
primary_43_DecisionBoundary_afp_Base,43,DecisionBoundary,afp,Base,8,64,0,414,22,0.956,1.0,0.7441860465116279,0.8533333333333333,0.872093023255814
primary_43_DecisionBoundary_afp_Base,43,DecisionBoundary,afp,Base,9,72,0,414,14,0.972,1.0,0.8372093023255814,0.9113924050632911,0.9186046511627908
primary_43_DecisionBoundary_afp_Base,43,DecisionBoundary,afp,Base,10,71,0,414,15,0.97,1.0,0.8255813953488372,0.9044585987261146,0.9127906976744187
primary_43_DecisionBoundary_afp_Base,43,DecisionBoundary,afp,Base,11,66,0,414,20,0.96,1.0,0.7674418604651163,0.868421052631579,0.8837209302325582
primary_43_DecisionBoundary_afp_Base,43,DecisionBoundary,afp,Base,12,70,0,414,16,0.968,1.0,0.813953488372093,0.8974358974358974,0.9069767441860466
primary_43_DecisionBoundary_afp_Base,43,DecisionBoundary,afp,Base,13,69,0,414,17,0.966,1.0,0.8023255813953488,0.8903225806451612,0.9011627906976745
primary_43_DecisionBoundary_afp_Base,43,DecisionBoundary,afp,Base,14,73,0,414,13,0.974,1.0,0.8488372093023255,0.9182389937106918,0.9244186046511628
primary_43_DecisionBoundary_afp_Base,43,DecisionBoundary,afp,Base,15,70,0,414,16,0.968,1.0,0.813953488372093,0.8974358974358974,0.9069767441860466
primary_43_DecisionBoundary_afp_Base,43,DecisionBoundary,afp,Base,16,65,0,414,21,0.958,1.0,0.7558139534883721,0.8609271523178808,0.877906976744186
primary_43_DecisionBoundary_afp_Base,43,DecisionBoundary,afp,Base,17,76,0,415,9,0.982,1.0,0.8941176470588236,0.9440993788819877,0.9470588235294117
primary_43_DecisionBoundary_afp_Base,43,DecisionBoundary,afp,Base,18,69,0,415,16,0.968,1.0,0.8117647058823529,0.8961038961038961,0.9058823529411765
primary_43_DecisionBoundary_afp_Base,43,DecisionBoundary,afp,Base,19,71,0,415,14,0.972,1.0,0.8352941176470589,0.9102564102564102,0.9176470588235295
primary_43_DecisionBoundary_afp_Base,43,DecisionBoundary,afp,Base,20,65,0,415,20,0.96,1.0,0.7647058823529411,0.8666666666666666,0.8823529411764706
primary_43_DecisionBoundary_afp_Base,43,DecisionBoundary,afp,Base,21,62,0,415,23,0.954,1.0,0.7294117647058823,0.8435374149659863,0.8647058823529412
primary_43_DecisionBoundary_afp_Base,43,DecisionBoundary,afp,Base,22,70,0,415,15,0.97,1.0,0.8235294117647058,0.9032258064516129,0.9117647058823529
primary_43_DecisionBoundary_afp_Base,43,DecisionBoundary,afp,Base,23,68,0,415,17,0.966,1.0,0.8,0.888888888888889,0.9
primary_43_DecisionBoundary_afp_Base,43,DecisionBoundary,afp,Base,24,68,0,415,17,0.966,1.0,0.8,0.888888888888889,0.9
primary_43_DecisionBoundary_afp_Base,43,DecisionBoundary,afp,Base,25,67,0,415,18,0.964,1.0,0.788235294117647,0.8815789473684211,0.8941176470588235
primary_43_DecisionBoundary_afp_Base,43,DecisionBoundary,afp,Base,26,60,0,415,25,0.95,1.0,0.7058823529411765,0.8275862068965517,0.8529411764705883
primary_43_DecisionBoundary_afp_Base,43,DecisionBoundary,afp,Base,27,64,0,415,21,0.958,1.0,0.7529411764705882,0.8590604026845637,0.8764705882352941
primary_43_DecisionBoundary_afp_Base,43,DecisionBoundary,afp,Base,28,69,0,415,16,0.968,1.0,0.8117647058823529,0.8961038961038961,0.9058823529411765
primary_43_DecisionBoundary_afp_Base,43,DecisionBoundary,afp,Base,29,64,0,415,21,0.958,1.0,0.7529411764705882,0.8590604026845637,0.8764705882352941
primary_43_DecisionBoundary_afp_Base,43,DecisionBoundary,afp,Base,30,69,0,415,16,0.968,1.0,0.8117647058823529,0.8961038961038961,0.9058823529411765
primary_43_DecisionBoundary_afp_Base,43,DecisionBoundary,afp,Base,31,66,0,415,19,0.962,1.0,0.7764705882352941,0.8741721854304636,0.888235294117647
primary_43_DecisionBoundary_afp_Base,43,DecisionBoundary,afp,Base,32,70,0,415,15,0.97,1.0,0.8235294117647058,0.9032258064516129,0.9117647058823529
primary_43_DecisionBoundary_afp_Base,43,DecisionBoundary,afp,Base,33,66,0,415,19,0.962,1.0,0.7764705882352941,0.8741721854304636,0.888235294117647
primary_43_DecisionBoundary_afp_Base,43,DecisionBoundary,afp,Base,34,65,0,415,20,0.96,1.0,0.7647058823529411,0.8666666666666666,0.8823529411764706
primary_43_DecisionBoundary_afp_Base,43,DecisionBoundary,afp,Base,35,62,0,415,23,0.954,1.0,0.7294117647058823,0.8435374149659863,0.8647058823529412
primary_43_DecisionBoundary_afp_Base,43,DecisionBoundary,afp,Base,36,65,0,415,20,0.96,1.0,0.7647058823529411,0.8666666666666666,0.8823529411764706
primary_43_DecisionBoundary_afp_Base,43,DecisionBoundary,afp,Base,37,74,0,415,11,0.978,1.0,0.8705882352941177,0.9308176100628931,0.9352941176470588
primary_43_DecisionBoundary_afp_Base,43,DecisionBoundary,afp,Base,38,66,0,415,19,0.962,1.0,0.7764705882352941,0.8741721854304636,0.888235294117647
primary_43_DecisionBoundary_afp_Base,43,DecisionBoundary,afp,Base,39,65,0,415,20,0.96,1.0,0.7647058823529411,0.8666666666666666,0.8823529411764706
primary_43_DecisionBoundary_afp_Base,43,DecisionBoundary,afp,Base,40,72,0,415,13,0.974,1.0,0.8470588235294118,0.9171974522292993,0.9235294117647059
primary_43_DecisionBoundary_afp_Base,43,DecisionBoundary,afp,Base,41,72,0,415,13,0.974,1.0,0.8470588235294118,0.9171974522292993,0.9235294117647059
primary_43_DecisionBoundary_afp_Base,43,DecisionBoundary,afp,Base,42,64,0,415,21,0.958,1.0,0.7529411764705882,0.8590604026845637,0.8764705882352941
primary_43_DecisionBoundary_afp_Base,43,DecisionBoundary,afp,Base,43,64,0,415,21,0.958,1.0,0.7529411764705882,0.8590604026845637,0.8764705882352941
primary_43_DecisionBoundary_afp_Base,43,DecisionBoundary,afp,Base,44,63,0,415,22,0.956,1.0,0.7411764705882353,0.8513513513513514,0.8705882352941177
primary_43_DecisionBoundary_afp_Base,43,DecisionBoundary,afp,Base,45,72,0,415,13,0.974,1.0,0.8470588235294118,0.9171974522292993,0.9235294117647059
primary_43_DecisionBoundary_afp_Base,43,DecisionBoundary,afp,Base,46,72,0,415,13,0.974,1.0,0.8470588235294118,0.9171974522292993,0.9235294117647059
primary_43_DecisionBoundary_afp_Base,43,DecisionBoundary,afp,Base,47,64,0,415,21,0.958,1.0,0.7529411764705882,0.8590604026845637,0.8764705882352941
primary_43_DecisionBoundary_afp_Base,43,DecisionBoundary,afp,Base,48,70,0,415,15,0.97,1.0,0.8235294117647058,0.9032258064516129,0.9117647058823529
primary_43_DecisionBoundary_afp_Base,43,DecisionBoundary,afp,Base,49,66,1,414,19,0.96,0.9850746268656716,0.7764705882352941,0.8684210526315789,0.8870304748405387
primary_43_DecisionBoundary_afp_Base,43,DecisionBoundary,afp,Base,50,70,0,415,15,0.97,1.0,0.8235294117647058,0.9032258064516129,0.9117647058823529
primary_43_DecisionBoundary_afp_Base,43,DecisionBoundary,afp,Base,51,68,0,415,17,0.966,1.0,0.8,0.888888888888889,0.9
primary_43_DecisionBoundary_afp_Base,43,DecisionBoundary,afp,Base,52,65,0,415,20,0.96,1.0,0.7647058823529411,0.8666666666666666,0.8823529411764706
primary_43_DecisionBoundary_afp_Base,43,DecisionBoundary,afp,Base,53,59,0,415,26,0.948,1.0,0.6941176470588235,0.8194444444444444,0.8470588235294118
primary_43_DecisionBoundary_afp_Base,43,DecisionBoundary,afp,Base,54,71,0,415,14,0.972,1.0,0.8352941176470589,0.9102564102564102,0.9176470588235295
primary_43_DecisionBoundary_afp_Base,43,DecisionBoundary,afp,Base,55,65,0,415,20,0.96,1.0,0.7647058823529411,0.8666666666666666,0.8823529411764706
primary_43_DecisionBoundary_afp_Base,43,DecisionBoundary,afp,Base,56,66,0,415,19,0.962,1.0,0.7764705882352941,0.8741721854304636,0.888235294117647
primary_43_DecisionBoundary_afp_Base,43,DecisionBoundary,afp,Base,57,66,0,415,19,0.962,1.0,0.7764705882352941,0.8741721854304636,0.888235294117647
primary_43_DecisionBoundary_afp_Base,43,DecisionBoundary,afp,Base,58,66,1,414,19,0.96,0.9850746268656716,0.7764705882352941,0.8684210526315789,0.8870304748405387
primary_43_DecisionBoundary_afp_Base,43,DecisionBoundary,afp,Base,59,69,0,415,16,0.968,1.0,0.8117647058823529,0.8961038961038961,0.9058823529411765
primary_43_DecisionBoundary_afp_Base,43,DecisionBoundary,afp,Base,60,61,0,415,24,0.952,1.0,0.7176470588235294,0.8356164383561643,0.8588235294117648
primary_43_DecisionBoundary_afp_Base,43,DecisionBoundary,afp,Base,61,67,0,415,18,0.964,1.0,0.788235294117647,0.8815789473684211,0.8941176470588235
primary_43_DecisionBoundary_afp_Base,43,DecisionBoundary,afp,Base,62,64,0,415,21,0.958,1.0,0.7529411764705882,0.8590604026845637,0.8764705882352941
primary_43_DecisionBoundary_afp_Base,43,DecisionBoundary,afp,Base,63,65,0,415,20,0.96,1.0,0.7647058823529411,0.8666666666666666,0.8823529411764706
primary_43_DecisionBoundary_afp_Base,43,DecisionBoundary,afp,Base,64,65,0,415,20,0.96,1.0,0.7647058823529411,0.8666666666666666,0.8823529411764706
primary_43_DecisionBoundary_afp_Base,43,DecisionBoundary,afp,Base,65,62,0,415,23,0.954,1.0,0.7294117647058823,0.8435374149659863,0.8647058823529412
primary_43_DecisionBoundary_afp_Base,43,DecisionBoundary,afp,Base,66,68,0,415,17,0.966,1.0,0.8,0.888888888888889,0.9
primary_43_DecisionBoundary_afp_Base,43,DecisionBoundary,afp,Base,67,70,0,415,15,0.97,1.0,0.8235294117647058,0.9032258064516129,0.9117647058823529
primary_43_DecisionBoundary_afp_Base,43,DecisionBoundary,afp,Base,68,63,0,415,22,0.956,1.0,0.7411764705882353,0.8513513513513514,0.8705882352941177
primary_43_DecisionBoundary_afp_Base,43,DecisionBoundary,afp,Base,69,67,1,414,18,0.962,0.9852941176470589,0.788235294117647,0.8758169934640523,0.8929128277817151
primary_43_DecisionBoundary_afp_Base,43,DecisionBoundary,afp,Base,70,67,0,415,18,0.964,1.0,0.788235294117647,0.8815789473684211,0.8941176470588235
primary_43_DecisionBoundary_afp_Base,43,DecisionBoundary,afp,Base,71,68,0,415,17,0.966,1.0,0.8,0.888888888888889,0.9
primary_43_DecisionBoundary_afp_Base,43,DecisionBoundary,afp,Base,72,69,0,415,16,0.968,1.0,0.8117647058823529,0.8961038961038961,0.9058823529411765
primary_43_DecisionBoundary_afp_Base,43,DecisionBoundary,afp,Base,73,65,0,415,20,0.96,1.0,0.7647058823529411,0.8666666666666666,0.8823529411764706
primary_43_DecisionBoundary_afp_Base,43,DecisionBoundary,afp,Base,74,74,0,415,11,0.978,1.0,0.8705882352941177,0.9308176100628931,0.9352941176470588
primary_43_DecisionBoundary_afp_Base,43,DecisionBoundary,afp,Base,75,66,0,415,19,0.962,1.0,0.7764705882352941,0.8741721854304636,0.888235294117647
primary_43_DecisionBoundary_afp_Base,43,DecisionBoundary,afp,Base,76,67,0,415,18,0.964,1.0,0.788235294117647,0.8815789473684211,0.8941176470588235
primary_43_DecisionBoundary_afp_Base,43,DecisionBoundary,afp,Base,77,66,0,415,19,0.962,1.0,0.7764705882352941,0.8741721854304636,0.888235294117647
primary_43_DecisionBoundary_afp_Base,43,DecisionBoundary,afp,Base,78,68,0,415,17,0.966,1.0,0.8,0.888888888888889,0.9
primary_43_DecisionBoundary_afp_Base,43,DecisionBoundary,afp,Base,79,70,0,415,15,0.97,1.0,0.8235294117647058,0.9032258064516129,0.9117647058823529
primary_43_DecisionBoundary_afp_Base,43,DecisionBoundary,afp,Base,80,66,0,415,19,0.962,1.0,0.7764705882352941,0.8741721854304636,0.888235294117647
primary_43_DecisionBoundary_afp_Base,43,DecisionBoundary,afp,Base,81,67,0,415,18,0.964,1.0,0.788235294117647,0.8815789473684211,0.8941176470588235
primary_43_DecisionBoundary_afp_Base,43,DecisionBoundary,afp,Base,82,70,0,415,15,0.97,1.0,0.8235294117647058,0.9032258064516129,0.9117647058823529
primary_43_DecisionBoundary_afp_Base,43,DecisionBoundary,afp,Base,83,66,0,415,19,0.962,1.0,0.7764705882352941,0.8741721854304636,0.888235294117647
primary_43_DecisionBoundary_afp_Base,43,DecisionBoundary,afp,Base,84,68,0,415,17,0.966,1.0,0.8,0.888888888888889,0.9
primary_43_DecisionBoundary_afp_Base,43,DecisionBoundary,afp,Base,85,70,0,415,15,0.97,1.0,0.8235294117647058,0.9032258064516129,0.9117647058823529
primary_43_DecisionBoundary_afp_Base,43,DecisionBoundary,afp,Base,86,67,1,414,18,0.962,0.9852941176470589,0.788235294117647,0.8758169934640523,0.8929128277817151
primary_43_DecisionBoundary_afp_Base,43,DecisionBoundary,afp,Base,87,66,0,415,19,0.962,1.0,0.7764705882352941,0.8741721854304636,0.888235294117647
primary_43_DecisionBoundary_afp_Base,43,DecisionBoundary,afp,Base,88,62,0,415,23,0.954,1.0,0.7294117647058823,0.8435374149659863,0.8647058823529412
primary_43_DecisionBoundary_afp_Base,43,DecisionBoundary,afp,Base,89,69,0,415,16,0.968,1.0,0.8117647058823529,0.8961038961038961,0.9058823529411765
primary_43_DecisionBoundary_afp_Base,43,DecisionBoundary,afp,Base,90,67,0,415,18,0.964,1.0,0.788235294117647,0.8815789473684211,0.8941176470588235
primary_43_DecisionBoundary_afp_Base,43,DecisionBoundary,afp,Base,91,62,0,415,23,0.954,1.0,0.7294117647058823,0.8435374149659863,0.8647058823529412
primary_43_DecisionBoundary_afp_Base,43,DecisionBoundary,afp,Base,92,66,0,415,19,0.962,1.0,0.7764705882352941,0.8741721854304636,0.888235294117647
primary_43_DecisionBoundary_afp_Base,43,DecisionBoundary,afp,Base,93,66,0,415,19,0.962,1.0,0.7764705882352941,0.8741721854304636,0.888235294117647
primary_43_DecisionBoundary_afp_Base,43,DecisionBoundary,afp,Base,94,66,0,415,19,0.962,1.0,0.7764705882352941,0.8741721854304636,0.888235294117647
primary_43_DecisionBoundary_afp_Base,43,DecisionBoundary,afp,Base,95,71,0,415,14,0.972,1.0,0.8352941176470589,0.9102564102564102,0.9176470588235295
primary_43_DecisionBoundary_afp_Base,43,DecisionBoundary,afp,Base,96,63,0,415,22,0.956,1.0,0.7411764705882353,0.8513513513513514,0.8705882352941177
primary_43_DecisionBoundary_afp_Base,43,DecisionBoundary,afp,Base,97,64,0,415,21,0.958,1.0,0.7529411764705882,0.8590604026845637,0.8764705882352941
primary_43_DecisionBoundary_afp_Base,43,DecisionBoundary,afp,Base,98,70,0,415,15,0.97,1.0,0.8235294117647058,0.9032258064516129,0.9117647058823529
primary_43_DecisionBoundary_afp_Base,43,DecisionBoundary,afp,Base,99,65,0,415,20,0.96,1.0,0.7647058823529411,0.8666666666666666,0.8823529411764706
primary_43_DecisionBoundary_afp_Base,43,DecisionBoundary,afp,Base,100,73,0,415,12,0.976,1.0,0.8588235294117647,0.9240506329113923,0.9294117647058824
primary_43_DecisionBoundary_afp_Base,43,DecisionBoundary,afp,Base,101,65,0,415,20,0.96,1.0,0.7647058823529411,0.8666666666666666,0.8823529411764706
primary_43_DecisionBoundary_afp_Base,43,DecisionBoundary,afp,Base,102,70,0,415,15,0.97,1.0,0.8235294117647058,0.9032258064516129,0.9117647058823529
primary_43_DecisionBoundary_afp_Base,43,DecisionBoundary,afp,Base,103,65,0,415,20,0.96,1.0,0.7647058823529411,0.8666666666666666,0.8823529411764706
primary_43_DecisionBoundary_afp_Base,43,DecisionBoundary,afp,Base,104,72,0,415,13,0.974,1.0,0.8470588235294118,0.9171974522292993,0.9235294117647059
primary_43_DecisionBoundary_afp_Base,43,DecisionBoundary,afp,Base,105,72,0,415,13,0.974,1.0,0.8470588235294118,0.9171974522292993,0.9235294117647059
primary_43_DecisionBoundary_afp_Base,43,DecisionBoundary,afp,Base,106,68,0,415,17,0.966,1.0,0.8,0.888888888888889,0.9
primary_43_DecisionBoundary_afp_Base,43,DecisionBoundary,afp,Base,107,66,0,415,19,0.962,1.0,0.7764705882352941,0.8741721854304636,0.888235294117647
primary_43_DecisionBoundary_afp_Base,43,DecisionBoundary,afp,Base,108,67,0,415,18,0.964,1.0,0.788235294117647,0.8815789473684211,0.8941176470588235
primary_43_DecisionBoundary_afp_Base,43,DecisionBoundary,afp,Base,109,66,0,415,19,0.962,1.0,0.7764705882352941,0.8741721854304636,0.888235294117647
primary_43_DecisionBoundary_afp_Base,43,DecisionBoundary,afp,Base,110,65,1,414,20,0.958,0.9848484848484849,0.7647058823529411,0.8609271523178808,0.8811481218993622
primary_43_DecisionBoundary_afp_Base,43,DecisionBoundary,afp,Base,111,70,0,415,15,0.97,1.0,0.8235294117647058,0.9032258064516129,0.9117647058823529
primary_43_DecisionBoundary_afp_Base,43,DecisionBoundary,afp,Base,112,71,1,414,14,0.97,0.9861111111111112,0.8352941176470589,0.9044585987261147,0.916442239546421
primary_43_DecisionBoundary_afp_Base,43,DecisionBoundary,afp,Base,113,68,0,415,17,0.966,1.0,0.8,0.888888888888889,0.9
primary_43_DecisionBoundary_afp_Base,43,DecisionBoundary,afp,Base,114,67,0,415,18,0.964,1.0,0.788235294117647,0.8815789473684211,0.8941176470588235
primary_43_DecisionBoundary_afp_Base,43,DecisionBoundary,afp,Base,115,66,0,415,19,0.962,1.0,0.7764705882352941,0.8741721854304636,0.888235294117647
primary_43_DecisionBoundary_afp_Base,43,DecisionBoundary,afp,Base,116,60,0,415,25,0.95,1.0,0.7058823529411765,0.8275862068965517,0.8529411764705883
primary_43_DecisionBoundary_afp_Base,43,DecisionBoundary,afp,Base,117,69,0,415,16,0.968,1.0,0.8117647058823529,0.8961038961038961,0.9058823529411765
primary_43_DecisionBoundary_afp_Base,43,DecisionBoundary,afp,Base,118,70,0,415,15,0.97,1.0,0.8235294117647058,0.9032258064516129,0.9117647058823529
primary_43_DecisionBoundary_afp_Base,43,DecisionBoundary,afp,Base,119,74,0,415,11,0.978,1.0,0.8705882352941177,0.9308176100628931,0.9352941176470588
primary_43_DecisionBoundary_afp_Base,43,DecisionBoundary,afp,Base,120,74,0,415,11,0.978,1.0,0.8705882352941177,0.9308176100628931,0.9352941176470588
primary_43_DecisionBoundary_afp_Base,43,DecisionBoundary,afp,Base,121,74,0,415,11,0.978,1.0,0.8705882352941177,0.9308176100628931,0.9352941176470588
primary_43_DecisionBoundary_afp_Base,43,DecisionBoundary,afp,Base,122,73,0,415,12,0.976,1.0,0.8588235294117647,0.9240506329113923,0.9294117647058824
primary_43_DecisionBoundary_afp_Base,43,DecisionBoundary,afp,Base,123,68,0,415,17,0.966,1.0,0.8,0.888888888888889,0.9
primary_43_DecisionBoundary_afp_Base,43,DecisionBoundary,afp,Base,124,65,0,415,20,0.96,1.0,0.7647058823529411,0.8666666666666666,0.8823529411764706
primary_43_DecisionBoundary_afp_Base,43,DecisionBoundary,afp,Base,125,72,0,415,13,0.974,1.0,0.8470588235294118,0.9171974522292993,0.9235294117647059
primary_43_DecisionBoundary_afp_Base,43,DecisionBoundary,afp,Base,126,73,0,415,12,0.976,1.0,0.8588235294117647,0.9240506329113923,0.9294117647058824
primary_43_DecisionBoundary_afp_Base,43,DecisionBoundary,afp,Base,127,63,0,415,22,0.956,1.0,0.7411764705882353,0.8513513513513514,0.8705882352941177
primary_43_DecisionBoundary_afp_Base,43,DecisionBoundary,afp,Base,128,68,0,415,17,0.966,1.0,0.8,0.888888888888889,0.9
primary_43_DecisionBoundary_afp_Base,43,DecisionBoundary,afp,Base,129,65,0,415,20,0.96,1.0,0.7647058823529411,0.8666666666666666,0.8823529411764706
primary_43_DecisionBoundary_afp_Base,43,DecisionBoundary,afp,Base,130,74,0,415,11,0.978,1.0,0.8705882352941177,0.9308176100628931,0.9352941176470588
primary_43_DecisionBoundary_afp_Base,43,DecisionBoundary,afp,Base,131,61,0,415,24,0.952,1.0,0.7176470588235294,0.8356164383561643,0.8588235294117648
primary_43_DecisionBoundary_afp_Base,43,DecisionBoundary,afp,Base,132,68,0,415,17,0.966,1.0,0.8,0.888888888888889,0.9
primary_43_DecisionBoundary_afp_Base,43,DecisionBoundary,afp,Base,133,69,0,415,16,0.968,1.0,0.8117647058823529,0.8961038961038961,0.9058823529411765
primary_43_DecisionBoundary_afp_Base,43,DecisionBoundary,afp,Base,134,62,0,415,23,0.954,1.0,0.7294117647058823,0.8435374149659863,0.8647058823529412
primary_43_DecisionBoundary_afp_Base,43,DecisionBoundary,afp,Base,135,67,0,415,18,0.964,1.0,0.788235294117647,0.8815789473684211,0.8941176470588235
primary_43_DecisionBoundary_afp_Base,43,DecisionBoundary,afp,Base,136,71,0,415,14,0.972,1.0,0.8352941176470589,0.9102564102564102,0.9176470588235295
primary_43_DecisionBoundary_afp_Base,43,DecisionBoundary,afp,Base,137,67,0,415,18,0.964,1.0,0.788235294117647,0.8815789473684211,0.8941176470588235
primary_43_DecisionBoundary_afp_Base,43,DecisionBoundary,afp,Base,138,66,0,415,19,0.962,1.0,0.7764705882352941,0.8741721854304636,0.888235294117647
primary_43_DecisionBoundary_afp_Base,43,DecisionBoundary,afp,Base,139,67,0,415,18,0.964,1.0,0.788235294117647,0.8815789473684211,0.8941176470588235
primary_43_DecisionBoundary_afp_Base,43,DecisionBoundary,afp,Base,140,72,0,415,13,0.974,1.0,0.8470588235294118,0.9171974522292993,0.9235294117647059
primary_43_DecisionBoundary_afp_Base,43,DecisionBoundary,afp,Base,141,66,0,415,19,0.962,1.0,0.7764705882352941,0.8741721854304636,0.888235294117647
primary_43_DecisionBoundary_afp_Base,43,DecisionBoundary,afp,Base,142,63,0,415,22,0.956,1.0,0.7411764705882353,0.8513513513513514,0.8705882352941177
primary_43_DecisionBoundary_afp_Base,43,DecisionBoundary,afp,Base,143,72,0,415,13,0.974,1.0,0.8470588235294118,0.9171974522292993,0.9235294117647059
primary_43_DecisionBoundary_afp_C1,43,DecisionBoundary,afp,C1,0,72,0,414,14,0.972,1.0,0.8372093023255814,0.9113924050632911,0.9186046511627908
primary_43_DecisionBoundary_afp_C1,43,DecisionBoundary,afp,C1,1,69,0,414,17,0.966,1.0,0.8023255813953488,0.8903225806451612,0.9011627906976745
primary_43_DecisionBoundary_afp_C1,43,DecisionBoundary,afp,C1,2,79,1,413,7,0.984,0.9875,0.9186046511627907,0.9518072289156626,0.9580945961127962
primary_43_DecisionBoundary_afp_C1,43,DecisionBoundary,afp,C1,3,77,0,414,9,0.982,1.0,0.8953488372093024,0.9447852760736196,0.9476744186046512
primary_43_DecisionBoundary_afp_C1,43,DecisionBoundary,afp,C1,4,79,0,414,7,0.986,1.0,0.9186046511627907,0.9575757575757576,0.9593023255813953
primary_43_DecisionBoundary_afp_C1,43,DecisionBoundary,afp,C1,5,79,0,414,7,0.986,1.0,0.9186046511627907,0.9575757575757576,0.9593023255813953
primary_43_DecisionBoundary_afp_C1,43,DecisionBoundary,afp,C1,6,80,0,414,6,0.988,1.0,0.9302325581395349,0.963855421686747,0.9651162790697674
primary_43_DecisionBoundary_afp_C1,43,DecisionBoundary,afp,C1,7,76,0,414,10,0.98,1.0,0.8837209302325582,0.9382716049382717,0.9418604651162791
primary_43_DecisionBoundary_afp_C1,43,DecisionBoundary,afp,C1,8,78,0,414,8,0.984,1.0,0.9069767441860465,0.951219512195122,0.9534883720930232
primary_43_DecisionBoundary_afp_C1,43,DecisionBoundary,afp,C1,9,82,0,414,4,0.992,1.0,0.9534883720930233,0.9761904761904763,0.9767441860465116
primary_43_DecisionBoundary_afp_C1,43,DecisionBoundary,afp,C1,10,80,0,414,6,0.988,1.0,0.9302325581395349,0.963855421686747,0.9651162790697674
primary_43_DecisionBoundary_afp_C1,43,DecisionBoundary,afp,C1,11,78,0,414,8,0.984,1.0,0.9069767441860465,0.951219512195122,0.9534883720930232
primary_43_DecisionBoundary_afp_C1,43,DecisionBoundary,afp,C1,12,81,0,414,5,0.99,1.0,0.9418604651162791,0.970059880239521,0.9709302325581395
primary_43_DecisionBoundary_afp_C1,43,DecisionBoundary,afp,C1,13,80,0,414,6,0.988,1.0,0.9302325581395349,0.963855421686747,0.9651162790697674
primary_43_DecisionBoundary_afp_C1,43,DecisionBoundary,afp,C1,14,83,1,413,3,0.992,0.9880952380952381,0.9651162790697675,0.9764705882352942,0.9813504100662847
primary_43_DecisionBoundary_afp_C1,43,DecisionBoundary,afp,C1,15,81,0,414,5,0.99,1.0,0.9418604651162791,0.970059880239521,0.9709302325581395
primary_43_DecisionBoundary_afp_C1,43,DecisionBoundary,afp,C1,16,78,1,413,8,0.982,0.9873417721518988,0.9069767441860465,0.9454545454545454,0.9522806426244241
primary_43_DecisionBoundary_afp_C1,43,DecisionBoundary,afp,C1,17,84,0,415,1,0.998,1.0,0.9882352941176471,0.9940828402366864,0.9941176470588236
primary_43_DecisionBoundary_afp_C1,43,DecisionBoundary,afp,C1,18,79,0,415,6,0.988,1.0,0.9294117647058824,0.9634146341463414,0.9647058823529412
primary_43_DecisionBoundary_afp_C1,43,DecisionBoundary,afp,C1,19,81,0,415,4,0.992,1.0,0.9529411764705882,0.9759036144578312,0.9764705882352941
primary_43_DecisionBoundary_afp_C1,43,DecisionBoundary,afp,C1,20,75,1,414,10,0.978,0.9868421052631579,0.8823529411764706,0.9316770186335402,0.9399716513111269
primary_43_DecisionBoundary_afp_C1,43,DecisionBoundary,afp,C1,21,73,1,414,12,0.974,0.9864864864864865,0.8588235294117647,0.9182389937106918,0.9282069454287739
primary_43_DecisionBoundary_afp_C1,43,DecisionBoundary,afp,C1,22,78,0,415,7,0.986,1.0,0.9176470588235294,0.9570552147239264,0.9588235294117646
primary_43_DecisionBoundary_afp_C1,43,DecisionBoundary,afp,C1,23,78,0,415,7,0.986,1.0,0.9176470588235294,0.9570552147239264,0.9588235294117646
primary_43_DecisionBoundary_afp_C1,43,DecisionBoundary,afp,C1,24,78,1,414,7,0.984,0.9873417721518988,0.9176470588235294,0.9512195121951219,0.9576187101346563
primary_43_DecisionBoundary_afp_C1,43,DecisionBoundary,afp,C1,25,75,0,415,10,0.98,1.0,0.8823529411764706,0.9375,0.9411764705882353
primary_43_DecisionBoundary_afp_C1,43,DecisionBoundary,afp,C1,26,75,0,415,10,0.98,1.0,0.8823529411764706,0.9375,0.9411764705882353
primary_43_DecisionBoundary_afp_C1,43,DecisionBoundary,afp,C1,27,75,0,415,10,0.98,1.0,0.8823529411764706,0.9375,0.9411764705882353
primary_43_DecisionBoundary_afp_C1,43,DecisionBoundary,afp,C1,28,78,0,415,7,0.986,1.0,0.9176470588235294,0.9570552147239264,0.9588235294117646
primary_43_DecisionBoundary_afp_C1,43,DecisionBoundary,afp,C1,29,78,0,415,7,0.986,1.0,0.9176470588235294,0.9570552147239264,0.9588235294117646
primary_43_DecisionBoundary_afp_C1,43,DecisionBoundary,afp,C1,30,78,0,415,7,0.986,1.0,0.9176470588235294,0.9570552147239264,0.9588235294117646
primary_43_DecisionBoundary_afp_C1,43,DecisionBoundary,afp,C1,31,78,1,414,7,0.984,0.9873417721518988,0.9176470588235294,0.9512195121951219,0.9576187101346563
primary_43_DecisionBoundary_afp_C1,43,DecisionBoundary,afp,C1,32,80,0,415,5,0.99,1.0,0.9411764705882353,0.9696969696969697,0.9705882352941176
primary_43_DecisionBoundary_afp_C1,43,DecisionBoundary,afp,C1,33,81,0,415,4,0.992,1.0,0.9529411764705882,0.9759036144578312,0.9764705882352941
primary_43_DecisionBoundary_afp_C1,43,DecisionBoundary,afp,C1,34,79,1,414,6,0.986,0.9875,0.9294117647058824,0.9575757575757576,0.9635010630758327
primary_43_DecisionBoundary_afp_C1,43,DecisionBoundary,afp,C1,35,75,0,415,10,0.98,1.0,0.8823529411764706,0.9375,0.9411764705882353
primary_43_DecisionBoundary_afp_C1,43,DecisionBoundary,afp,C1,36,79,0,415,6,0.988,1.0,0.9294117647058824,0.9634146341463414,0.9647058823529412
primary_43_DecisionBoundary_afp_C1,43,DecisionBoundary,afp,C1,37,81,1,414,4,0.99,0.9878048780487805,0.9529411764705882,0.9700598802395209,0.9752657689581856
primary_43_DecisionBoundary_afp_C1,43,DecisionBoundary,afp,C1,38,79,0,415,6,0.988,1.0,0.9294117647058824,0.9634146341463414,0.9647058823529412
primary_43_DecisionBoundary_afp_C1,43,DecisionBoundary,afp,C1,39,79,0,415,6,0.988,1.0,0.9294117647058824,0.9634146341463414,0.9647058823529412
primary_43_DecisionBoundary_afp_C1,43,DecisionBoundary,afp,C1,40,82,0,415,3,0.994,1.0,0.9647058823529412,0.9820359281437125,0.9823529411764707
primary_43_DecisionBoundary_afp_C1,43,DecisionBoundary,afp,C1,41,81,1,414,4,0.99,0.9878048780487805,0.9529411764705882,0.9700598802395209,0.9752657689581856
primary_43_DecisionBoundary_afp_C1,43,DecisionBoundary,afp,C1,42,78,0,415,7,0.986,1.0,0.9176470588235294,0.9570552147239264,0.9588235294117646
primary_43_DecisionBoundary_afp_C1,43,DecisionBoundary,afp,C1,43,74,1,414,11,0.976,0.9866666666666667,0.8705882352941177,0.925,0.9340892983699505
primary_43_DecisionBoundary_afp_C1,43,DecisionBoundary,afp,C1,44,77,0,415,8,0.984,1.0,0.9058823529411765,0.9506172839506173,0.9529411764705882
primary_43_DecisionBoundary_afp_C1,43,DecisionBoundary,afp,C1,45,79,1,414,6,0.986,0.9875,0.9294117647058824,0.9575757575757576,0.9635010630758327
primary_43_DecisionBoundary_afp_C1,43,DecisionBoundary,afp,C1,46,78,1,414,7,0.984,0.9873417721518988,0.9176470588235294,0.9512195121951219,0.9576187101346563
primary_43_DecisionBoundary_afp_C1,43,DecisionBoundary,afp,C1,47,74,0,415,11,0.978,1.0,0.8705882352941177,0.9308176100628931,0.9352941176470588
primary_43_DecisionBoundary_afp_C1,43,DecisionBoundary,afp,C1,48,80,0,415,5,0.99,1.0,0.9411764705882353,0.9696969696969697,0.9705882352941176
primary_43_DecisionBoundary_afp_C1,43,DecisionBoundary,afp,C1,49,75,0,415,10,0.98,1.0,0.8823529411764706,0.9375,0.9411764705882353
primary_43_DecisionBoundary_afp_C1,43,DecisionBoundary,afp,C1,50,81,0,415,4,0.992,1.0,0.9529411764705882,0.9759036144578312,0.9764705882352941
primary_43_DecisionBoundary_afp_C1,43,DecisionBoundary,afp,C1,51,76,1,414,9,0.98,0.987012987012987,0.8941176470588236,0.9382716049382716,0.9458540042523034
primary_43_DecisionBoundary_afp_C1,43,DecisionBoundary,afp,C1,52,80,0,415,5,0.99,1.0,0.9411764705882353,0.9696969696969697,0.9705882352941176
primary_43_DecisionBoundary_afp_C1,43,DecisionBoundary,afp,C1,53,75,1,414,10,0.978,0.9868421052631579,0.8823529411764706,0.9316770186335402,0.9399716513111269
primary_43_DecisionBoundary_afp_C1,43,DecisionBoundary,afp,C1,54,82,0,415,3,0.994,1.0,0.9647058823529412,0.9820359281437125,0.9823529411764707
primary_43_DecisionBoundary_afp_C1,43,DecisionBoundary,afp,C1,55,77,0,415,8,0.984,1.0,0.9058823529411765,0.9506172839506173,0.9529411764705882
primary_43_DecisionBoundary_afp_C1,43,DecisionBoundary,afp,C1,56,78,0,415,7,0.986,1.0,0.9176470588235294,0.9570552147239264,0.9588235294117646
primary_43_DecisionBoundary_afp_C1,43,DecisionBoundary,afp,C1,57,80,0,415,5,0.99,1.0,0.9411764705882353,0.9696969696969697,0.9705882352941176
primary_43_DecisionBoundary_afp_C1,43,DecisionBoundary,afp,C1,58,81,2,413,4,0.988,0.9759036144578314,0.9529411764705882,0.9642857142857143,0.9740609496810773
primary_43_DecisionBoundary_afp_C1,43,DecisionBoundary,afp,C1,59,77,0,415,8,0.984,1.0,0.9058823529411765,0.9506172839506173,0.9529411764705882
primary_43_DecisionBoundary_afp_C1,43,DecisionBoundary,afp,C1,60,78,0,415,7,0.986,1.0,0.9176470588235294,0.9570552147239264,0.9588235294117646
primary_43_DecisionBoundary_afp_C1,43,DecisionBoundary,afp,C1,61,78,0,415,7,0.986,1.0,0.9176470588235294,0.9570552147239264,0.9588235294117646
primary_43_DecisionBoundary_afp_C1,43,DecisionBoundary,afp,C1,62,79,0,415,6,0.988,1.0,0.9294117647058824,0.9634146341463414,0.9647058823529412
primary_43_DecisionBoundary_afp_C1,43,DecisionBoundary,afp,C1,63,74,0,415,11,0.978,1.0,0.8705882352941177,0.9308176100628931,0.9352941176470588
primary_43_DecisionBoundary_afp_C1,43,DecisionBoundary,afp,C1,64,76,0,415,9,0.982,1.0,0.8941176470588236,0.9440993788819877,0.9470588235294117
primary_43_DecisionBoundary_afp_C1,43,DecisionBoundary,afp,C1,65,76,2,413,9,0.978,0.9743589743589743,0.8941176470588236,0.9325153374233129,0.9446491849751949
primary_43_DecisionBoundary_afp_C1,43,DecisionBoundary,afp,C1,66,81,0,415,4,0.992,1.0,0.9529411764705882,0.9759036144578312,0.9764705882352941
primary_43_DecisionBoundary_afp_C1,43,DecisionBoundary,afp,C1,67,81,0,415,4,0.992,1.0,0.9529411764705882,0.9759036144578312,0.9764705882352941
primary_43_DecisionBoundary_afp_C1,43,DecisionBoundary,afp,C1,68,76,0,415,9,0.982,1.0,0.8941176470588236,0.9440993788819877,0.9470588235294117
primary_43_DecisionBoundary_afp_C1,43,DecisionBoundary,afp,C1,69,80,2,413,5,0.986,0.975609756097561,0.9411764705882353,0.9580838323353293,0.9681785967399008
primary_43_DecisionBoundary_afp_C1,43,DecisionBoundary,afp,C1,70,79,0,415,6,0.988,1.0,0.9294117647058824,0.9634146341463414,0.9647058823529412
primary_43_DecisionBoundary_afp_C1,43,DecisionBoundary,afp,C1,71,74,0,415,11,0.978,1.0,0.8705882352941177,0.9308176100628931,0.9352941176470588
primary_43_DecisionBoundary_afp_C1,43,DecisionBoundary,afp,C1,72,78,1,414,7,0.984,0.9873417721518988,0.9176470588235294,0.9512195121951219,0.9576187101346563
primary_43_DecisionBoundary_afp_C1,43,DecisionBoundary,afp,C1,73,77,1,414,8,0.982,0.9871794871794872,0.9058823529411765,0.9447852760736197,0.9517363571934798
primary_43_DecisionBoundary_afp_C1,43,DecisionBoundary,afp,C1,74,82,0,415,3,0.994,1.0,0.9647058823529412,0.9820359281437125,0.9823529411764707
primary_43_DecisionBoundary_afp_C1,43,DecisionBoundary,afp,C1,75,78,0,415,7,0.986,1.0,0.9176470588235294,0.9570552147239264,0.9588235294117646
primary_43_DecisionBoundary_afp_C1,43,DecisionBoundary,afp,C1,76,80,1,414,5,0.988,0.9876543209876543,0.9411764705882353,0.963855421686747,0.9693834160170092
primary_43_DecisionBoundary_afp_C1,43,DecisionBoundary,afp,C1,77,79,0,415,6,0.988,1.0,0.9294117647058824,0.9634146341463414,0.9647058823529412
primary_43_DecisionBoundary_afp_C1,43,DecisionBoundary,afp,C1,78,80,1,414,5,0.988,0.9876543209876543,0.9411764705882353,0.963855421686747,0.9693834160170092
primary_43_DecisionBoundary_afp_C1,43,DecisionBoundary,afp,C1,79,81,1,414,4,0.99,0.9878048780487805,0.9529411764705882,0.9700598802395209,0.9752657689581856
primary_43_DecisionBoundary_afp_C1,43,DecisionBoundary,afp,C1,80,77,0,415,8,0.984,1.0,0.9058823529411765,0.9506172839506173,0.9529411764705882
primary_43_DecisionBoundary_afp_C1,43,DecisionBoundary,afp,C1,81,76,0,415,9,0.982,1.0,0.8941176470588236,0.9440993788819877,0.9470588235294117
primary_43_DecisionBoundary_afp_C1,43,DecisionBoundary,afp,C1,82,80,0,415,5,0.99,1.0,0.9411764705882353,0.9696969696969697,0.9705882352941176
primary_43_DecisionBoundary_afp_C1,43,DecisionBoundary,afp,C1,83,77,0,415,8,0.984,1.0,0.9058823529411765,0.9506172839506173,0.9529411764705882
primary_43_DecisionBoundary_afp_C1,43,DecisionBoundary,afp,C1,84,77,0,415,8,0.984,1.0,0.9058823529411765,0.9506172839506173,0.9529411764705882
primary_43_DecisionBoundary_afp_C1,43,DecisionBoundary,afp,C1,85,81,1,414,4,0.99,0.9878048780487805,0.9529411764705882,0.9700598802395209,0.9752657689581856
primary_43_DecisionBoundary_afp_C1,43,DecisionBoundary,afp,C1,86,74,2,413,11,0.974,0.9736842105263158,0.8705882352941177,0.9192546583850931,0.9328844790928419
primary_43_DecisionBoundary_afp_C1,43,DecisionBoundary,afp,C1,87,77,0,415,8,0.984,1.0,0.9058823529411765,0.9506172839506173,0.9529411764705882
primary_43_DecisionBoundary_afp_C1,43,DecisionBoundary,afp,C1,88,77,0,415,8,0.984,1.0,0.9058823529411765,0.9506172839506173,0.9529411764705882
primary_43_DecisionBoundary_afp_C1,43,DecisionBoundary,afp,C1,89,78,1,414,7,0.984,0.9873417721518988,0.9176470588235294,0.9512195121951219,0.9576187101346563
primary_43_DecisionBoundary_afp_C1,43,DecisionBoundary,afp,C1,90,81,1,414,4,0.99,0.9878048780487805,0.9529411764705882,0.9700598802395209,0.9752657689581856
primary_43_DecisionBoundary_afp_C1,43,DecisionBoundary,afp,C1,91,79,2,413,6,0.984,0.9753086419753086,0.9294117647058824,0.9518072289156626,0.9622962437987244
primary_43_DecisionBoundary_afp_C1,43,DecisionBoundary,afp,C1,92,78,0,415,7,0.986,1.0,0.9176470588235294,0.9570552147239264,0.9588235294117646
primary_43_DecisionBoundary_afp_C1,43,DecisionBoundary,afp,C1,93,77,0,415,8,0.984,1.0,0.9058823529411765,0.9506172839506173,0.9529411764705882
primary_43_DecisionBoundary_afp_C1,43,DecisionBoundary,afp,C1,94,82,0,415,3,0.994,1.0,0.9647058823529412,0.9820359281437125,0.9823529411764707
primary_43_DecisionBoundary_afp_C1,43,DecisionBoundary,afp,C1,95,81,1,414,4,0.99,0.9878048780487805,0.9529411764705882,0.9700598802395209,0.9752657689581856
primary_43_DecisionBoundary_afp_C1,43,DecisionBoundary,afp,C1,96,80,0,415,5,0.99,1.0,0.9411764705882353,0.9696969696969697,0.9705882352941176
primary_43_DecisionBoundary_afp_C1,43,DecisionBoundary,afp,C1,97,76,1,414,9,0.98,0.987012987012987,0.8941176470588236,0.9382716049382716,0.9458540042523034
primary_43_DecisionBoundary_afp_C1,43,DecisionBoundary,afp,C1,98,79,0,415,6,0.988,1.0,0.9294117647058824,0.9634146341463414,0.9647058823529412
primary_43_DecisionBoundary_afp_C1,43,DecisionBoundary,afp,C1,99,82,1,414,3,0.992,0.9879518072289156,0.9647058823529412,0.9761904761904762,0.9811481218993622
primary_43_DecisionBoundary_afp_C1,43,DecisionBoundary,afp,C1,100,80,1,414,5,0.988,0.9876543209876543,0.9411764705882353,0.963855421686747,0.9693834160170092
primary_43_DecisionBoundary_afp_C1,43,DecisionBoundary,afp,C1,101,77,0,415,8,0.984,1.0,0.9058823529411765,0.9506172839506173,0.9529411764705882
primary_43_DecisionBoundary_afp_C1,43,DecisionBoundary,afp,C1,102,82,0,415,3,0.994,1.0,0.9647058823529412,0.9820359281437125,0.9823529411764707
primary_43_DecisionBoundary_afp_C1,43,DecisionBoundary,afp,C1,103,77,0,415,8,0.984,1.0,0.9058823529411765,0.9506172839506173,0.9529411764705882
primary_43_DecisionBoundary_afp_C1,43,DecisionBoundary,afp,C1,104,81,0,415,4,0.992,1.0,0.9529411764705882,0.9759036144578312,0.9764705882352941
primary_43_DecisionBoundary_afp_C1,43,DecisionBoundary,afp,C1,105,82,0,415,3,0.994,1.0,0.9647058823529412,0.9820359281437125,0.9823529411764707
primary_43_DecisionBoundary_afp_C1,43,DecisionBoundary,afp,C1,106,78,0,415,7,0.986,1.0,0.9176470588235294,0.9570552147239264,0.9588235294117646
primary_43_DecisionBoundary_afp_C1,43,DecisionBoundary,afp,C1,107,78,0,415,7,0.986,1.0,0.9176470588235294,0.9570552147239264,0.9588235294117646
primary_43_DecisionBoundary_afp_C1,43,DecisionBoundary,afp,C1,108,78,0,415,7,0.986,1.0,0.9176470588235294,0.9570552147239264,0.9588235294117646
primary_43_DecisionBoundary_afp_C1,43,DecisionBoundary,afp,C1,109,77,0,415,8,0.984,1.0,0.9058823529411765,0.9506172839506173,0.9529411764705882
primary_43_DecisionBoundary_afp_C1,43,DecisionBoundary,afp,C1,110,76,1,414,9,0.98,0.987012987012987,0.8941176470588236,0.9382716049382716,0.9458540042523034
primary_43_DecisionBoundary_afp_C1,43,DecisionBoundary,afp,C1,111,83,1,414,2,0.994,0.9880952380952381,0.9764705882352941,0.9822485207100591,0.9870304748405386
primary_43_DecisionBoundary_afp_C1,43,DecisionBoundary,afp,C1,112,79,1,414,6,0.986,0.9875,0.9294117647058824,0.9575757575757576,0.9635010630758327
primary_43_DecisionBoundary_afp_C1,43,DecisionBoundary,afp,C1,113,77,1,414,8,0.982,0.9871794871794872,0.9058823529411765,0.9447852760736197,0.9517363571934798
primary_43_DecisionBoundary_afp_C1,43,DecisionBoundary,afp,C1,114,80,0,415,5,0.99,1.0,0.9411764705882353,0.9696969696969697,0.9705882352941176
primary_43_DecisionBoundary_afp_C1,43,DecisionBoundary,afp,C1,115,76,0,415,9,0.982,1.0,0.8941176470588236,0.9440993788819877,0.9470588235294117
primary_43_DecisionBoundary_afp_C1,43,DecisionBoundary,afp,C1,116,75,1,414,10,0.978,0.9868421052631579,0.8823529411764706,0.9316770186335402,0.9399716513111269
primary_43_DecisionBoundary_afp_C1,43,DecisionBoundary,afp,C1,117,80,0,415,5,0.99,1.0,0.9411764705882353,0.9696969696969697,0.9705882352941176
primary_43_DecisionBoundary_afp_C1,43,DecisionBoundary,afp,C1,118,78,1,414,7,0.984,0.9873417721518988,0.9176470588235294,0.9512195121951219,0.9576187101346563
primary_43_DecisionBoundary_afp_C1,43,DecisionBoundary,afp,C1,119,80,0,415,5,0.99,1.0,0.9411764705882353,0.9696969696969697,0.9705882352941176
primary_43_DecisionBoundary_afp_C1,43,DecisionBoundary,afp,C1,120,80,0,415,5,0.99,1.0,0.9411764705882353,0.9696969696969697,0.9705882352941176
primary_43_DecisionBoundary_afp_C1,43,DecisionBoundary,afp,C1,121,80,0,415,5,0.99,1.0,0.9411764705882353,0.9696969696969697,0.9705882352941176
primary_43_DecisionBoundary_afp_C1,43,DecisionBoundary,afp,C1,122,78,0,415,7,0.986,1.0,0.9176470588235294,0.9570552147239264,0.9588235294117646
primary_43_DecisionBoundary_afp_C1,43,DecisionBoundary,afp,C1,123,75,0,415,10,0.98,1.0,0.8823529411764706,0.9375,0.9411764705882353
primary_43_DecisionBoundary_afp_C1,43,DecisionBoundary,afp,C1,124,79,1,414,6,0.986,0.9875,0.9294117647058824,0.9575757575757576,0.9635010630758327
primary_43_DecisionBoundary_afp_C1,43,DecisionBoundary,afp,C1,125,82,2,413,3,0.99,0.9761904761904762,0.9647058823529412,0.9704142011834319,0.9799433026222537
primary_43_DecisionBoundary_afp_C1,43,DecisionBoundary,afp,C1,126,80,0,415,5,0.99,1.0,0.9411764705882353,0.9696969696969697,0.9705882352941176
primary_43_DecisionBoundary_afp_C1,43,DecisionBoundary,afp,C1,127,75,0,415,10,0.98,1.0,0.8823529411764706,0.9375,0.9411764705882353
primary_43_DecisionBoundary_afp_C1,43,DecisionBoundary,afp,C1,128,81,0,415,4,0.992,1.0,0.9529411764705882,0.9759036144578312,0.9764705882352941
primary_43_DecisionBoundary_afp_C1,43,DecisionBoundary,afp,C1,129,76,0,415,9,0.982,1.0,0.8941176470588236,0.9440993788819877,0.9470588235294117
primary_43_DecisionBoundary_afp_C1,43,DecisionBoundary,afp,C1,130,82,0,415,3,0.994,1.0,0.9647058823529412,0.9820359281437125,0.9823529411764707
primary_43_DecisionBoundary_afp_C1,43,DecisionBoundary,afp,C1,131,78,1,414,7,0.984,0.9873417721518988,0.9176470588235294,0.9512195121951219,0.9576187101346563
primary_43_DecisionBoundary_afp_C1,43,DecisionBoundary,afp,C1,132,78,0,415,7,0.986,1.0,0.9176470588235294,0.9570552147239264,0.9588235294117646
primary_43_DecisionBoundary_afp_C1,43,DecisionBoundary,afp,C1,133,79,1,414,6,0.986,0.9875,0.9294117647058824,0.9575757575757576,0.9635010630758327
primary_43_DecisionBoundary_afp_C1,43,DecisionBoundary,afp,C1,134,74,0,415,11,0.978,1.0,0.8705882352941177,0.9308176100628931,0.9352941176470588
primary_43_DecisionBoundary_afp_C1,43,DecisionBoundary,afp,C1,135,81,0,415,4,0.992,1.0,0.9529411764705882,0.9759036144578312,0.9764705882352941
primary_43_DecisionBoundary_afp_C1,43,DecisionBoundary,afp,C1,136,82,0,415,3,0.994,1.0,0.9647058823529412,0.9820359281437125,0.9823529411764707
primary_43_DecisionBoundary_afp_C1,43,DecisionBoundary,afp,C1,137,78,2,413,7,0.982,0.975,0.9176470588235294,0.9454545454545454,0.9564138908575478
primary_43_DecisionBoundary_afp_C1,43,DecisionBoundary,afp,C1,138,80,0,415,5,0.99,1.0,0.9411764705882353,0.9696969696969697,0.9705882352941176
primary_43_DecisionBoundary_afp_C1,43,DecisionBoundary,afp,C1,139,77,1,414,8,0.982,0.9871794871794872,0.9058823529411765,0.9447852760736197,0.9517363571934798
primary_43_DecisionBoundary_afp_C1,43,DecisionBoundary,afp,C1,140,79,0,415,6,0.988,1.0,0.9294117647058824,0.9634146341463414,0.9647058823529412
primary_43_DecisionBoundary_afp_C1,43,DecisionBoundary,afp,C1,141,76,0,415,9,0.982,1.0,0.8941176470588236,0.9440993788819877,0.9470588235294117
primary_43_DecisionBoundary_afp_C1,43,DecisionBoundary,afp,C1,142,80,0,415,5,0.99,1.0,0.9411764705882353,0.9696969696969697,0.9705882352941176
primary_43_DecisionBoundary_afp_C1,43,DecisionBoundary,afp,C1,143,80,0,415,5,0.99,1.0,0.9411764705882353,0.9696969696969697,0.9705882352941176
primary_43_DecisionBoundary_feature_squeezing_Base,43,DecisionBoundary,feature_squeezing,Base,0,79,0,414,7,0.986,1.0,0.9186046511627907,0.9575757575757576,0.9593023255813953
primary_43_DecisionBoundary_feature_squeezing_Base,43,DecisionBoundary,feature_squeezing,Base,1,78,0,414,8,0.984,1.0,0.9069767441860465,0.951219512195122,0.9534883720930232
primary_43_DecisionBoundary_feature_squeezing_Base,43,DecisionBoundary,feature_squeezing,Base,2,82,1,413,4,0.99,0.9879518072289156,0.9534883720930233,0.9704142011834319,0.9755364565779125
primary_43_DecisionBoundary_feature_squeezing_Base,43,DecisionBoundary,feature_squeezing,Base,3,82,0,414,4,0.992,1.0,0.9534883720930233,0.9761904761904763,0.9767441860465116
primary_43_DecisionBoundary_feature_squeezing_Base,43,DecisionBoundary,feature_squeezing,Base,4,83,0,414,3,0.994,1.0,0.9651162790697675,0.9822485207100593,0.9825581395348837
primary_43_DecisionBoundary_feature_squeezing_Base,43,DecisionBoundary,feature_squeezing,Base,5,81,1,413,5,0.988,0.9878048780487805,0.9418604651162791,0.9642857142857143,0.9697225030895404
primary_43_DecisionBoundary_feature_squeezing_Base,43,DecisionBoundary,feature_squeezing,Base,6,81,0,414,5,0.99,1.0,0.9418604651162791,0.970059880239521,0.9709302325581395
primary_43_DecisionBoundary_feature_squeezing_Base,43,DecisionBoundary,feature_squeezing,Base,7,77,0,414,9,0.982,1.0,0.8953488372093024,0.9447852760736196,0.9476744186046512
primary_43_DecisionBoundary_feature_squeezing_Base,43,DecisionBoundary,feature_squeezing,Base,8,79,0,414,7,0.986,1.0,0.9186046511627907,0.9575757575757576,0.9593023255813953
primary_43_DecisionBoundary_feature_squeezing_Base,43,DecisionBoundary,feature_squeezing,Base,9,84,0,414,2,0.996,1.0,0.9767441860465116,0.988235294117647,0.9883720930232558
primary_43_DecisionBoundary_feature_squeezing_Base,43,DecisionBoundary,feature_squeezing,Base,10,81,0,414,5,0.99,1.0,0.9418604651162791,0.970059880239521,0.9709302325581395
primary_43_DecisionBoundary_feature_squeezing_Base,43,DecisionBoundary,feature_squeezing,Base,11,78,0,414,8,0.984,1.0,0.9069767441860465,0.951219512195122,0.9534883720930232
primary_43_DecisionBoundary_feature_squeezing_Base,43,DecisionBoundary,feature_squeezing,Base,12,82,0,414,4,0.992,1.0,0.9534883720930233,0.9761904761904763,0.9767441860465116
primary_43_DecisionBoundary_feature_squeezing_Base,43,DecisionBoundary,feature_squeezing,Base,13,80,0,414,6,0.988,1.0,0.9302325581395349,0.963855421686747,0.9651162790697674
primary_43_DecisionBoundary_feature_squeezing_Base,43,DecisionBoundary,feature_squeezing,Base,14,83,1,413,3,0.992,0.9880952380952381,0.9651162790697675,0.9764705882352942,0.9813504100662847
primary_43_DecisionBoundary_feature_squeezing_Base,43,DecisionBoundary,feature_squeezing,Base,15,80,0,414,6,0.988,1.0,0.9302325581395349,0.963855421686747,0.9651162790697674
primary_43_DecisionBoundary_feature_squeezing_Base,43,DecisionBoundary,feature_squeezing,Base,16,78,0,414,8,0.984,1.0,0.9069767441860465,0.951219512195122,0.9534883720930232
primary_43_DecisionBoundary_feature_squeezing_Base,43,DecisionBoundary,feature_squeezing,Base,17,84,0,415,1,0.998,1.0,0.9882352941176471,0.9940828402366864,0.9941176470588236
primary_43_DecisionBoundary_feature_squeezing_Base,43,DecisionBoundary,feature_squeezing,Base,18,79,0,415,6,0.988,1.0,0.9294117647058824,0.9634146341463414,0.9647058823529412
primary_43_DecisionBoundary_feature_squeezing_Base,43,DecisionBoundary,feature_squeezing,Base,19,81,0,415,4,0.992,1.0,0.9529411764705882,0.9759036144578312,0.9764705882352941
primary_43_DecisionBoundary_feature_squeezing_Base,43,DecisionBoundary,feature_squeezing,Base,20,74,0,415,11,0.978,1.0,0.8705882352941177,0.9308176100628931,0.9352941176470588
primary_43_DecisionBoundary_feature_squeezing_Base,43,DecisionBoundary,feature_squeezing,Base,21,72,0,415,13,0.974,1.0,0.8470588235294118,0.9171974522292993,0.9235294117647059
primary_43_DecisionBoundary_feature_squeezing_Base,43,DecisionBoundary,feature_squeezing,Base,22,76,0,415,9,0.982,1.0,0.8941176470588236,0.9440993788819877,0.9470588235294117
primary_43_DecisionBoundary_feature_squeezing_Base,43,DecisionBoundary,feature_squeezing,Base,23,78,0,415,7,0.986,1.0,0.9176470588235294,0.9570552147239264,0.9588235294117646
primary_43_DecisionBoundary_feature_squeezing_Base,43,DecisionBoundary,feature_squeezing,Base,24,78,0,415,7,0.986,1.0,0.9176470588235294,0.9570552147239264,0.9588235294117646
primary_43_DecisionBoundary_feature_squeezing_Base,43,DecisionBoundary,feature_squeezing,Base,25,76,0,415,9,0.982,1.0,0.8941176470588236,0.9440993788819877,0.9470588235294117
primary_43_DecisionBoundary_feature_squeezing_Base,43,DecisionBoundary,feature_squeezing,Base,26,74,0,415,11,0.978,1.0,0.8705882352941177,0.9308176100628931,0.9352941176470588
primary_43_DecisionBoundary_feature_squeezing_Base,43,DecisionBoundary,feature_squeezing,Base,27,74,0,415,11,0.978,1.0,0.8705882352941177,0.9308176100628931,0.9352941176470588
primary_43_DecisionBoundary_feature_squeezing_Base,43,DecisionBoundary,feature_squeezing,Base,28,78,0,415,7,0.986,1.0,0.9176470588235294,0.9570552147239264,0.9588235294117646
primary_43_DecisionBoundary_feature_squeezing_Base,43,DecisionBoundary,feature_squeezing,Base,29,79,0,415,6,0.988,1.0,0.9294117647058824,0.9634146341463414,0.9647058823529412
primary_43_DecisionBoundary_feature_squeezing_Base,43,DecisionBoundary,feature_squeezing,Base,30,77,0,415,8,0.984,1.0,0.9058823529411765,0.9506172839506173,0.9529411764705882
primary_43_DecisionBoundary_feature_squeezing_Base,43,DecisionBoundary,feature_squeezing,Base,31,77,0,415,8,0.984,1.0,0.9058823529411765,0.9506172839506173,0.9529411764705882
primary_43_DecisionBoundary_feature_squeezing_Base,43,DecisionBoundary,feature_squeezing,Base,32,78,0,415,7,0.986,1.0,0.9176470588235294,0.9570552147239264,0.9588235294117646
primary_43_DecisionBoundary_feature_squeezing_Base,43,DecisionBoundary,feature_squeezing,Base,33,81,0,415,4,0.992,1.0,0.9529411764705882,0.9759036144578312,0.9764705882352941
primary_43_DecisionBoundary_feature_squeezing_Base,43,DecisionBoundary,feature_squeezing,Base,34,78,1,414,7,0.984,0.9873417721518988,0.9176470588235294,0.9512195121951219,0.9576187101346563
primary_43_DecisionBoundary_feature_squeezing_Base,43,DecisionBoundary,feature_squeezing,Base,35,74,0,415,11,0.978,1.0,0.8705882352941177,0.9308176100628931,0.9352941176470588
primary_43_DecisionBoundary_feature_squeezing_Base,43,DecisionBoundary,feature_squeezing,Base,36,78,0,415,7,0.986,1.0,0.9176470588235294,0.9570552147239264,0.9588235294117646
primary_43_DecisionBoundary_feature_squeezing_Base,43,DecisionBoundary,feature_squeezing,Base,37,80,1,414,5,0.988,0.9876543209876543,0.9411764705882353,0.963855421686747,0.9693834160170092
primary_43_DecisionBoundary_feature_squeezing_Base,43,DecisionBoundary,feature_squeezing,Base,38,79,0,415,6,0.988,1.0,0.9294117647058824,0.9634146341463414,0.9647058823529412
primary_43_DecisionBoundary_feature_squeezing_Base,43,DecisionBoundary,feature_squeezing,Base,39,77,0,415,8,0.984,1.0,0.9058823529411765,0.9506172839506173,0.9529411764705882
primary_43_DecisionBoundary_feature_squeezing_Base,43,DecisionBoundary,feature_squeezing,Base,40,81,0,415,4,0.992,1.0,0.9529411764705882,0.9759036144578312,0.9764705882352941
primary_43_DecisionBoundary_feature_squeezing_Base,43,DecisionBoundary,feature_squeezing,Base,41,79,0,415,6,0.988,1.0,0.9294117647058824,0.9634146341463414,0.9647058823529412
primary_43_DecisionBoundary_feature_squeezing_Base,43,DecisionBoundary,feature_squeezing,Base,42,76,0,415,9,0.982,1.0,0.8941176470588236,0.9440993788819877,0.9470588235294117
primary_43_DecisionBoundary_feature_squeezing_Base,43,DecisionBoundary,feature_squeezing,Base,43,73,1,414,12,0.974,0.9864864864864865,0.8588235294117647,0.9182389937106918,0.9282069454287739
primary_43_DecisionBoundary_feature_squeezing_Base,43,DecisionBoundary,feature_squeezing,Base,44,77,0,415,8,0.984,1.0,0.9058823529411765,0.9506172839506173,0.9529411764705882
primary_43_DecisionBoundary_feature_squeezing_Base,43,DecisionBoundary,feature_squeezing,Base,45,79,0,415,6,0.988,1.0,0.9294117647058824,0.9634146341463414,0.9647058823529412
primary_43_DecisionBoundary_feature_squeezing_Base,43,DecisionBoundary,feature_squeezing,Base,46,79,1,414,6,0.986,0.9875,0.9294117647058824,0.9575757575757576,0.9635010630758327
primary_43_DecisionBoundary_feature_squeezing_Base,43,DecisionBoundary,feature_squeezing,Base,47,73,0,415,12,0.976,1.0,0.8588235294117647,0.9240506329113923,0.9294117647058824
primary_43_DecisionBoundary_feature_squeezing_Base,43,DecisionBoundary,feature_squeezing,Base,48,80,0,415,5,0.99,1.0,0.9411764705882353,0.9696969696969697,0.9705882352941176
primary_43_DecisionBoundary_feature_squeezing_Base,43,DecisionBoundary,feature_squeezing,Base,49,76,0,415,9,0.982,1.0,0.8941176470588236,0.9440993788819877,0.9470588235294117
primary_43_DecisionBoundary_feature_squeezing_Base,43,DecisionBoundary,feature_squeezing,Base,50,79,0,415,6,0.988,1.0,0.9294117647058824,0.9634146341463414,0.9647058823529412
primary_43_DecisionBoundary_feature_squeezing_Base,43,DecisionBoundary,feature_squeezing,Base,51,76,1,414,9,0.98,0.987012987012987,0.8941176470588236,0.9382716049382716,0.9458540042523034
primary_43_DecisionBoundary_feature_squeezing_Base,43,DecisionBoundary,feature_squeezing,Base,52,79,0,415,6,0.988,1.0,0.9294117647058824,0.9634146341463414,0.9647058823529412
primary_43_DecisionBoundary_feature_squeezing_Base,43,DecisionBoundary,feature_squeezing,Base,53,73,0,415,12,0.976,1.0,0.8588235294117647,0.9240506329113923,0.9294117647058824
primary_43_DecisionBoundary_feature_squeezing_Base,43,DecisionBoundary,feature_squeezing,Base,54,82,0,415,3,0.994,1.0,0.9647058823529412,0.9820359281437125,0.9823529411764707
primary_43_DecisionBoundary_feature_squeezing_Base,43,DecisionBoundary,feature_squeezing,Base,55,76,0,415,9,0.982,1.0,0.8941176470588236,0.9440993788819877,0.9470588235294117
primary_43_DecisionBoundary_feature_squeezing_Base,43,DecisionBoundary,feature_squeezing,Base,56,78,0,415,7,0.986,1.0,0.9176470588235294,0.9570552147239264,0.9588235294117646
primary_43_DecisionBoundary_feature_squeezing_Base,43,DecisionBoundary,feature_squeezing,Base,57,81,0,415,4,0.992,1.0,0.9529411764705882,0.9759036144578312,0.9764705882352941
primary_43_DecisionBoundary_feature_squeezing_Base,43,DecisionBoundary,feature_squeezing,Base,58,81,0,415,4,0.992,1.0,0.9529411764705882,0.9759036144578312,0.9764705882352941
primary_43_DecisionBoundary_feature_squeezing_Base,43,DecisionBoundary,feature_squeezing,Base,59,76,0,415,9,0.982,1.0,0.8941176470588236,0.9440993788819877,0.9470588235294117
primary_43_DecisionBoundary_feature_squeezing_Base,43,DecisionBoundary,feature_squeezing,Base,60,75,0,415,10,0.98,1.0,0.8823529411764706,0.9375,0.9411764705882353
primary_43_DecisionBoundary_feature_squeezing_Base,43,DecisionBoundary,feature_squeezing,Base,61,77,0,415,8,0.984,1.0,0.9058823529411765,0.9506172839506173,0.9529411764705882
primary_43_DecisionBoundary_feature_squeezing_Base,43,DecisionBoundary,feature_squeezing,Base,62,80,0,415,5,0.99,1.0,0.9411764705882353,0.9696969696969697,0.9705882352941176
primary_43_DecisionBoundary_feature_squeezing_Base,43,DecisionBoundary,feature_squeezing,Base,63,74,0,415,11,0.978,1.0,0.8705882352941177,0.9308176100628931,0.9352941176470588
primary_43_DecisionBoundary_feature_squeezing_Base,43,DecisionBoundary,feature_squeezing,Base,64,76,0,415,9,0.982,1.0,0.8941176470588236,0.9440993788819877,0.9470588235294117
primary_43_DecisionBoundary_feature_squeezing_Base,43,DecisionBoundary,feature_squeezing,Base,65,75,0,415,10,0.98,1.0,0.8823529411764706,0.9375,0.9411764705882353
primary_43_DecisionBoundary_feature_squeezing_Base,43,DecisionBoundary,feature_squeezing,Base,66,79,0,415,6,0.988,1.0,0.9294117647058824,0.9634146341463414,0.9647058823529412
primary_43_DecisionBoundary_feature_squeezing_Base,43,DecisionBoundary,feature_squeezing,Base,67,81,0,415,4,0.992,1.0,0.9529411764705882,0.9759036144578312,0.9764705882352941
primary_43_DecisionBoundary_feature_squeezing_Base,43,DecisionBoundary,feature_squeezing,Base,68,77,0,415,8,0.984,1.0,0.9058823529411765,0.9506172839506173,0.9529411764705882
primary_43_DecisionBoundary_feature_squeezing_Base,43,DecisionBoundary,feature_squeezing,Base,69,76,1,414,9,0.98,0.987012987012987,0.8941176470588236,0.9382716049382716,0.9458540042523034
primary_43_DecisionBoundary_feature_squeezing_Base,43,DecisionBoundary,feature_squeezing,Base,70,79,0,415,6,0.988,1.0,0.9294117647058824,0.9634146341463414,0.9647058823529412
primary_43_DecisionBoundary_feature_squeezing_Base,43,DecisionBoundary,feature_squeezing,Base,71,74,0,415,11,0.978,1.0,0.8705882352941177,0.9308176100628931,0.9352941176470588
primary_43_DecisionBoundary_feature_squeezing_Base,43,DecisionBoundary,feature_squeezing,Base,72,78,0,415,7,0.986,1.0,0.9176470588235294,0.9570552147239264,0.9588235294117646
primary_43_DecisionBoundary_feature_squeezing_Base,43,DecisionBoundary,feature_squeezing,Base,73,77,0,415,8,0.984,1.0,0.9058823529411765,0.9506172839506173,0.9529411764705882
primary_43_DecisionBoundary_feature_squeezing_Base,43,DecisionBoundary,feature_squeezing,Base,74,82,0,415,3,0.994,1.0,0.9647058823529412,0.9820359281437125,0.9823529411764707
primary_43_DecisionBoundary_feature_squeezing_Base,43,DecisionBoundary,feature_squeezing,Base,75,78,0,415,7,0.986,1.0,0.9176470588235294,0.9570552147239264,0.9588235294117646
primary_43_DecisionBoundary_feature_squeezing_Base,43,DecisionBoundary,feature_squeezing,Base,76,80,1,414,5,0.988,0.9876543209876543,0.9411764705882353,0.963855421686747,0.9693834160170092
primary_43_DecisionBoundary_feature_squeezing_Base,43,DecisionBoundary,feature_squeezing,Base,77,79,0,415,6,0.988,1.0,0.9294117647058824,0.9634146341463414,0.9647058823529412
primary_43_DecisionBoundary_feature_squeezing_Base,43,DecisionBoundary,feature_squeezing,Base,78,76,0,415,9,0.982,1.0,0.8941176470588236,0.9440993788819877,0.9470588235294117
primary_43_DecisionBoundary_feature_squeezing_Base,43,DecisionBoundary,feature_squeezing,Base,79,79,0,415,6,0.988,1.0,0.9294117647058824,0.9634146341463414,0.9647058823529412
primary_43_DecisionBoundary_feature_squeezing_Base,43,DecisionBoundary,feature_squeezing,Base,80,75,0,415,10,0.98,1.0,0.8823529411764706,0.9375,0.9411764705882353
primary_43_DecisionBoundary_feature_squeezing_Base,43,DecisionBoundary,feature_squeezing,Base,81,75,0,415,10,0.98,1.0,0.8823529411764706,0.9375,0.9411764705882353
primary_43_DecisionBoundary_feature_squeezing_Base,43,DecisionBoundary,feature_squeezing,Base,82,79,0,415,6,0.988,1.0,0.9294117647058824,0.9634146341463414,0.9647058823529412
primary_43_DecisionBoundary_feature_squeezing_Base,43,DecisionBoundary,feature_squeezing,Base,83,75,0,415,10,0.98,1.0,0.8823529411764706,0.9375,0.9411764705882353
primary_43_DecisionBoundary_feature_squeezing_Base,43,DecisionBoundary,feature_squeezing,Base,84,77,0,415,8,0.984,1.0,0.9058823529411765,0.9506172839506173,0.9529411764705882
primary_43_DecisionBoundary_feature_squeezing_Base,43,DecisionBoundary,feature_squeezing,Base,85,80,0,415,5,0.99,1.0,0.9411764705882353,0.9696969696969697,0.9705882352941176
primary_43_DecisionBoundary_feature_squeezing_Base,43,DecisionBoundary,feature_squeezing,Base,86,72,1,414,13,0.972,0.9863013698630136,0.8470588235294118,0.9113924050632911,0.9223245924875975
primary_43_DecisionBoundary_feature_squeezing_Base,43,DecisionBoundary,feature_squeezing,Base,87,77,0,415,8,0.984,1.0,0.9058823529411765,0.9506172839506173,0.9529411764705882
primary_43_DecisionBoundary_feature_squeezing_Base,43,DecisionBoundary,feature_squeezing,Base,88,77,0,415,8,0.984,1.0,0.9058823529411765,0.9506172839506173,0.9529411764705882
primary_43_DecisionBoundary_feature_squeezing_Base,43,DecisionBoundary,feature_squeezing,Base,89,78,0,415,7,0.986,1.0,0.9176470588235294,0.9570552147239264,0.9588235294117646
primary_43_DecisionBoundary_feature_squeezing_Base,43,DecisionBoundary,feature_squeezing,Base,90,79,1,414,6,0.986,0.9875,0.9294117647058824,0.9575757575757576,0.9635010630758327
primary_43_DecisionBoundary_feature_squeezing_Base,43,DecisionBoundary,feature_squeezing,Base,91,79,0,415,6,0.988,1.0,0.9294117647058824,0.9634146341463414,0.9647058823529412
primary_43_DecisionBoundary_feature_squeezing_Base,43,DecisionBoundary,feature_squeezing,Base,92,77,0,415,8,0.984,1.0,0.9058823529411765,0.9506172839506173,0.9529411764705882
primary_43_DecisionBoundary_feature_squeezing_Base,43,DecisionBoundary,feature_squeezing,Base,93,76,0,415,9,0.982,1.0,0.8941176470588236,0.9440993788819877,0.9470588235294117
primary_43_DecisionBoundary_feature_squeezing_Base,43,DecisionBoundary,feature_squeezing,Base,94,81,0,415,4,0.992,1.0,0.9529411764705882,0.9759036144578312,0.9764705882352941
primary_43_DecisionBoundary_feature_squeezing_Base,43,DecisionBoundary,feature_squeezing,Base,95,80,0,415,5,0.99,1.0,0.9411764705882353,0.9696969696969697,0.9705882352941176
primary_43_DecisionBoundary_feature_squeezing_Base,43,DecisionBoundary,feature_squeezing,Base,96,82,0,415,3,0.994,1.0,0.9647058823529412,0.9820359281437125,0.9823529411764707
primary_43_DecisionBoundary_feature_squeezing_Base,43,DecisionBoundary,feature_squeezing,Base,97,74,1,414,11,0.976,0.9866666666666667,0.8705882352941177,0.925,0.9340892983699505
primary_43_DecisionBoundary_feature_squeezing_Base,43,DecisionBoundary,feature_squeezing,Base,98,78,0,415,7,0.986,1.0,0.9176470588235294,0.9570552147239264,0.9588235294117646
primary_43_DecisionBoundary_feature_squeezing_Base,43,DecisionBoundary,feature_squeezing,Base,99,80,0,415,5,0.99,1.0,0.9411764705882353,0.9696969696969697,0.9705882352941176
primary_43_DecisionBoundary_feature_squeezing_Base,43,DecisionBoundary,feature_squeezing,Base,100,80,0,415,5,0.99,1.0,0.9411764705882353,0.9696969696969697,0.9705882352941176
primary_43_DecisionBoundary_feature_squeezing_Base,43,DecisionBoundary,feature_squeezing,Base,101,76,0,415,9,0.982,1.0,0.8941176470588236,0.9440993788819877,0.9470588235294117
primary_43_DecisionBoundary_feature_squeezing_Base,43,DecisionBoundary,feature_squeezing,Base,102,81,0,415,4,0.992,1.0,0.9529411764705882,0.9759036144578312,0.9764705882352941
primary_43_DecisionBoundary_feature_squeezing_Base,43,DecisionBoundary,feature_squeezing,Base,103,77,0,415,8,0.984,1.0,0.9058823529411765,0.9506172839506173,0.9529411764705882
primary_43_DecisionBoundary_feature_squeezing_Base,43,DecisionBoundary,feature_squeezing,Base,104,79,0,415,6,0.988,1.0,0.9294117647058824,0.9634146341463414,0.9647058823529412
primary_43_DecisionBoundary_feature_squeezing_Base,43,DecisionBoundary,feature_squeezing,Base,105,81,0,415,4,0.992,1.0,0.9529411764705882,0.9759036144578312,0.9764705882352941
primary_43_DecisionBoundary_feature_squeezing_Base,43,DecisionBoundary,feature_squeezing,Base,106,77,0,415,8,0.984,1.0,0.9058823529411765,0.9506172839506173,0.9529411764705882
primary_43_DecisionBoundary_feature_squeezing_Base,43,DecisionBoundary,feature_squeezing,Base,107,77,0,415,8,0.984,1.0,0.9058823529411765,0.9506172839506173,0.9529411764705882
primary_43_DecisionBoundary_feature_squeezing_Base,43,DecisionBoundary,feature_squeezing,Base,108,78,0,415,7,0.986,1.0,0.9176470588235294,0.9570552147239264,0.9588235294117646
primary_43_DecisionBoundary_feature_squeezing_Base,43,DecisionBoundary,feature_squeezing,Base,109,76,0,415,9,0.982,1.0,0.8941176470588236,0.9440993788819877,0.9470588235294117
primary_43_DecisionBoundary_feature_squeezing_Base,43,DecisionBoundary,feature_squeezing,Base,110,75,1,414,10,0.978,0.9868421052631579,0.8823529411764706,0.9316770186335402,0.9399716513111269
primary_43_DecisionBoundary_feature_squeezing_Base,43,DecisionBoundary,feature_squeezing,Base,111,82,0,415,3,0.994,1.0,0.9647058823529412,0.9820359281437125,0.9823529411764707
primary_43_DecisionBoundary_feature_squeezing_Base,43,DecisionBoundary,feature_squeezing,Base,112,79,1,414,6,0.986,0.9875,0.9294117647058824,0.9575757575757576,0.9635010630758327
primary_43_DecisionBoundary_feature_squeezing_Base,43,DecisionBoundary,feature_squeezing,Base,113,77,0,415,8,0.984,1.0,0.9058823529411765,0.9506172839506173,0.9529411764705882
primary_43_DecisionBoundary_feature_squeezing_Base,43,DecisionBoundary,feature_squeezing,Base,114,78,0,415,7,0.986,1.0,0.9176470588235294,0.9570552147239264,0.9588235294117646
primary_43_DecisionBoundary_feature_squeezing_Base,43,DecisionBoundary,feature_squeezing,Base,115,75,0,415,10,0.98,1.0,0.8823529411764706,0.9375,0.9411764705882353
primary_43_DecisionBoundary_feature_squeezing_Base,43,DecisionBoundary,feature_squeezing,Base,116,74,0,415,11,0.978,1.0,0.8705882352941177,0.9308176100628931,0.9352941176470588
primary_43_DecisionBoundary_feature_squeezing_Base,43,DecisionBoundary,feature_squeezing,Base,117,80,1,414,5,0.988,0.9876543209876543,0.9411764705882353,0.963855421686747,0.9693834160170092
primary_43_DecisionBoundary_feature_squeezing_Base,43,DecisionBoundary,feature_squeezing,Base,118,77,0,415,8,0.984,1.0,0.9058823529411765,0.9506172839506173,0.9529411764705882
primary_43_DecisionBoundary_feature_squeezing_Base,43,DecisionBoundary,feature_squeezing,Base,119,80,0,415,5,0.99,1.0,0.9411764705882353,0.9696969696969697,0.9705882352941176
primary_43_DecisionBoundary_feature_squeezing_Base,43,DecisionBoundary,feature_squeezing,Base,120,80,0,415,5,0.99,1.0,0.9411764705882353,0.9696969696969697,0.9705882352941176
primary_43_DecisionBoundary_feature_squeezing_Base,43,DecisionBoundary,feature_squeezing,Base,121,80,0,415,5,0.99,1.0,0.9411764705882353,0.9696969696969697,0.9705882352941176
primary_43_DecisionBoundary_feature_squeezing_Base,43,DecisionBoundary,feature_squeezing,Base,122,78,0,415,7,0.986,1.0,0.9176470588235294,0.9570552147239264,0.9588235294117646
primary_43_DecisionBoundary_feature_squeezing_Base,43,DecisionBoundary,feature_squeezing,Base,123,75,0,415,10,0.98,1.0,0.8823529411764706,0.9375,0.9411764705882353
primary_43_DecisionBoundary_feature_squeezing_Base,43,DecisionBoundary,feature_squeezing,Base,124,77,0,415,8,0.984,1.0,0.9058823529411765,0.9506172839506173,0.9529411764705882
primary_43_DecisionBoundary_feature_squeezing_Base,43,DecisionBoundary,feature_squeezing,Base,125,79,0,415,6,0.988,1.0,0.9294117647058824,0.9634146341463414,0.9647058823529412
primary_43_DecisionBoundary_feature_squeezing_Base,43,DecisionBoundary,feature_squeezing,Base,126,80,0,415,5,0.99,1.0,0.9411764705882353,0.9696969696969697,0.9705882352941176
primary_43_DecisionBoundary_feature_squeezing_Base,43,DecisionBoundary,feature_squeezing,Base,127,73,0,415,12,0.976,1.0,0.8588235294117647,0.9240506329113923,0.9294117647058824
primary_43_DecisionBoundary_feature_squeezing_Base,43,DecisionBoundary,feature_squeezing,Base,128,80,0,415,5,0.99,1.0,0.9411764705882353,0.9696969696969697,0.9705882352941176
primary_43_DecisionBoundary_feature_squeezing_Base,43,DecisionBoundary,feature_squeezing,Base,129,76,0,415,9,0.982,1.0,0.8941176470588236,0.9440993788819877,0.9470588235294117
primary_43_DecisionBoundary_feature_squeezing_Base,43,DecisionBoundary,feature_squeezing,Base,130,83,0,415,2,0.996,1.0,0.9764705882352941,0.988095238095238,0.9882352941176471
primary_43_DecisionBoundary_feature_squeezing_Base,43,DecisionBoundary,feature_squeezing,Base,131,76,0,415,9,0.982,1.0,0.8941176470588236,0.9440993788819877,0.9470588235294117
primary_43_DecisionBoundary_feature_squeezing_Base,43,DecisionBoundary,feature_squeezing,Base,132,78,0,415,7,0.986,1.0,0.9176470588235294,0.9570552147239264,0.9588235294117646
primary_43_DecisionBoundary_feature_squeezing_Base,43,DecisionBoundary,feature_squeezing,Base,133,79,0,415,6,0.988,1.0,0.9294117647058824,0.9634146341463414,0.9647058823529412
primary_43_DecisionBoundary_feature_squeezing_Base,43,DecisionBoundary,feature_squeezing,Base,134,73,0,415,12,0.976,1.0,0.8588235294117647,0.9240506329113923,0.9294117647058824
primary_43_DecisionBoundary_feature_squeezing_Base,43,DecisionBoundary,feature_squeezing,Base,135,81,0,415,4,0.992,1.0,0.9529411764705882,0.9759036144578312,0.9764705882352941
primary_43_DecisionBoundary_feature_squeezing_Base,43,DecisionBoundary,feature_squeezing,Base,136,80,0,415,5,0.99,1.0,0.9411764705882353,0.9696969696969697,0.9705882352941176
primary_43_DecisionBoundary_feature_squeezing_Base,43,DecisionBoundary,feature_squeezing,Base,137,77,0,415,8,0.984,1.0,0.9058823529411765,0.9506172839506173,0.9529411764705882
primary_43_DecisionBoundary_feature_squeezing_Base,43,DecisionBoundary,feature_squeezing,Base,138,79,0,415,6,0.988,1.0,0.9294117647058824,0.9634146341463414,0.9647058823529412
primary_43_DecisionBoundary_feature_squeezing_Base,43,DecisionBoundary,feature_squeezing,Base,139,77,0,415,8,0.984,1.0,0.9058823529411765,0.9506172839506173,0.9529411764705882
primary_43_DecisionBoundary_feature_squeezing_Base,43,DecisionBoundary,feature_squeezing,Base,140,77,0,415,8,0.984,1.0,0.9058823529411765,0.9506172839506173,0.9529411764705882
primary_43_DecisionBoundary_feature_squeezing_Base,43,DecisionBoundary,feature_squeezing,Base,141,75,0,415,10,0.98,1.0,0.8823529411764706,0.9375,0.9411764705882353
primary_43_DecisionBoundary_feature_squeezing_Base,43,DecisionBoundary,feature_squeezing,Base,142,80,0,415,5,0.99,1.0,0.9411764705882353,0.9696969696969697,0.9705882352941176
primary_43_DecisionBoundary_feature_squeezing_Base,43,DecisionBoundary,feature_squeezing,Base,143,79,0,415,6,0.988,1.0,0.9294117647058824,0.9634146341463414,0.9647058823529412
primary_43_DecisionBoundary_feature_squeezing_C1,43,DecisionBoundary,feature_squeezing,C1,0,79,0,414,7,0.986,1.0,0.9186046511627907,0.9575757575757576,0.9593023255813953
primary_43_DecisionBoundary_feature_squeezing_C1,43,DecisionBoundary,feature_squeezing,C1,1,79,0,414,7,0.986,1.0,0.9186046511627907,0.9575757575757576,0.9593023255813953
primary_43_DecisionBoundary_feature_squeezing_C1,43,DecisionBoundary,feature_squeezing,C1,2,83,1,413,3,0.992,0.9880952380952381,0.9651162790697675,0.9764705882352942,0.9813504100662847
primary_43_DecisionBoundary_feature_squeezing_C1,43,DecisionBoundary,feature_squeezing,C1,3,83,0,414,3,0.994,1.0,0.9651162790697675,0.9822485207100593,0.9825581395348837
primary_43_DecisionBoundary_feature_squeezing_C1,43,DecisionBoundary,feature_squeezing,C1,4,83,1,413,3,0.992,0.9880952380952381,0.9651162790697675,0.9764705882352942,0.9813504100662847
primary_43_DecisionBoundary_feature_squeezing_C1,43,DecisionBoundary,feature_squeezing,C1,5,82,0,414,4,0.992,1.0,0.9534883720930233,0.9761904761904763,0.9767441860465116
primary_43_DecisionBoundary_feature_squeezing_C1,43,DecisionBoundary,feature_squeezing,C1,6,82,0,414,4,0.992,1.0,0.9534883720930233,0.9761904761904763,0.9767441860465116
primary_43_DecisionBoundary_feature_squeezing_C1,43,DecisionBoundary,feature_squeezing,C1,7,78,1,413,8,0.982,0.9873417721518988,0.9069767441860465,0.9454545454545454,0.9522806426244241
primary_43_DecisionBoundary_feature_squeezing_C1,43,DecisionBoundary,feature_squeezing,C1,8,80,1,413,6,0.986,0.9876543209876543,0.9302325581395349,0.9580838323353293,0.9639085496011683
primary_43_DecisionBoundary_feature_squeezing_C1,43,DecisionBoundary,feature_squeezing,C1,9,84,0,414,2,0.996,1.0,0.9767441860465116,0.988235294117647,0.9883720930232558
primary_43_DecisionBoundary_feature_squeezing_C1,43,DecisionBoundary,feature_squeezing,C1,10,81,1,413,5,0.988,0.9878048780487805,0.9418604651162791,0.9642857142857143,0.9697225030895404
primary_43_DecisionBoundary_feature_squeezing_C1,43,DecisionBoundary,feature_squeezing,C1,11,79,0,414,7,0.986,1.0,0.9186046511627907,0.9575757575757576,0.9593023255813953
primary_43_DecisionBoundary_feature_squeezing_C1,43,DecisionBoundary,feature_squeezing,C1,12,82,0,414,4,0.992,1.0,0.9534883720930233,0.9761904761904763,0.9767441860465116
primary_43_DecisionBoundary_feature_squeezing_C1,43,DecisionBoundary,feature_squeezing,C1,13,81,0,414,5,0.99,1.0,0.9418604651162791,0.970059880239521,0.9709302325581395
primary_43_DecisionBoundary_feature_squeezing_C1,43,DecisionBoundary,feature_squeezing,C1,14,84,1,413,2,0.994,0.9882352941176471,0.9767441860465116,0.9824561403508771,0.9871643635546568
primary_43_DecisionBoundary_feature_squeezing_C1,43,DecisionBoundary,feature_squeezing,C1,15,82,0,414,4,0.992,1.0,0.9534883720930233,0.9761904761904763,0.9767441860465116
primary_43_DecisionBoundary_feature_squeezing_C1,43,DecisionBoundary,feature_squeezing,C1,16,78,1,413,8,0.982,0.9873417721518988,0.9069767441860465,0.9454545454545454,0.9522806426244241
primary_43_DecisionBoundary_feature_squeezing_C1,43,DecisionBoundary,feature_squeezing,C1,17,84,0,415,1,0.998,1.0,0.9882352941176471,0.9940828402366864,0.9941176470588236
primary_43_DecisionBoundary_feature_squeezing_C1,43,DecisionBoundary,feature_squeezing,C1,18,80,0,415,5,0.99,1.0,0.9411764705882353,0.9696969696969697,0.9705882352941176
primary_43_DecisionBoundary_feature_squeezing_C1,43,DecisionBoundary,feature_squeezing,C1,19,82,0,415,3,0.994,1.0,0.9647058823529412,0.9820359281437125,0.9823529411764707
primary_43_DecisionBoundary_feature_squeezing_C1,43,DecisionBoundary,feature_squeezing,C1,20,75,1,414,10,0.978,0.9868421052631579,0.8823529411764706,0.9316770186335402,0.9399716513111269
primary_43_DecisionBoundary_feature_squeezing_C1,43,DecisionBoundary,feature_squeezing,C1,21,73,1,414,12,0.974,0.9864864864864865,0.8588235294117647,0.9182389937106918,0.9282069454287739
primary_43_DecisionBoundary_feature_squeezing_C1,43,DecisionBoundary,feature_squeezing,C1,22,78,0,415,7,0.986,1.0,0.9176470588235294,0.9570552147239264,0.9588235294117646
primary_43_DecisionBoundary_feature_squeezing_C1,43,DecisionBoundary,feature_squeezing,C1,23,78,2,413,7,0.982,0.975,0.9176470588235294,0.9454545454545454,0.9564138908575478
primary_43_DecisionBoundary_feature_squeezing_C1,43,DecisionBoundary,feature_squeezing,C1,24,78,2,413,7,0.982,0.975,0.9176470588235294,0.9454545454545454,0.9564138908575478
primary_43_DecisionBoundary_feature_squeezing_C1,43,DecisionBoundary,feature_squeezing,C1,25,75,0,415,10,0.98,1.0,0.8823529411764706,0.9375,0.9411764705882353
primary_43_DecisionBoundary_feature_squeezing_C1,43,DecisionBoundary,feature_squeezing,C1,26,75,0,415,10,0.98,1.0,0.8823529411764706,0.9375,0.9411764705882353
primary_43_DecisionBoundary_feature_squeezing_C1,43,DecisionBoundary,feature_squeezing,C1,27,75,0,415,10,0.98,1.0,0.8823529411764706,0.9375,0.9411764705882353
primary_43_DecisionBoundary_feature_squeezing_C1,43,DecisionBoundary,feature_squeezing,C1,28,78,0,415,7,0.986,1.0,0.9176470588235294,0.9570552147239264,0.9588235294117646
primary_43_DecisionBoundary_feature_squeezing_C1,43,DecisionBoundary,feature_squeezing,C1,29,78,0,415,7,0.986,1.0,0.9176470588235294,0.9570552147239264,0.9588235294117646
primary_43_DecisionBoundary_feature_squeezing_C1,43,DecisionBoundary,feature_squeezing,C1,30,78,0,415,7,0.986,1.0,0.9176470588235294,0.9570552147239264,0.9588235294117646
primary_43_DecisionBoundary_feature_squeezing_C1,43,DecisionBoundary,feature_squeezing,C1,31,78,1,414,7,0.984,0.9873417721518988,0.9176470588235294,0.9512195121951219,0.9576187101346563
primary_43_DecisionBoundary_feature_squeezing_C1,43,DecisionBoundary,feature_squeezing,C1,32,80,0,415,5,0.99,1.0,0.9411764705882353,0.9696969696969697,0.9705882352941176
primary_43_DecisionBoundary_feature_squeezing_C1,43,DecisionBoundary,feature_squeezing,C1,33,81,0,415,4,0.992,1.0,0.9529411764705882,0.9759036144578312,0.9764705882352941
primary_43_DecisionBoundary_feature_squeezing_C1,43,DecisionBoundary,feature_squeezing,C1,34,79,1,414,6,0.986,0.9875,0.9294117647058824,0.9575757575757576,0.9635010630758327
primary_43_DecisionBoundary_feature_squeezing_C1,43,DecisionBoundary,feature_squeezing,C1,35,75,0,415,10,0.98,1.0,0.8823529411764706,0.9375,0.9411764705882353
primary_43_DecisionBoundary_feature_squeezing_C1,43,DecisionBoundary,feature_squeezing,C1,36,79,0,415,6,0.988,1.0,0.9294117647058824,0.9634146341463414,0.9647058823529412
primary_43_DecisionBoundary_feature_squeezing_C1,43,DecisionBoundary,feature_squeezing,C1,37,81,1,414,4,0.99,0.9878048780487805,0.9529411764705882,0.9700598802395209,0.9752657689581856
primary_43_DecisionBoundary_feature_squeezing_C1,43,DecisionBoundary,feature_squeezing,C1,38,80,0,415,5,0.99,1.0,0.9411764705882353,0.9696969696969697,0.9705882352941176
primary_43_DecisionBoundary_feature_squeezing_C1,43,DecisionBoundary,feature_squeezing,C1,39,79,0,415,6,0.988,1.0,0.9294117647058824,0.9634146341463414,0.9647058823529412
primary_43_DecisionBoundary_feature_squeezing_C1,43,DecisionBoundary,feature_squeezing,C1,40,82,0,415,3,0.994,1.0,0.9647058823529412,0.9820359281437125,0.9823529411764707
primary_43_DecisionBoundary_feature_squeezing_C1,43,DecisionBoundary,feature_squeezing,C1,41,81,0,415,4,0.992,1.0,0.9529411764705882,0.9759036144578312,0.9764705882352941
primary_43_DecisionBoundary_feature_squeezing_C1,43,DecisionBoundary,feature_squeezing,C1,42,78,0,415,7,0.986,1.0,0.9176470588235294,0.9570552147239264,0.9588235294117646
primary_43_DecisionBoundary_feature_squeezing_C1,43,DecisionBoundary,feature_squeezing,C1,43,73,1,414,12,0.974,0.9864864864864865,0.8588235294117647,0.9182389937106918,0.9282069454287739
primary_43_DecisionBoundary_feature_squeezing_C1,43,DecisionBoundary,feature_squeezing,C1,44,78,0,415,7,0.986,1.0,0.9176470588235294,0.9570552147239264,0.9588235294117646
primary_43_DecisionBoundary_feature_squeezing_C1,43,DecisionBoundary,feature_squeezing,C1,45,79,0,415,6,0.988,1.0,0.9294117647058824,0.9634146341463414,0.9647058823529412
primary_43_DecisionBoundary_feature_squeezing_C1,43,DecisionBoundary,feature_squeezing,C1,46,78,1,414,7,0.984,0.9873417721518988,0.9176470588235294,0.9512195121951219,0.9576187101346563
primary_43_DecisionBoundary_feature_squeezing_C1,43,DecisionBoundary,feature_squeezing,C1,47,74,0,415,11,0.978,1.0,0.8705882352941177,0.9308176100628931,0.9352941176470588
primary_43_DecisionBoundary_feature_squeezing_C1,43,DecisionBoundary,feature_squeezing,C1,48,80,0,415,5,0.99,1.0,0.9411764705882353,0.9696969696969697,0.9705882352941176
primary_43_DecisionBoundary_feature_squeezing_C1,43,DecisionBoundary,feature_squeezing,C1,49,75,0,415,10,0.98,1.0,0.8823529411764706,0.9375,0.9411764705882353
primary_43_DecisionBoundary_feature_squeezing_C1,43,DecisionBoundary,feature_squeezing,C1,50,81,0,415,4,0.992,1.0,0.9529411764705882,0.9759036144578312,0.9764705882352941
primary_43_DecisionBoundary_feature_squeezing_C1,43,DecisionBoundary,feature_squeezing,C1,51,76,1,414,9,0.98,0.987012987012987,0.8941176470588236,0.9382716049382716,0.9458540042523034
primary_43_DecisionBoundary_feature_squeezing_C1,43,DecisionBoundary,feature_squeezing,C1,52,80,1,414,5,0.988,0.9876543209876543,0.9411764705882353,0.963855421686747,0.9693834160170092
primary_43_DecisionBoundary_feature_squeezing_C1,43,DecisionBoundary,feature_squeezing,C1,53,75,1,414,10,0.978,0.9868421052631579,0.8823529411764706,0.9316770186335402,0.9399716513111269
primary_43_DecisionBoundary_feature_squeezing_C1,43,DecisionBoundary,feature_squeezing,C1,54,82,0,415,3,0.994,1.0,0.9647058823529412,0.9820359281437125,0.9823529411764707
primary_43_DecisionBoundary_feature_squeezing_C1,43,DecisionBoundary,feature_squeezing,C1,55,77,0,415,8,0.984,1.0,0.9058823529411765,0.9506172839506173,0.9529411764705882
primary_43_DecisionBoundary_feature_squeezing_C1,43,DecisionBoundary,feature_squeezing,C1,56,78,0,415,7,0.986,1.0,0.9176470588235294,0.9570552147239264,0.9588235294117646
primary_43_DecisionBoundary_feature_squeezing_C1,43,DecisionBoundary,feature_squeezing,C1,57,80,0,415,5,0.99,1.0,0.9411764705882353,0.9696969696969697,0.9705882352941176
primary_43_DecisionBoundary_feature_squeezing_C1,43,DecisionBoundary,feature_squeezing,C1,58,81,1,414,4,0.99,0.9878048780487805,0.9529411764705882,0.9700598802395209,0.9752657689581856
primary_43_DecisionBoundary_feature_squeezing_C1,43,DecisionBoundary,feature_squeezing,C1,59,77,0,415,8,0.984,1.0,0.9058823529411765,0.9506172839506173,0.9529411764705882
primary_43_DecisionBoundary_feature_squeezing_C1,43,DecisionBoundary,feature_squeezing,C1,60,78,0,415,7,0.986,1.0,0.9176470588235294,0.9570552147239264,0.9588235294117646
primary_43_DecisionBoundary_feature_squeezing_C1,43,DecisionBoundary,feature_squeezing,C1,61,79,0,415,6,0.988,1.0,0.9294117647058824,0.9634146341463414,0.9647058823529412
primary_43_DecisionBoundary_feature_squeezing_C1,43,DecisionBoundary,feature_squeezing,C1,62,79,0,415,6,0.988,1.0,0.9294117647058824,0.9634146341463414,0.9647058823529412
primary_43_DecisionBoundary_feature_squeezing_C1,43,DecisionBoundary,feature_squeezing,C1,63,75,0,415,10,0.98,1.0,0.8823529411764706,0.9375,0.9411764705882353
primary_43_DecisionBoundary_feature_squeezing_C1,43,DecisionBoundary,feature_squeezing,C1,64,76,0,415,9,0.982,1.0,0.8941176470588236,0.9440993788819877,0.9470588235294117
primary_43_DecisionBoundary_feature_squeezing_C1,43,DecisionBoundary,feature_squeezing,C1,65,76,0,415,9,0.982,1.0,0.8941176470588236,0.9440993788819877,0.9470588235294117
primary_43_DecisionBoundary_feature_squeezing_C1,43,DecisionBoundary,feature_squeezing,C1,66,80,0,415,5,0.99,1.0,0.9411764705882353,0.9696969696969697,0.9705882352941176
primary_43_DecisionBoundary_feature_squeezing_C1,43,DecisionBoundary,feature_squeezing,C1,67,81,0,415,4,0.992,1.0,0.9529411764705882,0.9759036144578312,0.9764705882352941
primary_43_DecisionBoundary_feature_squeezing_C1,43,DecisionBoundary,feature_squeezing,C1,68,76,0,415,9,0.982,1.0,0.8941176470588236,0.9440993788819877,0.9470588235294117
primary_43_DecisionBoundary_feature_squeezing_C1,43,DecisionBoundary,feature_squeezing,C1,69,80,1,414,5,0.988,0.9876543209876543,0.9411764705882353,0.963855421686747,0.9693834160170092
primary_43_DecisionBoundary_feature_squeezing_C1,43,DecisionBoundary,feature_squeezing,C1,70,79,0,415,6,0.988,1.0,0.9294117647058824,0.9634146341463414,0.9647058823529412
primary_43_DecisionBoundary_feature_squeezing_C1,43,DecisionBoundary,feature_squeezing,C1,71,74,0,415,11,0.978,1.0,0.8705882352941177,0.9308176100628931,0.9352941176470588
primary_43_DecisionBoundary_feature_squeezing_C1,43,DecisionBoundary,feature_squeezing,C1,72,78,0,415,7,0.986,1.0,0.9176470588235294,0.9570552147239264,0.9588235294117646
primary_43_DecisionBoundary_feature_squeezing_C1,43,DecisionBoundary,feature_squeezing,C1,73,77,0,415,8,0.984,1.0,0.9058823529411765,0.9506172839506173,0.9529411764705882
primary_43_DecisionBoundary_feature_squeezing_C1,43,DecisionBoundary,feature_squeezing,C1,74,82,0,415,3,0.994,1.0,0.9647058823529412,0.9820359281437125,0.9823529411764707
primary_43_DecisionBoundary_feature_squeezing_C1,43,DecisionBoundary,feature_squeezing,C1,75,78,0,415,7,0.986,1.0,0.9176470588235294,0.9570552147239264,0.9588235294117646
primary_43_DecisionBoundary_feature_squeezing_C1,43,DecisionBoundary,feature_squeezing,C1,76,80,0,415,5,0.99,1.0,0.9411764705882353,0.9696969696969697,0.9705882352941176
primary_43_DecisionBoundary_feature_squeezing_C1,43,DecisionBoundary,feature_squeezing,C1,77,79,0,415,6,0.988,1.0,0.9294117647058824,0.9634146341463414,0.9647058823529412
primary_43_DecisionBoundary_feature_squeezing_C1,43,DecisionBoundary,feature_squeezing,C1,78,80,0,415,5,0.99,1.0,0.9411764705882353,0.9696969696969697,0.9705882352941176
primary_43_DecisionBoundary_feature_squeezing_C1,43,DecisionBoundary,feature_squeezing,C1,79,80,0,415,5,0.99,1.0,0.9411764705882353,0.9696969696969697,0.9705882352941176
primary_43_DecisionBoundary_feature_squeezing_C1,43,DecisionBoundary,feature_squeezing,C1,80,76,0,415,9,0.982,1.0,0.8941176470588236,0.9440993788819877,0.9470588235294117
primary_43_DecisionBoundary_feature_squeezing_C1,43,DecisionBoundary,feature_squeezing,C1,81,76,0,415,9,0.982,1.0,0.8941176470588236,0.9440993788819877,0.9470588235294117
primary_43_DecisionBoundary_feature_squeezing_C1,43,DecisionBoundary,feature_squeezing,C1,82,79,0,415,6,0.988,1.0,0.9294117647058824,0.9634146341463414,0.9647058823529412
primary_43_DecisionBoundary_feature_squeezing_C1,43,DecisionBoundary,feature_squeezing,C1,83,77,0,415,8,0.984,1.0,0.9058823529411765,0.9506172839506173,0.9529411764705882
primary_43_DecisionBoundary_feature_squeezing_C1,43,DecisionBoundary,feature_squeezing,C1,84,77,0,415,8,0.984,1.0,0.9058823529411765,0.9506172839506173,0.9529411764705882
primary_43_DecisionBoundary_feature_squeezing_C1,43,DecisionBoundary,feature_squeezing,C1,85,81,1,414,4,0.99,0.9878048780487805,0.9529411764705882,0.9700598802395209,0.9752657689581856
primary_43_DecisionBoundary_feature_squeezing_C1,43,DecisionBoundary,feature_squeezing,C1,86,73,1,414,12,0.974,0.9864864864864865,0.8588235294117647,0.9182389937106918,0.9282069454287739
primary_43_DecisionBoundary_feature_squeezing_C1,43,DecisionBoundary,feature_squeezing,C1,87,77,0,415,8,0.984,1.0,0.9058823529411765,0.9506172839506173,0.9529411764705882
primary_43_DecisionBoundary_feature_squeezing_C1,43,DecisionBoundary,feature_squeezing,C1,88,78,0,415,7,0.986,1.0,0.9176470588235294,0.9570552147239264,0.9588235294117646
primary_43_DecisionBoundary_feature_squeezing_C1,43,DecisionBoundary,feature_squeezing,C1,89,78,1,414,7,0.984,0.9873417721518988,0.9176470588235294,0.9512195121951219,0.9576187101346563
primary_43_DecisionBoundary_feature_squeezing_C1,43,DecisionBoundary,feature_squeezing,C1,90,80,1,414,5,0.988,0.9876543209876543,0.9411764705882353,0.963855421686747,0.9693834160170092
primary_43_DecisionBoundary_feature_squeezing_C1,43,DecisionBoundary,feature_squeezing,C1,91,80,1,414,5,0.988,0.9876543209876543,0.9411764705882353,0.963855421686747,0.9693834160170092
primary_43_DecisionBoundary_feature_squeezing_C1,43,DecisionBoundary,feature_squeezing,C1,92,78,0,415,7,0.986,1.0,0.9176470588235294,0.9570552147239264,0.9588235294117646
primary_43_DecisionBoundary_feature_squeezing_C1,43,DecisionBoundary,feature_squeezing,C1,93,77,0,415,8,0.984,1.0,0.9058823529411765,0.9506172839506173,0.9529411764705882
primary_43_DecisionBoundary_feature_squeezing_C1,43,DecisionBoundary,feature_squeezing,C1,94,81,0,415,4,0.992,1.0,0.9529411764705882,0.9759036144578312,0.9764705882352941
primary_43_DecisionBoundary_feature_squeezing_C1,43,DecisionBoundary,feature_squeezing,C1,95,80,0,415,5,0.99,1.0,0.9411764705882353,0.9696969696969697,0.9705882352941176
primary_43_DecisionBoundary_feature_squeezing_C1,43,DecisionBoundary,feature_squeezing,C1,96,80,0,415,5,0.99,1.0,0.9411764705882353,0.9696969696969697,0.9705882352941176
primary_43_DecisionBoundary_feature_squeezing_C1,43,DecisionBoundary,feature_squeezing,C1,97,75,1,414,10,0.978,0.9868421052631579,0.8823529411764706,0.9316770186335402,0.9399716513111269
primary_43_DecisionBoundary_feature_squeezing_C1,43,DecisionBoundary,feature_squeezing,C1,98,79,0,415,6,0.988,1.0,0.9294117647058824,0.9634146341463414,0.9647058823529412
primary_43_DecisionBoundary_feature_squeezing_C1,43,DecisionBoundary,feature_squeezing,C1,99,81,0,415,4,0.992,1.0,0.9529411764705882,0.9759036144578312,0.9764705882352941
primary_43_DecisionBoundary_feature_squeezing_C1,43,DecisionBoundary,feature_squeezing,C1,100,80,0,415,5,0.99,1.0,0.9411764705882353,0.9696969696969697,0.9705882352941176
primary_43_DecisionBoundary_feature_squeezing_C1,43,DecisionBoundary,feature_squeezing,C1,101,77,0,415,8,0.984,1.0,0.9058823529411765,0.9506172839506173,0.9529411764705882
primary_43_DecisionBoundary_feature_squeezing_C1,43,DecisionBoundary,feature_squeezing,C1,102,82,0,415,3,0.994,1.0,0.9647058823529412,0.9820359281437125,0.9823529411764707
primary_43_DecisionBoundary_feature_squeezing_C1,43,DecisionBoundary,feature_squeezing,C1,103,80,0,415,5,0.99,1.0,0.9411764705882353,0.9696969696969697,0.9705882352941176
primary_43_DecisionBoundary_feature_squeezing_C1,43,DecisionBoundary,feature_squeezing,C1,104,80,0,415,5,0.99,1.0,0.9411764705882353,0.9696969696969697,0.9705882352941176
primary_43_DecisionBoundary_feature_squeezing_C1,43,DecisionBoundary,feature_squeezing,C1,105,82,0,415,3,0.994,1.0,0.9647058823529412,0.9820359281437125,0.9823529411764707
primary_43_DecisionBoundary_feature_squeezing_C1,43,DecisionBoundary,feature_squeezing,C1,106,78,0,415,7,0.986,1.0,0.9176470588235294,0.9570552147239264,0.9588235294117646
primary_43_DecisionBoundary_feature_squeezing_C1,43,DecisionBoundary,feature_squeezing,C1,107,78,0,415,7,0.986,1.0,0.9176470588235294,0.9570552147239264,0.9588235294117646
primary_43_DecisionBoundary_feature_squeezing_C1,43,DecisionBoundary,feature_squeezing,C1,108,79,0,415,6,0.988,1.0,0.9294117647058824,0.9634146341463414,0.9647058823529412
primary_43_DecisionBoundary_feature_squeezing_C1,43,DecisionBoundary,feature_squeezing,C1,109,78,0,415,7,0.986,1.0,0.9176470588235294,0.9570552147239264,0.9588235294117646
primary_43_DecisionBoundary_feature_squeezing_C1,43,DecisionBoundary,feature_squeezing,C1,110,77,1,414,8,0.982,0.9871794871794872,0.9058823529411765,0.9447852760736197,0.9517363571934798
primary_43_DecisionBoundary_feature_squeezing_C1,43,DecisionBoundary,feature_squeezing,C1,111,83,0,415,2,0.996,1.0,0.9764705882352941,0.988095238095238,0.9882352941176471
primary_43_DecisionBoundary_feature_squeezing_C1,43,DecisionBoundary,feature_squeezing,C1,112,79,1,414,6,0.986,0.9875,0.9294117647058824,0.9575757575757576,0.9635010630758327
primary_43_DecisionBoundary_feature_squeezing_C1,43,DecisionBoundary,feature_squeezing,C1,113,77,1,414,8,0.982,0.9871794871794872,0.9058823529411765,0.9447852760736197,0.9517363571934798
primary_43_DecisionBoundary_feature_squeezing_C1,43,DecisionBoundary,feature_squeezing,C1,114,79,0,415,6,0.988,1.0,0.9294117647058824,0.9634146341463414,0.9647058823529412
primary_43_DecisionBoundary_feature_squeezing_C1,43,DecisionBoundary,feature_squeezing,C1,115,75,0,415,10,0.98,1.0,0.8823529411764706,0.9375,0.9411764705882353
primary_43_DecisionBoundary_feature_squeezing_C1,43,DecisionBoundary,feature_squeezing,C1,116,75,0,415,10,0.98,1.0,0.8823529411764706,0.9375,0.9411764705882353
primary_43_DecisionBoundary_feature_squeezing_C1,43,DecisionBoundary,feature_squeezing,C1,117,80,0,415,5,0.99,1.0,0.9411764705882353,0.9696969696969697,0.9705882352941176
primary_43_DecisionBoundary_feature_squeezing_C1,43,DecisionBoundary,feature_squeezing,C1,118,77,1,414,8,0.982,0.9871794871794872,0.9058823529411765,0.9447852760736197,0.9517363571934798
primary_43_DecisionBoundary_feature_squeezing_C1,43,DecisionBoundary,feature_squeezing,C1,119,80,0,415,5,0.99,1.0,0.9411764705882353,0.9696969696969697,0.9705882352941176
primary_43_DecisionBoundary_feature_squeezing_C1,43,DecisionBoundary,feature_squeezing,C1,120,79,0,415,6,0.988,1.0,0.9294117647058824,0.9634146341463414,0.9647058823529412
primary_43_DecisionBoundary_feature_squeezing_C1,43,DecisionBoundary,feature_squeezing,C1,121,80,0,415,5,0.99,1.0,0.9411764705882353,0.9696969696969697,0.9705882352941176
primary_43_DecisionBoundary_feature_squeezing_C1,43,DecisionBoundary,feature_squeezing,C1,122,79,0,415,6,0.988,1.0,0.9294117647058824,0.9634146341463414,0.9647058823529412
primary_43_DecisionBoundary_feature_squeezing_C1,43,DecisionBoundary,feature_squeezing,C1,123,75,0,415,10,0.98,1.0,0.8823529411764706,0.9375,0.9411764705882353
primary_43_DecisionBoundary_feature_squeezing_C1,43,DecisionBoundary,feature_squeezing,C1,124,80,0,415,5,0.99,1.0,0.9411764705882353,0.9696969696969697,0.9705882352941176
primary_43_DecisionBoundary_feature_squeezing_C1,43,DecisionBoundary,feature_squeezing,C1,125,80,1,414,5,0.988,0.9876543209876543,0.9411764705882353,0.963855421686747,0.9693834160170092
primary_43_DecisionBoundary_feature_squeezing_C1,43,DecisionBoundary,feature_squeezing,C1,126,80,0,415,5,0.99,1.0,0.9411764705882353,0.9696969696969697,0.9705882352941176
primary_43_DecisionBoundary_feature_squeezing_C1,43,DecisionBoundary,feature_squeezing,C1,127,75,0,415,10,0.98,1.0,0.8823529411764706,0.9375,0.9411764705882353
primary_43_DecisionBoundary_feature_squeezing_C1,43,DecisionBoundary,feature_squeezing,C1,128,81,0,415,4,0.992,1.0,0.9529411764705882,0.9759036144578312,0.9764705882352941
primary_43_DecisionBoundary_feature_squeezing_C1,43,DecisionBoundary,feature_squeezing,C1,129,76,0,415,9,0.982,1.0,0.8941176470588236,0.9440993788819877,0.9470588235294117
primary_43_DecisionBoundary_feature_squeezing_C1,43,DecisionBoundary,feature_squeezing,C1,130,82,0,415,3,0.994,1.0,0.9647058823529412,0.9820359281437125,0.9823529411764707
primary_43_DecisionBoundary_feature_squeezing_C1,43,DecisionBoundary,feature_squeezing,C1,131,78,0,415,7,0.986,1.0,0.9176470588235294,0.9570552147239264,0.9588235294117646
primary_43_DecisionBoundary_feature_squeezing_C1,43,DecisionBoundary,feature_squeezing,C1,132,78,0,415,7,0.986,1.0,0.9176470588235294,0.9570552147239264,0.9588235294117646
primary_43_DecisionBoundary_feature_squeezing_C1,43,DecisionBoundary,feature_squeezing,C1,133,80,0,415,5,0.99,1.0,0.9411764705882353,0.9696969696969697,0.9705882352941176
primary_43_DecisionBoundary_feature_squeezing_C1,43,DecisionBoundary,feature_squeezing,C1,134,74,0,415,11,0.978,1.0,0.8705882352941177,0.9308176100628931,0.9352941176470588
primary_43_DecisionBoundary_feature_squeezing_C1,43,DecisionBoundary,feature_squeezing,C1,135,81,0,415,4,0.992,1.0,0.9529411764705882,0.9759036144578312,0.9764705882352941
primary_43_DecisionBoundary_feature_squeezing_C1,43,DecisionBoundary,feature_squeezing,C1,136,82,0,415,3,0.994,1.0,0.9647058823529412,0.9820359281437125,0.9823529411764707
primary_43_DecisionBoundary_feature_squeezing_C1,43,DecisionBoundary,feature_squeezing,C1,137,78,1,414,7,0.984,0.9873417721518988,0.9176470588235294,0.9512195121951219,0.9576187101346563
primary_43_DecisionBoundary_feature_squeezing_C1,43,DecisionBoundary,feature_squeezing,C1,138,80,0,415,5,0.99,1.0,0.9411764705882353,0.9696969696969697,0.9705882352941176
primary_43_DecisionBoundary_feature_squeezing_C1,43,DecisionBoundary,feature_squeezing,C1,139,77,0,415,8,0.984,1.0,0.9058823529411765,0.9506172839506173,0.9529411764705882
primary_43_DecisionBoundary_feature_squeezing_C1,43,DecisionBoundary,feature_squeezing,C1,140,78,0,415,7,0.986,1.0,0.9176470588235294,0.9570552147239264,0.9588235294117646
primary_43_DecisionBoundary_feature_squeezing_C1,43,DecisionBoundary,feature_squeezing,C1,141,76,0,415,9,0.982,1.0,0.8941176470588236,0.9440993788819877,0.9470588235294117
primary_43_DecisionBoundary_feature_squeezing_C1,43,DecisionBoundary,feature_squeezing,C1,142,81,0,415,4,0.992,1.0,0.9529411764705882,0.9759036144578312,0.9764705882352941
primary_43_DecisionBoundary_feature_squeezing_C1,43,DecisionBoundary,feature_squeezing,C1,143,80,0,415,5,0.99,1.0,0.9411764705882353,0.9696969696969697,0.9705882352941176
primary_43_DecisionBoundary_randomized_smoothing_Base,43,DecisionBoundary,randomized_smoothing,Base,0,71,0,414,15,0.97,1.0,0.8255813953488372,0.9044585987261146,0.9127906976744187
primary_43_DecisionBoundary_randomized_smoothing_Base,43,DecisionBoundary,randomized_smoothing,Base,1,66,0,414,20,0.96,1.0,0.7674418604651163,0.868421052631579,0.8837209302325582
primary_43_DecisionBoundary_randomized_smoothing_Base,43,DecisionBoundary,randomized_smoothing,Base,2,71,1,413,15,0.968,0.9861111111111112,0.8255813953488372,0.8987341772151899,0.9115829682058196
primary_43_DecisionBoundary_randomized_smoothing_Base,43,DecisionBoundary,randomized_smoothing,Base,3,67,0,414,19,0.962,1.0,0.7790697674418605,0.8758169934640523,0.8895348837209303
primary_43_DecisionBoundary_randomized_smoothing_Base,43,DecisionBoundary,randomized_smoothing,Base,4,74,0,414,12,0.976,1.0,0.8604651162790697,0.9249999999999999,0.9302325581395349
primary_43_DecisionBoundary_randomized_smoothing_Base,43,DecisionBoundary,randomized_smoothing,Base,5,69,0,414,17,0.966,1.0,0.8023255813953488,0.8903225806451612,0.9011627906976745
primary_43_DecisionBoundary_randomized_smoothing_Base,43,DecisionBoundary,randomized_smoothing,Base,6,73,0,414,13,0.974,1.0,0.8488372093023255,0.9182389937106918,0.9244186046511628
primary_43_DecisionBoundary_randomized_smoothing_Base,43,DecisionBoundary,randomized_smoothing,Base,7,68,0,414,18,0.964,1.0,0.7906976744186046,0.8831168831168831,0.8953488372093024
primary_43_DecisionBoundary_randomized_smoothing_Base,43,DecisionBoundary,randomized_smoothing,Base,8,66,0,414,20,0.96,1.0,0.7674418604651163,0.868421052631579,0.8837209302325582
primary_43_DecisionBoundary_randomized_smoothing_Base,43,DecisionBoundary,randomized_smoothing,Base,9,72,0,414,14,0.972,1.0,0.8372093023255814,0.9113924050632911,0.9186046511627908
primary_43_DecisionBoundary_randomized_smoothing_Base,43,DecisionBoundary,randomized_smoothing,Base,10,71,0,414,15,0.97,1.0,0.8255813953488372,0.9044585987261146,0.9127906976744187
primary_43_DecisionBoundary_randomized_smoothing_Base,43,DecisionBoundary,randomized_smoothing,Base,11,66,0,414,20,0.96,1.0,0.7674418604651163,0.868421052631579,0.8837209302325582
primary_43_DecisionBoundary_randomized_smoothing_Base,43,DecisionBoundary,randomized_smoothing,Base,12,72,0,414,14,0.972,1.0,0.8372093023255814,0.9113924050632911,0.9186046511627908
primary_43_DecisionBoundary_randomized_smoothing_Base,43,DecisionBoundary,randomized_smoothing,Base,13,73,0,414,13,0.974,1.0,0.8488372093023255,0.9182389937106918,0.9244186046511628
primary_43_DecisionBoundary_randomized_smoothing_Base,43,DecisionBoundary,randomized_smoothing,Base,14,74,0,414,12,0.976,1.0,0.8604651162790697,0.9249999999999999,0.9302325581395349
primary_43_DecisionBoundary_randomized_smoothing_Base,43,DecisionBoundary,randomized_smoothing,Base,15,71,0,414,15,0.97,1.0,0.8255813953488372,0.9044585987261146,0.9127906976744187
primary_43_DecisionBoundary_randomized_smoothing_Base,43,DecisionBoundary,randomized_smoothing,Base,16,67,0,414,19,0.962,1.0,0.7790697674418605,0.8758169934640523,0.8895348837209303
primary_43_DecisionBoundary_randomized_smoothing_Base,43,DecisionBoundary,randomized_smoothing,Base,17,78,0,415,7,0.986,1.0,0.9176470588235294,0.9570552147239264,0.9588235294117646
primary_43_DecisionBoundary_randomized_smoothing_Base,43,DecisionBoundary,randomized_smoothing,Base,18,67,0,415,18,0.964,1.0,0.788235294117647,0.8815789473684211,0.8941176470588235
primary_43_DecisionBoundary_randomized_smoothing_Base,43,DecisionBoundary,randomized_smoothing,Base,19,70,0,415,15,0.97,1.0,0.8235294117647058,0.9032258064516129,0.9117647058823529
primary_43_DecisionBoundary_randomized_smoothing_Base,43,DecisionBoundary,randomized_smoothing,Base,20,65,0,415,20,0.96,1.0,0.7647058823529411,0.8666666666666666,0.8823529411764706
primary_43_DecisionBoundary_randomized_smoothing_Base,43,DecisionBoundary,randomized_smoothing,Base,21,64,0,415,21,0.958,1.0,0.7529411764705882,0.8590604026845637,0.8764705882352941
primary_43_DecisionBoundary_randomized_smoothing_Base,43,DecisionBoundary,randomized_smoothing,Base,22,72,0,415,13,0.974,1.0,0.8470588235294118,0.9171974522292993,0.9235294117647059
primary_43_DecisionBoundary_randomized_smoothing_Base,43,DecisionBoundary,randomized_smoothing,Base,23,70,0,415,15,0.97,1.0,0.8235294117647058,0.9032258064516129,0.9117647058823529
primary_43_DecisionBoundary_randomized_smoothing_Base,43,DecisionBoundary,randomized_smoothing,Base,24,67,0,415,18,0.964,1.0,0.788235294117647,0.8815789473684211,0.8941176470588235
primary_43_DecisionBoundary_randomized_smoothing_Base,43,DecisionBoundary,randomized_smoothing,Base,25,69,0,415,16,0.968,1.0,0.8117647058823529,0.8961038961038961,0.9058823529411765
primary_43_DecisionBoundary_randomized_smoothing_Base,43,DecisionBoundary,randomized_smoothing,Base,26,62,0,415,23,0.954,1.0,0.7294117647058823,0.8435374149659863,0.8647058823529412
primary_43_DecisionBoundary_randomized_smoothing_Base,43,DecisionBoundary,randomized_smoothing,Base,27,64,0,415,21,0.958,1.0,0.7529411764705882,0.8590604026845637,0.8764705882352941
primary_43_DecisionBoundary_randomized_smoothing_Base,43,DecisionBoundary,randomized_smoothing,Base,28,71,0,415,14,0.972,1.0,0.8352941176470589,0.9102564102564102,0.9176470588235295
primary_43_DecisionBoundary_randomized_smoothing_Base,43,DecisionBoundary,randomized_smoothing,Base,29,66,0,415,19,0.962,1.0,0.7764705882352941,0.8741721854304636,0.888235294117647
primary_43_DecisionBoundary_randomized_smoothing_Base,43,DecisionBoundary,randomized_smoothing,Base,30,70,0,415,15,0.97,1.0,0.8235294117647058,0.9032258064516129,0.9117647058823529
primary_43_DecisionBoundary_randomized_smoothing_Base,43,DecisionBoundary,randomized_smoothing,Base,31,67,0,415,18,0.964,1.0,0.788235294117647,0.8815789473684211,0.8941176470588235
primary_43_DecisionBoundary_randomized_smoothing_Base,43,DecisionBoundary,randomized_smoothing,Base,32,67,0,415,18,0.964,1.0,0.788235294117647,0.8815789473684211,0.8941176470588235
primary_43_DecisionBoundary_randomized_smoothing_Base,43,DecisionBoundary,randomized_smoothing,Base,33,65,0,415,20,0.96,1.0,0.7647058823529411,0.8666666666666666,0.8823529411764706
primary_43_DecisionBoundary_randomized_smoothing_Base,43,DecisionBoundary,randomized_smoothing,Base,34,66,0,415,19,0.962,1.0,0.7764705882352941,0.8741721854304636,0.888235294117647
primary_43_DecisionBoundary_randomized_smoothing_Base,43,DecisionBoundary,randomized_smoothing,Base,35,64,0,415,21,0.958,1.0,0.7529411764705882,0.8590604026845637,0.8764705882352941
primary_43_DecisionBoundary_randomized_smoothing_Base,43,DecisionBoundary,randomized_smoothing,Base,36,67,0,415,18,0.964,1.0,0.788235294117647,0.8815789473684211,0.8941176470588235
primary_43_DecisionBoundary_randomized_smoothing_Base,43,DecisionBoundary,randomized_smoothing,Base,37,74,0,415,11,0.978,1.0,0.8705882352941177,0.9308176100628931,0.9352941176470588
primary_43_DecisionBoundary_randomized_smoothing_Base,43,DecisionBoundary,randomized_smoothing,Base,38,68,0,415,17,0.966,1.0,0.8,0.888888888888889,0.9
primary_43_DecisionBoundary_randomized_smoothing_Base,43,DecisionBoundary,randomized_smoothing,Base,39,64,0,415,21,0.958,1.0,0.7529411764705882,0.8590604026845637,0.8764705882352941
primary_43_DecisionBoundary_randomized_smoothing_Base,43,DecisionBoundary,randomized_smoothing,Base,40,75,0,415,10,0.98,1.0,0.8823529411764706,0.9375,0.9411764705882353
primary_43_DecisionBoundary_randomized_smoothing_Base,43,DecisionBoundary,randomized_smoothing,Base,41,71,0,415,14,0.972,1.0,0.8352941176470589,0.9102564102564102,0.9176470588235295
primary_43_DecisionBoundary_randomized_smoothing_Base,43,DecisionBoundary,randomized_smoothing,Base,42,64,0,415,21,0.958,1.0,0.7529411764705882,0.8590604026845637,0.8764705882352941
primary_43_DecisionBoundary_randomized_smoothing_Base,43,DecisionBoundary,randomized_smoothing,Base,43,64,0,415,21,0.958,1.0,0.7529411764705882,0.8590604026845637,0.8764705882352941
primary_43_DecisionBoundary_randomized_smoothing_Base,43,DecisionBoundary,randomized_smoothing,Base,44,62,0,415,23,0.954,1.0,0.7294117647058823,0.8435374149659863,0.8647058823529412
primary_43_DecisionBoundary_randomized_smoothing_Base,43,DecisionBoundary,randomized_smoothing,Base,45,72,0,415,13,0.974,1.0,0.8470588235294118,0.9171974522292993,0.9235294117647059
primary_43_DecisionBoundary_randomized_smoothing_Base,43,DecisionBoundary,randomized_smoothing,Base,46,71,0,415,14,0.972,1.0,0.8352941176470589,0.9102564102564102,0.9176470588235295
primary_43_DecisionBoundary_randomized_smoothing_Base,43,DecisionBoundary,randomized_smoothing,Base,47,66,0,415,19,0.962,1.0,0.7764705882352941,0.8741721854304636,0.888235294117647
primary_43_DecisionBoundary_randomized_smoothing_Base,43,DecisionBoundary,randomized_smoothing,Base,48,73,0,415,12,0.976,1.0,0.8588235294117647,0.9240506329113923,0.9294117647058824
primary_43_DecisionBoundary_randomized_smoothing_Base,43,DecisionBoundary,randomized_smoothing,Base,49,66,0,415,19,0.962,1.0,0.7764705882352941,0.8741721854304636,0.888235294117647
primary_43_DecisionBoundary_randomized_smoothing_Base,43,DecisionBoundary,randomized_smoothing,Base,50,71,0,415,14,0.972,1.0,0.8352941176470589,0.9102564102564102,0.9176470588235295
primary_43_DecisionBoundary_randomized_smoothing_Base,43,DecisionBoundary,randomized_smoothing,Base,51,68,0,415,17,0.966,1.0,0.8,0.888888888888889,0.9
primary_43_DecisionBoundary_randomized_smoothing_Base,43,DecisionBoundary,randomized_smoothing,Base,52,67,0,415,18,0.964,1.0,0.788235294117647,0.8815789473684211,0.8941176470588235
primary_43_DecisionBoundary_randomized_smoothing_Base,43,DecisionBoundary,randomized_smoothing,Base,53,59,0,415,26,0.948,1.0,0.6941176470588235,0.8194444444444444,0.8470588235294118
primary_43_DecisionBoundary_randomized_smoothing_Base,43,DecisionBoundary,randomized_smoothing,Base,54,68,0,415,17,0.966,1.0,0.8,0.888888888888889,0.9
primary_43_DecisionBoundary_randomized_smoothing_Base,43,DecisionBoundary,randomized_smoothing,Base,55,66,0,415,19,0.962,1.0,0.7764705882352941,0.8741721854304636,0.888235294117647
primary_43_DecisionBoundary_randomized_smoothing_Base,43,DecisionBoundary,randomized_smoothing,Base,56,68,0,415,17,0.966,1.0,0.8,0.888888888888889,0.9
primary_43_DecisionBoundary_randomized_smoothing_Base,43,DecisionBoundary,randomized_smoothing,Base,57,67,0,415,18,0.964,1.0,0.788235294117647,0.8815789473684211,0.8941176470588235
primary_43_DecisionBoundary_randomized_smoothing_Base,43,DecisionBoundary,randomized_smoothing,Base,58,71,1,414,14,0.97,0.9861111111111112,0.8352941176470589,0.9044585987261147,0.916442239546421
primary_43_DecisionBoundary_randomized_smoothing_Base,43,DecisionBoundary,randomized_smoothing,Base,59,70,0,415,15,0.97,1.0,0.8235294117647058,0.9032258064516129,0.9117647058823529
primary_43_DecisionBoundary_randomized_smoothing_Base,43,DecisionBoundary,randomized_smoothing,Base,60,61,0,415,24,0.952,1.0,0.7176470588235294,0.8356164383561643,0.8588235294117648
primary_43_DecisionBoundary_randomized_smoothing_Base,43,DecisionBoundary,randomized_smoothing,Base,61,68,0,415,17,0.966,1.0,0.8,0.888888888888889,0.9
primary_43_DecisionBoundary_randomized_smoothing_Base,43,DecisionBoundary,randomized_smoothing,Base,62,67,0,415,18,0.964,1.0,0.788235294117647,0.8815789473684211,0.8941176470588235
primary_43_DecisionBoundary_randomized_smoothing_Base,43,DecisionBoundary,randomized_smoothing,Base,63,67,0,415,18,0.964,1.0,0.788235294117647,0.8815789473684211,0.8941176470588235
primary_43_DecisionBoundary_randomized_smoothing_Base,43,DecisionBoundary,randomized_smoothing,Base,64,67,0,415,18,0.964,1.0,0.788235294117647,0.8815789473684211,0.8941176470588235
primary_43_DecisionBoundary_randomized_smoothing_Base,43,DecisionBoundary,randomized_smoothing,Base,65,63,0,415,22,0.956,1.0,0.7411764705882353,0.8513513513513514,0.8705882352941177
primary_43_DecisionBoundary_randomized_smoothing_Base,43,DecisionBoundary,randomized_smoothing,Base,66,67,0,415,18,0.964,1.0,0.788235294117647,0.8815789473684211,0.8941176470588235
primary_43_DecisionBoundary_randomized_smoothing_Base,43,DecisionBoundary,randomized_smoothing,Base,67,71,0,415,14,0.972,1.0,0.8352941176470589,0.9102564102564102,0.9176470588235295
primary_43_DecisionBoundary_randomized_smoothing_Base,43,DecisionBoundary,randomized_smoothing,Base,68,64,0,415,21,0.958,1.0,0.7529411764705882,0.8590604026845637,0.8764705882352941
primary_43_DecisionBoundary_randomized_smoothing_Base,43,DecisionBoundary,randomized_smoothing,Base,69,68,1,414,17,0.964,0.9855072463768116,0.8,0.8831168831168831,0.8987951807228916
primary_43_DecisionBoundary_randomized_smoothing_Base,43,DecisionBoundary,randomized_smoothing,Base,70,65,0,415,20,0.96,1.0,0.7647058823529411,0.8666666666666666,0.8823529411764706
primary_43_DecisionBoundary_randomized_smoothing_Base,43,DecisionBoundary,randomized_smoothing,Base,71,67,0,415,18,0.964,1.0,0.788235294117647,0.8815789473684211,0.8941176470588235
primary_43_DecisionBoundary_randomized_smoothing_Base,43,DecisionBoundary,randomized_smoothing,Base,72,69,0,415,16,0.968,1.0,0.8117647058823529,0.8961038961038961,0.9058823529411765
primary_43_DecisionBoundary_randomized_smoothing_Base,43,DecisionBoundary,randomized_smoothing,Base,73,68,0,415,17,0.966,1.0,0.8,0.888888888888889,0.9
primary_43_DecisionBoundary_randomized_smoothing_Base,43,DecisionBoundary,randomized_smoothing,Base,74,78,0,415,7,0.986,1.0,0.9176470588235294,0.9570552147239264,0.9588235294117646
primary_43_DecisionBoundary_randomized_smoothing_Base,43,DecisionBoundary,randomized_smoothing,Base,75,68,0,415,17,0.966,1.0,0.8,0.888888888888889,0.9
primary_43_DecisionBoundary_randomized_smoothing_Base,43,DecisionBoundary,randomized_smoothing,Base,76,69,0,415,16,0.968,1.0,0.8117647058823529,0.8961038961038961,0.9058823529411765
primary_43_DecisionBoundary_randomized_smoothing_Base,43,DecisionBoundary,randomized_smoothing,Base,77,70,0,415,15,0.97,1.0,0.8235294117647058,0.9032258064516129,0.9117647058823529
primary_43_DecisionBoundary_randomized_smoothing_Base,43,DecisionBoundary,randomized_smoothing,Base,78,66,0,415,19,0.962,1.0,0.7764705882352941,0.8741721854304636,0.888235294117647
primary_43_DecisionBoundary_randomized_smoothing_Base,43,DecisionBoundary,randomized_smoothing,Base,79,66,0,415,19,0.962,1.0,0.7764705882352941,0.8741721854304636,0.888235294117647
primary_43_DecisionBoundary_randomized_smoothing_Base,43,DecisionBoundary,randomized_smoothing,Base,80,66,0,415,19,0.962,1.0,0.7764705882352941,0.8741721854304636,0.888235294117647
primary_43_DecisionBoundary_randomized_smoothing_Base,43,DecisionBoundary,randomized_smoothing,Base,81,69,0,415,16,0.968,1.0,0.8117647058823529,0.8961038961038961,0.9058823529411765
primary_43_DecisionBoundary_randomized_smoothing_Base,43,DecisionBoundary,randomized_smoothing,Base,82,71,0,415,14,0.972,1.0,0.8352941176470589,0.9102564102564102,0.9176470588235295
primary_43_DecisionBoundary_randomized_smoothing_Base,43,DecisionBoundary,randomized_smoothing,Base,83,63,0,415,22,0.956,1.0,0.7411764705882353,0.8513513513513514,0.8705882352941177
primary_43_DecisionBoundary_randomized_smoothing_Base,43,DecisionBoundary,randomized_smoothing,Base,84,70,0,415,15,0.97,1.0,0.8235294117647058,0.9032258064516129,0.9117647058823529
primary_43_DecisionBoundary_randomized_smoothing_Base,43,DecisionBoundary,randomized_smoothing,Base,85,69,0,415,16,0.968,1.0,0.8117647058823529,0.8961038961038961,0.9058823529411765
primary_43_DecisionBoundary_randomized_smoothing_Base,43,DecisionBoundary,randomized_smoothing,Base,86,68,1,414,17,0.964,0.9855072463768116,0.8,0.8831168831168831,0.8987951807228916
primary_43_DecisionBoundary_randomized_smoothing_Base,43,DecisionBoundary,randomized_smoothing,Base,87,62,0,415,23,0.954,1.0,0.7294117647058823,0.8435374149659863,0.8647058823529412
primary_43_DecisionBoundary_randomized_smoothing_Base,43,DecisionBoundary,randomized_smoothing,Base,88,64,0,415,21,0.958,1.0,0.7529411764705882,0.8590604026845637,0.8764705882352941
primary_43_DecisionBoundary_randomized_smoothing_Base,43,DecisionBoundary,randomized_smoothing,Base,89,70,0,415,15,0.97,1.0,0.8235294117647058,0.9032258064516129,0.9117647058823529
primary_43_DecisionBoundary_randomized_smoothing_Base,43,DecisionBoundary,randomized_smoothing,Base,90,67,0,415,18,0.964,1.0,0.788235294117647,0.8815789473684211,0.8941176470588235
primary_43_DecisionBoundary_randomized_smoothing_Base,43,DecisionBoundary,randomized_smoothing,Base,91,65,0,415,20,0.96,1.0,0.7647058823529411,0.8666666666666666,0.8823529411764706
primary_43_DecisionBoundary_randomized_smoothing_Base,43,DecisionBoundary,randomized_smoothing,Base,92,63,0,415,22,0.956,1.0,0.7411764705882353,0.8513513513513514,0.8705882352941177
primary_43_DecisionBoundary_randomized_smoothing_Base,43,DecisionBoundary,randomized_smoothing,Base,93,69,0,415,16,0.968,1.0,0.8117647058823529,0.8961038961038961,0.9058823529411765
primary_43_DecisionBoundary_randomized_smoothing_Base,43,DecisionBoundary,randomized_smoothing,Base,94,67,0,415,18,0.964,1.0,0.788235294117647,0.8815789473684211,0.8941176470588235
primary_43_DecisionBoundary_randomized_smoothing_Base,43,DecisionBoundary,randomized_smoothing,Base,95,71,0,415,14,0.972,1.0,0.8352941176470589,0.9102564102564102,0.9176470588235295
primary_43_DecisionBoundary_randomized_smoothing_Base,43,DecisionBoundary,randomized_smoothing,Base,96,62,0,415,23,0.954,1.0,0.7294117647058823,0.8435374149659863,0.8647058823529412
primary_43_DecisionBoundary_randomized_smoothing_Base,43,DecisionBoundary,randomized_smoothing,Base,97,64,0,415,21,0.958,1.0,0.7529411764705882,0.8590604026845637,0.8764705882352941
primary_43_DecisionBoundary_randomized_smoothing_Base,43,DecisionBoundary,randomized_smoothing,Base,98,71,0,415,14,0.972,1.0,0.8352941176470589,0.9102564102564102,0.9176470588235295
primary_43_DecisionBoundary_randomized_smoothing_Base,43,DecisionBoundary,randomized_smoothing,Base,99,64,0,415,21,0.958,1.0,0.7529411764705882,0.8590604026845637,0.8764705882352941
primary_43_DecisionBoundary_randomized_smoothing_Base,43,DecisionBoundary,randomized_smoothing,Base,100,73,0,415,12,0.976,1.0,0.8588235294117647,0.9240506329113923,0.9294117647058824
primary_43_DecisionBoundary_randomized_smoothing_Base,43,DecisionBoundary,randomized_smoothing,Base,101,64,0,415,21,0.958,1.0,0.7529411764705882,0.8590604026845637,0.8764705882352941
primary_43_DecisionBoundary_randomized_smoothing_Base,43,DecisionBoundary,randomized_smoothing,Base,102,70,0,415,15,0.97,1.0,0.8235294117647058,0.9032258064516129,0.9117647058823529
primary_43_DecisionBoundary_randomized_smoothing_Base,43,DecisionBoundary,randomized_smoothing,Base,103,68,0,415,17,0.966,1.0,0.8,0.888888888888889,0.9
primary_43_DecisionBoundary_randomized_smoothing_Base,43,DecisionBoundary,randomized_smoothing,Base,104,71,0,415,14,0.972,1.0,0.8352941176470589,0.9102564102564102,0.9176470588235295
primary_43_DecisionBoundary_randomized_smoothing_Base,43,DecisionBoundary,randomized_smoothing,Base,105,72,0,415,13,0.974,1.0,0.8470588235294118,0.9171974522292993,0.9235294117647059
primary_43_DecisionBoundary_randomized_smoothing_Base,43,DecisionBoundary,randomized_smoothing,Base,106,67,0,415,18,0.964,1.0,0.788235294117647,0.8815789473684211,0.8941176470588235
primary_43_DecisionBoundary_randomized_smoothing_Base,43,DecisionBoundary,randomized_smoothing,Base,107,63,0,415,22,0.956,1.0,0.7411764705882353,0.8513513513513514,0.8705882352941177
primary_43_DecisionBoundary_randomized_smoothing_Base,43,DecisionBoundary,randomized_smoothing,Base,108,69,0,415,16,0.968,1.0,0.8117647058823529,0.8961038961038961,0.9058823529411765
primary_43_DecisionBoundary_randomized_smoothing_Base,43,DecisionBoundary,randomized_smoothing,Base,109,64,0,415,21,0.958,1.0,0.7529411764705882,0.8590604026845637,0.8764705882352941
primary_43_DecisionBoundary_randomized_smoothing_Base,43,DecisionBoundary,randomized_smoothing,Base,110,65,1,414,20,0.958,0.9848484848484849,0.7647058823529411,0.8609271523178808,0.8811481218993622
primary_43_DecisionBoundary_randomized_smoothing_Base,43,DecisionBoundary,randomized_smoothing,Base,111,70,0,415,15,0.97,1.0,0.8235294117647058,0.9032258064516129,0.9117647058823529
primary_43_DecisionBoundary_randomized_smoothing_Base,43,DecisionBoundary,randomized_smoothing,Base,112,69,0,415,16,0.968,1.0,0.8117647058823529,0.8961038961038961,0.9058823529411765
primary_43_DecisionBoundary_randomized_smoothing_Base,43,DecisionBoundary,randomized_smoothing,Base,113,67,0,415,18,0.964,1.0,0.788235294117647,0.8815789473684211,0.8941176470588235
primary_43_DecisionBoundary_randomized_smoothing_Base,43,DecisionBoundary,randomized_smoothing,Base,114,67,0,415,18,0.964,1.0,0.788235294117647,0.8815789473684211,0.8941176470588235
primary_43_DecisionBoundary_randomized_smoothing_Base,43,DecisionBoundary,randomized_smoothing,Base,115,64,0,415,21,0.958,1.0,0.7529411764705882,0.8590604026845637,0.8764705882352941
primary_43_DecisionBoundary_randomized_smoothing_Base,43,DecisionBoundary,randomized_smoothing,Base,116,60,0,415,25,0.95,1.0,0.7058823529411765,0.8275862068965517,0.8529411764705883
primary_43_DecisionBoundary_randomized_smoothing_Base,43,DecisionBoundary,randomized_smoothing,Base,117,69,0,415,16,0.968,1.0,0.8117647058823529,0.8961038961038961,0.9058823529411765
primary_43_DecisionBoundary_randomized_smoothing_Base,43,DecisionBoundary,randomized_smoothing,Base,118,69,0,415,16,0.968,1.0,0.8117647058823529,0.8961038961038961,0.9058823529411765
primary_43_DecisionBoundary_randomized_smoothing_Base,43,DecisionBoundary,randomized_smoothing,Base,119,73,0,415,12,0.976,1.0,0.8588235294117647,0.9240506329113923,0.9294117647058824
primary_43_DecisionBoundary_randomized_smoothing_Base,43,DecisionBoundary,randomized_smoothing,Base,120,75,0,415,10,0.98,1.0,0.8823529411764706,0.9375,0.9411764705882353
primary_43_DecisionBoundary_randomized_smoothing_Base,43,DecisionBoundary,randomized_smoothing,Base,121,70,0,415,15,0.97,1.0,0.8235294117647058,0.9032258064516129,0.9117647058823529
primary_43_DecisionBoundary_randomized_smoothing_Base,43,DecisionBoundary,randomized_smoothing,Base,122,71,0,415,14,0.972,1.0,0.8352941176470589,0.9102564102564102,0.9176470588235295
primary_43_DecisionBoundary_randomized_smoothing_Base,43,DecisionBoundary,randomized_smoothing,Base,123,67,0,415,18,0.964,1.0,0.788235294117647,0.8815789473684211,0.8941176470588235
primary_43_DecisionBoundary_randomized_smoothing_Base,43,DecisionBoundary,randomized_smoothing,Base,124,66,0,415,19,0.962,1.0,0.7764705882352941,0.8741721854304636,0.888235294117647
primary_43_DecisionBoundary_randomized_smoothing_Base,43,DecisionBoundary,randomized_smoothing,Base,125,71,0,415,14,0.972,1.0,0.8352941176470589,0.9102564102564102,0.9176470588235295
primary_43_DecisionBoundary_randomized_smoothing_Base,43,DecisionBoundary,randomized_smoothing,Base,126,73,0,415,12,0.976,1.0,0.8588235294117647,0.9240506329113923,0.9294117647058824
primary_43_DecisionBoundary_randomized_smoothing_Base,43,DecisionBoundary,randomized_smoothing,Base,127,62,0,415,23,0.954,1.0,0.7294117647058823,0.8435374149659863,0.8647058823529412
primary_43_DecisionBoundary_randomized_smoothing_Base,43,DecisionBoundary,randomized_smoothing,Base,128,70,0,415,15,0.97,1.0,0.8235294117647058,0.9032258064516129,0.9117647058823529
primary_43_DecisionBoundary_randomized_smoothing_Base,43,DecisionBoundary,randomized_smoothing,Base,129,65,0,415,20,0.96,1.0,0.7647058823529411,0.8666666666666666,0.8823529411764706
primary_43_DecisionBoundary_randomized_smoothing_Base,43,DecisionBoundary,randomized_smoothing,Base,130,74,0,415,11,0.978,1.0,0.8705882352941177,0.9308176100628931,0.9352941176470588
primary_43_DecisionBoundary_randomized_smoothing_Base,43,DecisionBoundary,randomized_smoothing,Base,131,63,0,415,22,0.956,1.0,0.7411764705882353,0.8513513513513514,0.8705882352941177
primary_43_DecisionBoundary_randomized_smoothing_Base,43,DecisionBoundary,randomized_smoothing,Base,132,67,0,415,18,0.964,1.0,0.788235294117647,0.8815789473684211,0.8941176470588235
primary_43_DecisionBoundary_randomized_smoothing_Base,43,DecisionBoundary,randomized_smoothing,Base,133,69,0,415,16,0.968,1.0,0.8117647058823529,0.8961038961038961,0.9058823529411765
primary_43_DecisionBoundary_randomized_smoothing_Base,43,DecisionBoundary,randomized_smoothing,Base,134,64,0,415,21,0.958,1.0,0.7529411764705882,0.8590604026845637,0.8764705882352941
primary_43_DecisionBoundary_randomized_smoothing_Base,43,DecisionBoundary,randomized_smoothing,Base,135,66,0,415,19,0.962,1.0,0.7764705882352941,0.8741721854304636,0.888235294117647
primary_43_DecisionBoundary_randomized_smoothing_Base,43,DecisionBoundary,randomized_smoothing,Base,136,71,0,415,14,0.972,1.0,0.8352941176470589,0.9102564102564102,0.9176470588235295
primary_43_DecisionBoundary_randomized_smoothing_Base,43,DecisionBoundary,randomized_smoothing,Base,137,69,0,415,16,0.968,1.0,0.8117647058823529,0.8961038961038961,0.9058823529411765
primary_43_DecisionBoundary_randomized_smoothing_Base,43,DecisionBoundary,randomized_smoothing,Base,138,71,0,415,14,0.972,1.0,0.8352941176470589,0.9102564102564102,0.9176470588235295
primary_43_DecisionBoundary_randomized_smoothing_Base,43,DecisionBoundary,randomized_smoothing,Base,139,66,0,415,19,0.962,1.0,0.7764705882352941,0.8741721854304636,0.888235294117647
primary_43_DecisionBoundary_randomized_smoothing_Base,43,DecisionBoundary,randomized_smoothing,Base,140,69,0,415,16,0.968,1.0,0.8117647058823529,0.8961038961038961,0.9058823529411765
primary_43_DecisionBoundary_randomized_smoothing_Base,43,DecisionBoundary,randomized_smoothing,Base,141,67,0,415,18,0.964,1.0,0.788235294117647,0.8815789473684211,0.8941176470588235
primary_43_DecisionBoundary_randomized_smoothing_Base,43,DecisionBoundary,randomized_smoothing,Base,142,64,0,415,21,0.958,1.0,0.7529411764705882,0.8590604026845637,0.8764705882352941
primary_43_DecisionBoundary_randomized_smoothing_Base,43,DecisionBoundary,randomized_smoothing,Base,143,71,0,415,14,0.972,1.0,0.8352941176470589,0.9102564102564102,0.9176470588235295
primary_43_DecisionBoundary_randomized_smoothing_C1,43,DecisionBoundary,randomized_smoothing,C1,0,71,0,414,15,0.97,1.0,0.8255813953488372,0.9044585987261146,0.9127906976744187
primary_43_DecisionBoundary_randomized_smoothing_C1,43,DecisionBoundary,randomized_smoothing,C1,1,72,0,414,14,0.972,1.0,0.8372093023255814,0.9113924050632911,0.9186046511627908
primary_43_DecisionBoundary_randomized_smoothing_C1,43,DecisionBoundary,randomized_smoothing,C1,2,79,1,413,7,0.984,0.9875,0.9186046511627907,0.9518072289156626,0.9580945961127962
primary_43_DecisionBoundary_randomized_smoothing_C1,43,DecisionBoundary,randomized_smoothing,C1,3,77,0,414,9,0.982,1.0,0.8953488372093024,0.9447852760736196,0.9476744186046512
primary_43_DecisionBoundary_randomized_smoothing_C1,43,DecisionBoundary,randomized_smoothing,C1,4,79,0,414,7,0.986,1.0,0.9186046511627907,0.9575757575757576,0.9593023255813953
primary_43_DecisionBoundary_randomized_smoothing_C1,43,DecisionBoundary,randomized_smoothing,C1,5,80,0,414,6,0.988,1.0,0.9302325581395349,0.963855421686747,0.9651162790697674
primary_43_DecisionBoundary_randomized_smoothing_C1,43,DecisionBoundary,randomized_smoothing,C1,6,79,0,414,7,0.986,1.0,0.9186046511627907,0.9575757575757576,0.9593023255813953
primary_43_DecisionBoundary_randomized_smoothing_C1,43,DecisionBoundary,randomized_smoothing,C1,7,75,0,414,11,0.978,1.0,0.872093023255814,0.9316770186335404,0.936046511627907
primary_43_DecisionBoundary_randomized_smoothing_C1,43,DecisionBoundary,randomized_smoothing,C1,8,77,0,414,9,0.982,1.0,0.8953488372093024,0.9447852760736196,0.9476744186046512
primary_43_DecisionBoundary_randomized_smoothing_C1,43,DecisionBoundary,randomized_smoothing,C1,9,84,0,414,2,0.996,1.0,0.9767441860465116,0.988235294117647,0.9883720930232558
primary_43_DecisionBoundary_randomized_smoothing_C1,43,DecisionBoundary,randomized_smoothing,C1,10,81,1,413,5,0.988,0.9878048780487805,0.9418604651162791,0.9642857142857143,0.9697225030895404
primary_43_DecisionBoundary_randomized_smoothing_C1,43,DecisionBoundary,randomized_smoothing,C1,11,78,0,414,8,0.984,1.0,0.9069767441860465,0.951219512195122,0.9534883720930232
primary_43_DecisionBoundary_randomized_smoothing_C1,43,DecisionBoundary,randomized_smoothing,C1,12,82,0,414,4,0.992,1.0,0.9534883720930233,0.9761904761904763,0.9767441860465116
primary_43_DecisionBoundary_randomized_smoothing_C1,43,DecisionBoundary,randomized_smoothing,C1,13,81,0,414,5,0.99,1.0,0.9418604651162791,0.970059880239521,0.9709302325581395
primary_43_DecisionBoundary_randomized_smoothing_C1,43,DecisionBoundary,randomized_smoothing,C1,14,83,0,414,3,0.994,1.0,0.9651162790697675,0.9822485207100593,0.9825581395348837
primary_43_DecisionBoundary_randomized_smoothing_C1,43,DecisionBoundary,randomized_smoothing,C1,15,82,0,414,4,0.992,1.0,0.9534883720930233,0.9761904761904763,0.9767441860465116
primary_43_DecisionBoundary_randomized_smoothing_C1,43,DecisionBoundary,randomized_smoothing,C1,16,78,1,413,8,0.982,0.9873417721518988,0.9069767441860465,0.9454545454545454,0.9522806426244241
primary_43_DecisionBoundary_randomized_smoothing_C1,43,DecisionBoundary,randomized_smoothing,C1,17,84,0,415,1,0.998,1.0,0.9882352941176471,0.9940828402366864,0.9941176470588236
primary_43_DecisionBoundary_randomized_smoothing_C1,43,DecisionBoundary,randomized_smoothing,C1,18,79,0,415,6,0.988,1.0,0.9294117647058824,0.9634146341463414,0.9647058823529412
primary_43_DecisionBoundary_randomized_smoothing_C1,43,DecisionBoundary,randomized_smoothing,C1,19,81,0,415,4,0.992,1.0,0.9529411764705882,0.9759036144578312,0.9764705882352941
primary_43_DecisionBoundary_randomized_smoothing_C1,43,DecisionBoundary,randomized_smoothing,C1,20,75,1,414,10,0.978,0.9868421052631579,0.8823529411764706,0.9316770186335402,0.9399716513111269
primary_43_DecisionBoundary_randomized_smoothing_C1,43,DecisionBoundary,randomized_smoothing,C1,21,73,1,414,12,0.974,0.9864864864864865,0.8588235294117647,0.9182389937106918,0.9282069454287739
primary_43_DecisionBoundary_randomized_smoothing_C1,43,DecisionBoundary,randomized_smoothing,C1,22,78,0,415,7,0.986,1.0,0.9176470588235294,0.9570552147239264,0.9588235294117646
primary_43_DecisionBoundary_randomized_smoothing_C1,43,DecisionBoundary,randomized_smoothing,C1,23,78,0,415,7,0.986,1.0,0.9176470588235294,0.9570552147239264,0.9588235294117646
primary_43_DecisionBoundary_randomized_smoothing_C1,43,DecisionBoundary,randomized_smoothing,C1,24,78,0,415,7,0.986,1.0,0.9176470588235294,0.9570552147239264,0.9588235294117646
primary_43_DecisionBoundary_randomized_smoothing_C1,43,DecisionBoundary,randomized_smoothing,C1,25,75,0,415,10,0.98,1.0,0.8823529411764706,0.9375,0.9411764705882353
primary_43_DecisionBoundary_randomized_smoothing_C1,43,DecisionBoundary,randomized_smoothing,C1,26,75,0,415,10,0.98,1.0,0.8823529411764706,0.9375,0.9411764705882353
primary_43_DecisionBoundary_randomized_smoothing_C1,43,DecisionBoundary,randomized_smoothing,C1,27,75,0,415,10,0.98,1.0,0.8823529411764706,0.9375,0.9411764705882353
primary_43_DecisionBoundary_randomized_smoothing_C1,43,DecisionBoundary,randomized_smoothing,C1,28,78,0,415,7,0.986,1.0,0.9176470588235294,0.9570552147239264,0.9588235294117646
primary_43_DecisionBoundary_randomized_smoothing_C1,43,DecisionBoundary,randomized_smoothing,C1,29,78,0,415,7,0.986,1.0,0.9176470588235294,0.9570552147239264,0.9588235294117646
primary_43_DecisionBoundary_randomized_smoothing_C1,43,DecisionBoundary,randomized_smoothing,C1,30,78,0,415,7,0.986,1.0,0.9176470588235294,0.9570552147239264,0.9588235294117646
primary_43_DecisionBoundary_randomized_smoothing_C1,43,DecisionBoundary,randomized_smoothing,C1,31,78,1,414,7,0.984,0.9873417721518988,0.9176470588235294,0.9512195121951219,0.9576187101346563
primary_43_DecisionBoundary_randomized_smoothing_C1,43,DecisionBoundary,randomized_smoothing,C1,32,80,0,415,5,0.99,1.0,0.9411764705882353,0.9696969696969697,0.9705882352941176
primary_43_DecisionBoundary_randomized_smoothing_C1,43,DecisionBoundary,randomized_smoothing,C1,33,81,0,415,4,0.992,1.0,0.9529411764705882,0.9759036144578312,0.9764705882352941
primary_43_DecisionBoundary_randomized_smoothing_C1,43,DecisionBoundary,randomized_smoothing,C1,34,79,1,414,6,0.986,0.9875,0.9294117647058824,0.9575757575757576,0.9635010630758327
primary_43_DecisionBoundary_randomized_smoothing_C1,43,DecisionBoundary,randomized_smoothing,C1,35,75,0,415,10,0.98,1.0,0.8823529411764706,0.9375,0.9411764705882353
primary_43_DecisionBoundary_randomized_smoothing_C1,43,DecisionBoundary,randomized_smoothing,C1,36,78,0,415,7,0.986,1.0,0.9176470588235294,0.9570552147239264,0.9588235294117646
primary_43_DecisionBoundary_randomized_smoothing_C1,43,DecisionBoundary,randomized_smoothing,C1,37,81,1,414,4,0.99,0.9878048780487805,0.9529411764705882,0.9700598802395209,0.9752657689581856
primary_43_DecisionBoundary_randomized_smoothing_C1,43,DecisionBoundary,randomized_smoothing,C1,38,80,0,415,5,0.99,1.0,0.9411764705882353,0.9696969696969697,0.9705882352941176
primary_43_DecisionBoundary_randomized_smoothing_C1,43,DecisionBoundary,randomized_smoothing,C1,39,79,0,415,6,0.988,1.0,0.9294117647058824,0.9634146341463414,0.9647058823529412
primary_43_DecisionBoundary_randomized_smoothing_C1,43,DecisionBoundary,randomized_smoothing,C1,40,81,0,415,4,0.992,1.0,0.9529411764705882,0.9759036144578312,0.9764705882352941
primary_43_DecisionBoundary_randomized_smoothing_C1,43,DecisionBoundary,randomized_smoothing,C1,41,81,0,415,4,0.992,1.0,0.9529411764705882,0.9759036144578312,0.9764705882352941
primary_43_DecisionBoundary_randomized_smoothing_C1,43,DecisionBoundary,randomized_smoothing,C1,42,77,0,415,8,0.984,1.0,0.9058823529411765,0.9506172839506173,0.9529411764705882
primary_43_DecisionBoundary_randomized_smoothing_C1,43,DecisionBoundary,randomized_smoothing,C1,43,74,1,414,11,0.976,0.9866666666666667,0.8705882352941177,0.925,0.9340892983699505
primary_43_DecisionBoundary_randomized_smoothing_C1,43,DecisionBoundary,randomized_smoothing,C1,44,77,0,415,8,0.984,1.0,0.9058823529411765,0.9506172839506173,0.9529411764705882
primary_43_DecisionBoundary_randomized_smoothing_C1,43,DecisionBoundary,randomized_smoothing,C1,45,79,1,414,6,0.986,0.9875,0.9294117647058824,0.9575757575757576,0.9635010630758327
primary_43_DecisionBoundary_randomized_smoothing_C1,43,DecisionBoundary,randomized_smoothing,C1,46,78,1,414,7,0.984,0.9873417721518988,0.9176470588235294,0.9512195121951219,0.9576187101346563
primary_43_DecisionBoundary_randomized_smoothing_C1,43,DecisionBoundary,randomized_smoothing,C1,47,74,0,415,11,0.978,1.0,0.8705882352941177,0.9308176100628931,0.9352941176470588
primary_43_DecisionBoundary_randomized_smoothing_C1,43,DecisionBoundary,randomized_smoothing,C1,48,80,0,415,5,0.99,1.0,0.9411764705882353,0.9696969696969697,0.9705882352941176
primary_43_DecisionBoundary_randomized_smoothing_C1,43,DecisionBoundary,randomized_smoothing,C1,49,75,0,415,10,0.98,1.0,0.8823529411764706,0.9375,0.9411764705882353
primary_43_DecisionBoundary_randomized_smoothing_C1,43,DecisionBoundary,randomized_smoothing,C1,50,81,0,415,4,0.992,1.0,0.9529411764705882,0.9759036144578312,0.9764705882352941
primary_43_DecisionBoundary_randomized_smoothing_C1,43,DecisionBoundary,randomized_smoothing,C1,51,76,1,414,9,0.98,0.987012987012987,0.8941176470588236,0.9382716049382716,0.9458540042523034
primary_43_DecisionBoundary_randomized_smoothing_C1,43,DecisionBoundary,randomized_smoothing,C1,52,80,1,414,5,0.988,0.9876543209876543,0.9411764705882353,0.963855421686747,0.9693834160170092
primary_43_DecisionBoundary_randomized_smoothing_C1,43,DecisionBoundary,randomized_smoothing,C1,53,74,1,414,11,0.976,0.9866666666666667,0.8705882352941177,0.925,0.9340892983699505
primary_43_DecisionBoundary_randomized_smoothing_C1,43,DecisionBoundary,randomized_smoothing,C1,54,82,0,415,3,0.994,1.0,0.9647058823529412,0.9820359281437125,0.9823529411764707
primary_43_DecisionBoundary_randomized_smoothing_C1,43,DecisionBoundary,randomized_smoothing,C1,55,76,0,415,9,0.982,1.0,0.8941176470588236,0.9440993788819877,0.9470588235294117
primary_43_DecisionBoundary_randomized_smoothing_C1,43,DecisionBoundary,randomized_smoothing,C1,56,78,0,415,7,0.986,1.0,0.9176470588235294,0.9570552147239264,0.9588235294117646
primary_43_DecisionBoundary_randomized_smoothing_C1,43,DecisionBoundary,randomized_smoothing,C1,57,80,1,414,5,0.988,0.9876543209876543,0.9411764705882353,0.963855421686747,0.9693834160170092
primary_43_DecisionBoundary_randomized_smoothing_C1,43,DecisionBoundary,randomized_smoothing,C1,58,81,2,413,4,0.988,0.9759036144578314,0.9529411764705882,0.9642857142857143,0.9740609496810773
primary_43_DecisionBoundary_randomized_smoothing_C1,43,DecisionBoundary,randomized_smoothing,C1,59,77,0,415,8,0.984,1.0,0.9058823529411765,0.9506172839506173,0.9529411764705882
primary_43_DecisionBoundary_randomized_smoothing_C1,43,DecisionBoundary,randomized_smoothing,C1,60,78,0,415,7,0.986,1.0,0.9176470588235294,0.9570552147239264,0.9588235294117646
primary_43_DecisionBoundary_randomized_smoothing_C1,43,DecisionBoundary,randomized_smoothing,C1,61,79,0,415,6,0.988,1.0,0.9294117647058824,0.9634146341463414,0.9647058823529412
primary_43_DecisionBoundary_randomized_smoothing_C1,43,DecisionBoundary,randomized_smoothing,C1,62,79,0,415,6,0.988,1.0,0.9294117647058824,0.9634146341463414,0.9647058823529412
primary_43_DecisionBoundary_randomized_smoothing_C1,43,DecisionBoundary,randomized_smoothing,C1,63,74,0,415,11,0.978,1.0,0.8705882352941177,0.9308176100628931,0.9352941176470588
primary_43_DecisionBoundary_randomized_smoothing_C1,43,DecisionBoundary,randomized_smoothing,C1,64,76,0,415,9,0.982,1.0,0.8941176470588236,0.9440993788819877,0.9470588235294117
primary_43_DecisionBoundary_randomized_smoothing_C1,43,DecisionBoundary,randomized_smoothing,C1,65,76,0,415,9,0.982,1.0,0.8941176470588236,0.9440993788819877,0.9470588235294117
primary_43_DecisionBoundary_randomized_smoothing_C1,43,DecisionBoundary,randomized_smoothing,C1,66,81,0,415,4,0.992,1.0,0.9529411764705882,0.9759036144578312,0.9764705882352941
primary_43_DecisionBoundary_randomized_smoothing_C1,43,DecisionBoundary,randomized_smoothing,C1,67,81,0,415,4,0.992,1.0,0.9529411764705882,0.9759036144578312,0.9764705882352941
primary_43_DecisionBoundary_randomized_smoothing_C1,43,DecisionBoundary,randomized_smoothing,C1,68,76,0,415,9,0.982,1.0,0.8941176470588236,0.9440993788819877,0.9470588235294117
primary_43_DecisionBoundary_randomized_smoothing_C1,43,DecisionBoundary,randomized_smoothing,C1,69,80,2,413,5,0.986,0.975609756097561,0.9411764705882353,0.9580838323353293,0.9681785967399008
primary_43_DecisionBoundary_randomized_smoothing_C1,43,DecisionBoundary,randomized_smoothing,C1,70,79,0,415,6,0.988,1.0,0.9294117647058824,0.9634146341463414,0.9647058823529412
primary_43_DecisionBoundary_randomized_smoothing_C1,43,DecisionBoundary,randomized_smoothing,C1,71,74,0,415,11,0.978,1.0,0.8705882352941177,0.9308176100628931,0.9352941176470588
primary_43_DecisionBoundary_randomized_smoothing_C1,43,DecisionBoundary,randomized_smoothing,C1,72,78,1,414,7,0.984,0.9873417721518988,0.9176470588235294,0.9512195121951219,0.9576187101346563
primary_43_DecisionBoundary_randomized_smoothing_C1,43,DecisionBoundary,randomized_smoothing,C1,73,77,1,414,8,0.982,0.9871794871794872,0.9058823529411765,0.9447852760736197,0.9517363571934798
primary_43_DecisionBoundary_randomized_smoothing_C1,43,DecisionBoundary,randomized_smoothing,C1,74,82,0,415,3,0.994,1.0,0.9647058823529412,0.9820359281437125,0.9823529411764707
primary_43_DecisionBoundary_randomized_smoothing_C1,43,DecisionBoundary,randomized_smoothing,C1,75,78,0,415,7,0.986,1.0,0.9176470588235294,0.9570552147239264,0.9588235294117646
primary_43_DecisionBoundary_randomized_smoothing_C1,43,DecisionBoundary,randomized_smoothing,C1,76,80,1,414,5,0.988,0.9876543209876543,0.9411764705882353,0.963855421686747,0.9693834160170092
primary_43_DecisionBoundary_randomized_smoothing_C1,43,DecisionBoundary,randomized_smoothing,C1,77,79,0,415,6,0.988,1.0,0.9294117647058824,0.9634146341463414,0.9647058823529412
primary_43_DecisionBoundary_randomized_smoothing_C1,43,DecisionBoundary,randomized_smoothing,C1,78,80,1,414,5,0.988,0.9876543209876543,0.9411764705882353,0.963855421686747,0.9693834160170092
primary_43_DecisionBoundary_randomized_smoothing_C1,43,DecisionBoundary,randomized_smoothing,C1,79,80,0,415,5,0.99,1.0,0.9411764705882353,0.9696969696969697,0.9705882352941176
primary_43_DecisionBoundary_randomized_smoothing_C1,43,DecisionBoundary,randomized_smoothing,C1,80,77,0,415,8,0.984,1.0,0.9058823529411765,0.9506172839506173,0.9529411764705882
primary_43_DecisionBoundary_randomized_smoothing_C1,43,DecisionBoundary,randomized_smoothing,C1,81,76,0,415,9,0.982,1.0,0.8941176470588236,0.9440993788819877,0.9470588235294117
primary_43_DecisionBoundary_randomized_smoothing_C1,43,DecisionBoundary,randomized_smoothing,C1,82,79,1,414,6,0.986,0.9875,0.9294117647058824,0.9575757575757576,0.9635010630758327
primary_43_DecisionBoundary_randomized_smoothing_C1,43,DecisionBoundary,randomized_smoothing,C1,83,77,0,415,8,0.984,1.0,0.9058823529411765,0.9506172839506173,0.9529411764705882
primary_43_DecisionBoundary_randomized_smoothing_C1,43,DecisionBoundary,randomized_smoothing,C1,84,77,0,415,8,0.984,1.0,0.9058823529411765,0.9506172839506173,0.9529411764705882
primary_43_DecisionBoundary_randomized_smoothing_C1,43,DecisionBoundary,randomized_smoothing,C1,85,81,1,414,4,0.99,0.9878048780487805,0.9529411764705882,0.9700598802395209,0.9752657689581856
primary_43_DecisionBoundary_randomized_smoothing_C1,43,DecisionBoundary,randomized_smoothing,C1,86,73,2,413,12,0.972,0.9733333333333334,0.8588235294117647,0.9125,0.9270021261516654
primary_43_DecisionBoundary_randomized_smoothing_C1,43,DecisionBoundary,randomized_smoothing,C1,87,77,0,415,8,0.984,1.0,0.9058823529411765,0.9506172839506173,0.9529411764705882
primary_43_DecisionBoundary_randomized_smoothing_C1,43,DecisionBoundary,randomized_smoothing,C1,88,77,0,415,8,0.984,1.0,0.9058823529411765,0.9506172839506173,0.9529411764705882
primary_43_DecisionBoundary_randomized_smoothing_C1,43,DecisionBoundary,randomized_smoothing,C1,89,78,1,414,7,0.984,0.9873417721518988,0.9176470588235294,0.9512195121951219,0.9576187101346563
primary_43_DecisionBoundary_randomized_smoothing_C1,43,DecisionBoundary,randomized_smoothing,C1,90,81,1,414,4,0.99,0.9878048780487805,0.9529411764705882,0.9700598802395209,0.9752657689581856
primary_43_DecisionBoundary_randomized_smoothing_C1,43,DecisionBoundary,randomized_smoothing,C1,91,79,2,413,6,0.984,0.9753086419753086,0.9294117647058824,0.9518072289156626,0.9622962437987244
primary_43_DecisionBoundary_randomized_smoothing_C1,43,DecisionBoundary,randomized_smoothing,C1,92,78,0,415,7,0.986,1.0,0.9176470588235294,0.9570552147239264,0.9588235294117646
primary_43_DecisionBoundary_randomized_smoothing_C1,43,DecisionBoundary,randomized_smoothing,C1,93,77,0,415,8,0.984,1.0,0.9058823529411765,0.9506172839506173,0.9529411764705882
primary_43_DecisionBoundary_randomized_smoothing_C1,43,DecisionBoundary,randomized_smoothing,C1,94,82,0,415,3,0.994,1.0,0.9647058823529412,0.9820359281437125,0.9823529411764707
primary_43_DecisionBoundary_randomized_smoothing_C1,43,DecisionBoundary,randomized_smoothing,C1,95,81,1,414,4,0.99,0.9878048780487805,0.9529411764705882,0.9700598802395209,0.9752657689581856
primary_43_DecisionBoundary_randomized_smoothing_C1,43,DecisionBoundary,randomized_smoothing,C1,96,80,0,415,5,0.99,1.0,0.9411764705882353,0.9696969696969697,0.9705882352941176
primary_43_DecisionBoundary_randomized_smoothing_C1,43,DecisionBoundary,randomized_smoothing,C1,97,76,1,414,9,0.98,0.987012987012987,0.8941176470588236,0.9382716049382716,0.9458540042523034
primary_43_DecisionBoundary_randomized_smoothing_C1,43,DecisionBoundary,randomized_smoothing,C1,98,79,0,415,6,0.988,1.0,0.9294117647058824,0.9634146341463414,0.9647058823529412
primary_43_DecisionBoundary_randomized_smoothing_C1,43,DecisionBoundary,randomized_smoothing,C1,99,82,1,414,3,0.992,0.9879518072289156,0.9647058823529412,0.9761904761904762,0.9811481218993622
primary_43_DecisionBoundary_randomized_smoothing_C1,43,DecisionBoundary,randomized_smoothing,C1,100,80,1,414,5,0.988,0.9876543209876543,0.9411764705882353,0.963855421686747,0.9693834160170092
primary_43_DecisionBoundary_randomized_smoothing_C1,43,DecisionBoundary,randomized_smoothing,C1,101,77,0,415,8,0.984,1.0,0.9058823529411765,0.9506172839506173,0.9529411764705882
primary_43_DecisionBoundary_randomized_smoothing_C1,43,DecisionBoundary,randomized_smoothing,C1,102,82,0,415,3,0.994,1.0,0.9647058823529412,0.9820359281437125,0.9823529411764707
primary_43_DecisionBoundary_randomized_smoothing_C1,43,DecisionBoundary,randomized_smoothing,C1,103,77,0,415,8,0.984,1.0,0.9058823529411765,0.9506172839506173,0.9529411764705882
primary_43_DecisionBoundary_randomized_smoothing_C1,43,DecisionBoundary,randomized_smoothing,C1,104,81,0,415,4,0.992,1.0,0.9529411764705882,0.9759036144578312,0.9764705882352941
primary_43_DecisionBoundary_randomized_smoothing_C1,43,DecisionBoundary,randomized_smoothing,C1,105,82,0,415,3,0.994,1.0,0.9647058823529412,0.9820359281437125,0.9823529411764707
primary_43_DecisionBoundary_randomized_smoothing_C1,43,DecisionBoundary,randomized_smoothing,C1,106,78,0,415,7,0.986,1.0,0.9176470588235294,0.9570552147239264,0.9588235294117646
primary_43_DecisionBoundary_randomized_smoothing_C1,43,DecisionBoundary,randomized_smoothing,C1,107,78,0,415,7,0.986,1.0,0.9176470588235294,0.9570552147239264,0.9588235294117646
primary_43_DecisionBoundary_randomized_smoothing_C1,43,DecisionBoundary,randomized_smoothing,C1,108,78,0,415,7,0.986,1.0,0.9176470588235294,0.9570552147239264,0.9588235294117646
primary_43_DecisionBoundary_randomized_smoothing_C1,43,DecisionBoundary,randomized_smoothing,C1,109,77,0,415,8,0.984,1.0,0.9058823529411765,0.9506172839506173,0.9529411764705882
primary_43_DecisionBoundary_randomized_smoothing_C1,43,DecisionBoundary,randomized_smoothing,C1,110,76,1,414,9,0.98,0.987012987012987,0.8941176470588236,0.9382716049382716,0.9458540042523034
primary_43_DecisionBoundary_randomized_smoothing_C1,43,DecisionBoundary,randomized_smoothing,C1,111,83,1,414,2,0.994,0.9880952380952381,0.9764705882352941,0.9822485207100591,0.9870304748405386
primary_43_DecisionBoundary_randomized_smoothing_C1,43,DecisionBoundary,randomized_smoothing,C1,112,79,1,414,6,0.986,0.9875,0.9294117647058824,0.9575757575757576,0.9635010630758327
primary_43_DecisionBoundary_randomized_smoothing_C1,43,DecisionBoundary,randomized_smoothing,C1,113,77,1,414,8,0.982,0.9871794871794872,0.9058823529411765,0.9447852760736197,0.9517363571934798
primary_43_DecisionBoundary_randomized_smoothing_C1,43,DecisionBoundary,randomized_smoothing,C1,114,80,0,415,5,0.99,1.0,0.9411764705882353,0.9696969696969697,0.9705882352941176
primary_43_DecisionBoundary_randomized_smoothing_C1,43,DecisionBoundary,randomized_smoothing,C1,115,76,0,415,9,0.982,1.0,0.8941176470588236,0.9440993788819877,0.9470588235294117
primary_43_DecisionBoundary_randomized_smoothing_C1,43,DecisionBoundary,randomized_smoothing,C1,116,75,1,414,10,0.978,0.9868421052631579,0.8823529411764706,0.9316770186335402,0.9399716513111269
primary_43_DecisionBoundary_randomized_smoothing_C1,43,DecisionBoundary,randomized_smoothing,C1,117,80,0,415,5,0.99,1.0,0.9411764705882353,0.9696969696969697,0.9705882352941176
primary_43_DecisionBoundary_randomized_smoothing_C1,43,DecisionBoundary,randomized_smoothing,C1,118,78,1,414,7,0.984,0.9873417721518988,0.9176470588235294,0.9512195121951219,0.9576187101346563
primary_43_DecisionBoundary_randomized_smoothing_C1,43,DecisionBoundary,randomized_smoothing,C1,119,80,0,415,5,0.99,1.0,0.9411764705882353,0.9696969696969697,0.9705882352941176
primary_43_DecisionBoundary_randomized_smoothing_C1,43,DecisionBoundary,randomized_smoothing,C1,120,80,0,415,5,0.99,1.0,0.9411764705882353,0.9696969696969697,0.9705882352941176
primary_43_DecisionBoundary_randomized_smoothing_C1,43,DecisionBoundary,randomized_smoothing,C1,121,80,0,415,5,0.99,1.0,0.9411764705882353,0.9696969696969697,0.9705882352941176
primary_43_DecisionBoundary_randomized_smoothing_C1,43,DecisionBoundary,randomized_smoothing,C1,122,78,0,415,7,0.986,1.0,0.9176470588235294,0.9570552147239264,0.9588235294117646
primary_43_DecisionBoundary_randomized_smoothing_C1,43,DecisionBoundary,randomized_smoothing,C1,123,75,0,415,10,0.98,1.0,0.8823529411764706,0.9375,0.9411764705882353
primary_43_DecisionBoundary_randomized_smoothing_C1,43,DecisionBoundary,randomized_smoothing,C1,124,79,1,414,6,0.986,0.9875,0.9294117647058824,0.9575757575757576,0.9635010630758327
primary_43_DecisionBoundary_randomized_smoothing_C1,43,DecisionBoundary,randomized_smoothing,C1,125,82,2,413,3,0.99,0.9761904761904762,0.9647058823529412,0.9704142011834319,0.9799433026222537
primary_43_DecisionBoundary_randomized_smoothing_C1,43,DecisionBoundary,randomized_smoothing,C1,126,80,0,415,5,0.99,1.0,0.9411764705882353,0.9696969696969697,0.9705882352941176
primary_43_DecisionBoundary_randomized_smoothing_C1,43,DecisionBoundary,randomized_smoothing,C1,127,75,0,415,10,0.98,1.0,0.8823529411764706,0.9375,0.9411764705882353
primary_43_DecisionBoundary_randomized_smoothing_C1,43,DecisionBoundary,randomized_smoothing,C1,128,81,0,415,4,0.992,1.0,0.9529411764705882,0.9759036144578312,0.9764705882352941
primary_43_DecisionBoundary_randomized_smoothing_C1,43,DecisionBoundary,randomized_smoothing,C1,129,76,0,415,9,0.982,1.0,0.8941176470588236,0.9440993788819877,0.9470588235294117
primary_43_DecisionBoundary_randomized_smoothing_C1,43,DecisionBoundary,randomized_smoothing,C1,130,82,0,415,3,0.994,1.0,0.9647058823529412,0.9820359281437125,0.9823529411764707
primary_43_DecisionBoundary_randomized_smoothing_C1,43,DecisionBoundary,randomized_smoothing,C1,131,78,1,414,7,0.984,0.9873417721518988,0.9176470588235294,0.9512195121951219,0.9576187101346563
primary_43_DecisionBoundary_randomized_smoothing_C1,43,DecisionBoundary,randomized_smoothing,C1,132,78,0,415,7,0.986,1.0,0.9176470588235294,0.9570552147239264,0.9588235294117646
primary_43_DecisionBoundary_randomized_smoothing_C1,43,DecisionBoundary,randomized_smoothing,C1,133,79,1,414,6,0.986,0.9875,0.9294117647058824,0.9575757575757576,0.9635010630758327
primary_43_DecisionBoundary_randomized_smoothing_C1,43,DecisionBoundary,randomized_smoothing,C1,134,74,0,415,11,0.978,1.0,0.8705882352941177,0.9308176100628931,0.9352941176470588
primary_43_DecisionBoundary_randomized_smoothing_C1,43,DecisionBoundary,randomized_smoothing,C1,135,81,0,415,4,0.992,1.0,0.9529411764705882,0.9759036144578312,0.9764705882352941
primary_43_DecisionBoundary_randomized_smoothing_C1,43,DecisionBoundary,randomized_smoothing,C1,136,82,0,415,3,0.994,1.0,0.9647058823529412,0.9820359281437125,0.9823529411764707
primary_43_DecisionBoundary_randomized_smoothing_C1,43,DecisionBoundary,randomized_smoothing,C1,137,78,2,413,7,0.982,0.975,0.9176470588235294,0.9454545454545454,0.9564138908575478
primary_43_DecisionBoundary_randomized_smoothing_C1,43,DecisionBoundary,randomized_smoothing,C1,138,80,0,415,5,0.99,1.0,0.9411764705882353,0.9696969696969697,0.9705882352941176
primary_43_DecisionBoundary_randomized_smoothing_C1,43,DecisionBoundary,randomized_smoothing,C1,139,77,1,414,8,0.982,0.9871794871794872,0.9058823529411765,0.9447852760736197,0.9517363571934798
primary_43_DecisionBoundary_randomized_smoothing_C1,43,DecisionBoundary,randomized_smoothing,C1,140,79,0,415,6,0.988,1.0,0.9294117647058824,0.9634146341463414,0.9647058823529412
primary_43_DecisionBoundary_randomized_smoothing_C1,43,DecisionBoundary,randomized_smoothing,C1,141,76,0,415,9,0.982,1.0,0.8941176470588236,0.9440993788819877,0.9470588235294117
primary_43_DecisionBoundary_randomized_smoothing_C1,43,DecisionBoundary,randomized_smoothing,C1,142,80,0,415,5,0.99,1.0,0.9411764705882353,0.9696969696969697,0.9705882352941176
primary_43_DecisionBoundary_randomized_smoothing_C1,43,DecisionBoundary,randomized_smoothing,C1,143,80,0,415,5,0.99,1.0,0.9411764705882353,0.9696969696969697,0.9705882352941176
primary_44_SilentProbing_afp_Base,44,SilentProbing,afp,Base,0,71,0,414,15,0.97,1.0,0.8255813953488372,0.9044585987261146,0.9127906976744187
primary_44_SilentProbing_afp_Base,44,SilentProbing,afp,Base,1,66,0,414,20,0.96,1.0,0.7674418604651163,0.868421052631579,0.8837209302325582
primary_44_SilentProbing_afp_Base,44,SilentProbing,afp,Base,2,73,0,414,13,0.974,1.0,0.8488372093023255,0.9182389937106918,0.9244186046511628
primary_44_SilentProbing_afp_Base,44,SilentProbing,afp,Base,3,68,0,414,18,0.964,1.0,0.7906976744186046,0.8831168831168831,0.8953488372093024
primary_44_SilentProbing_afp_Base,44,SilentProbing,afp,Base,4,71,0,414,15,0.97,1.0,0.8255813953488372,0.9044585987261146,0.9127906976744187
primary_44_SilentProbing_afp_Base,44,SilentProbing,afp,Base,5,68,0,414,18,0.964,1.0,0.7906976744186046,0.8831168831168831,0.8953488372093024
primary_44_SilentProbing_afp_Base,44,SilentProbing,afp,Base,6,74,0,414,12,0.976,1.0,0.8604651162790697,0.9249999999999999,0.9302325581395349
primary_44_SilentProbing_afp_Base,44,SilentProbing,afp,Base,7,69,0,414,17,0.966,1.0,0.8023255813953488,0.8903225806451612,0.9011627906976745
primary_44_SilentProbing_afp_Base,44,SilentProbing,afp,Base,8,66,0,414,20,0.96,1.0,0.7674418604651163,0.868421052631579,0.8837209302325582
primary_44_SilentProbing_afp_Base,44,SilentProbing,afp,Base,9,71,0,414,15,0.97,1.0,0.8255813953488372,0.9044585987261146,0.9127906976744187
primary_44_SilentProbing_afp_Base,44,SilentProbing,afp,Base,10,70,1,413,16,0.966,0.9859154929577465,0.813953488372093,0.89171974522293,0.9057690147174475
primary_44_SilentProbing_afp_Base,44,SilentProbing,afp,Base,11,66,0,414,20,0.96,1.0,0.7674418604651163,0.868421052631579,0.8837209302325582
primary_44_SilentProbing_afp_Base,44,SilentProbing,afp,Base,12,70,0,414,16,0.968,1.0,0.813953488372093,0.8974358974358974,0.9069767441860466
primary_44_SilentProbing_afp_Base,44,SilentProbing,afp,Base,13,74,0,414,12,0.976,1.0,0.8604651162790697,0.9249999999999999,0.9302325581395349
primary_44_SilentProbing_afp_Base,44,SilentProbing,afp,Base,14,71,0,414,15,0.97,1.0,0.8255813953488372,0.9044585987261146,0.9127906976744187
primary_44_SilentProbing_afp_Base,44,SilentProbing,afp,Base,15,69,0,414,17,0.966,1.0,0.8023255813953488,0.8903225806451612,0.9011627906976745
primary_44_SilentProbing_afp_Base,44,SilentProbing,afp,Base,16,68,0,414,18,0.964,1.0,0.7906976744186046,0.8831168831168831,0.8953488372093024
primary_44_SilentProbing_afp_Base,44,SilentProbing,afp,Base,17,76,0,415,9,0.982,1.0,0.8941176470588236,0.9440993788819877,0.9470588235294117
primary_44_SilentProbing_afp_Base,44,SilentProbing,afp,Base,18,66,0,415,19,0.962,1.0,0.7764705882352941,0.8741721854304636,0.888235294117647
primary_44_SilentProbing_afp_Base,44,SilentProbing,afp,Base,19,71,0,415,14,0.972,1.0,0.8352941176470589,0.9102564102564102,0.9176470588235295
primary_44_SilentProbing_afp_Base,44,SilentProbing,afp,Base,20,66,0,415,19,0.962,1.0,0.7764705882352941,0.8741721854304636,0.888235294117647
primary_44_SilentProbing_afp_Base,44,SilentProbing,afp,Base,21,65,1,414,20,0.958,0.9848484848484849,0.7647058823529411,0.8609271523178808,0.8811481218993622
primary_44_SilentProbing_afp_Base,44,SilentProbing,afp,Base,22,66,0,415,19,0.962,1.0,0.7764705882352941,0.8741721854304636,0.888235294117647
primary_44_SilentProbing_afp_Base,44,SilentProbing,afp,Base,23,69,0,415,16,0.968,1.0,0.8117647058823529,0.8961038961038961,0.9058823529411765
primary_44_SilentProbing_afp_Base,44,SilentProbing,afp,Base,24,69,0,415,16,0.968,1.0,0.8117647058823529,0.8961038961038961,0.9058823529411765
primary_44_SilentProbing_afp_Base,44,SilentProbing,afp,Base,25,71,0,415,14,0.972,1.0,0.8352941176470589,0.9102564102564102,0.9176470588235295
primary_44_SilentProbing_afp_Base,44,SilentProbing,afp,Base,26,62,0,415,23,0.954,1.0,0.7294117647058823,0.8435374149659863,0.8647058823529412
primary_44_SilentProbing_afp_Base,44,SilentProbing,afp,Base,27,64,0,415,21,0.958,1.0,0.7529411764705882,0.8590604026845637,0.8764705882352941
primary_44_SilentProbing_afp_Base,44,SilentProbing,afp,Base,28,72,0,415,13,0.974,1.0,0.8470588235294118,0.9171974522292993,0.9235294117647059
primary_44_SilentProbing_afp_Base,44,SilentProbing,afp,Base,29,68,0,415,17,0.966,1.0,0.8,0.888888888888889,0.9
primary_44_SilentProbing_afp_Base,44,SilentProbing,afp,Base,30,69,0,415,16,0.968,1.0,0.8117647058823529,0.8961038961038961,0.9058823529411765
primary_44_SilentProbing_afp_Base,44,SilentProbing,afp,Base,31,66,0,415,19,0.962,1.0,0.7764705882352941,0.8741721854304636,0.888235294117647
primary_44_SilentProbing_afp_Base,44,SilentProbing,afp,Base,32,68,0,415,17,0.966,1.0,0.8,0.888888888888889,0.9
primary_44_SilentProbing_afp_Base,44,SilentProbing,afp,Base,33,67,0,415,18,0.964,1.0,0.788235294117647,0.8815789473684211,0.8941176470588235
primary_44_SilentProbing_afp_Base,44,SilentProbing,afp,Base,34,66,1,414,19,0.96,0.9850746268656716,0.7764705882352941,0.8684210526315789,0.8870304748405387
primary_44_SilentProbing_afp_Base,44,SilentProbing,afp,Base,35,61,0,415,24,0.952,1.0,0.7176470588235294,0.8356164383561643,0.8588235294117648
primary_44_SilentProbing_afp_Base,44,SilentProbing,afp,Base,36,70,0,415,15,0.97,1.0,0.8235294117647058,0.9032258064516129,0.9117647058823529
primary_44_SilentProbing_afp_Base,44,SilentProbing,afp,Base,37,74,0,415,11,0.978,1.0,0.8705882352941177,0.9308176100628931,0.9352941176470588
primary_44_SilentProbing_afp_Base,44,SilentProbing,afp,Base,38,69,0,415,16,0.968,1.0,0.8117647058823529,0.8961038961038961,0.9058823529411765
primary_44_SilentProbing_afp_Base,44,SilentProbing,afp,Base,39,66,0,415,19,0.962,1.0,0.7764705882352941,0.8741721854304636,0.888235294117647
primary_44_SilentProbing_afp_Base,44,SilentProbing,afp,Base,40,74,0,415,11,0.978,1.0,0.8705882352941177,0.9308176100628931,0.9352941176470588
primary_44_SilentProbing_afp_Base,44,SilentProbing,afp,Base,41,71,0,415,14,0.972,1.0,0.8352941176470589,0.9102564102564102,0.9176470588235295
primary_44_SilentProbing_afp_Base,44,SilentProbing,afp,Base,42,68,0,415,17,0.966,1.0,0.8,0.888888888888889,0.9
primary_44_SilentProbing_afp_Base,44,SilentProbing,afp,Base,43,67,0,415,18,0.964,1.0,0.788235294117647,0.8815789473684211,0.8941176470588235
primary_44_SilentProbing_afp_Base,44,SilentProbing,afp,Base,44,67,0,415,18,0.964,1.0,0.788235294117647,0.8815789473684211,0.8941176470588235
primary_44_SilentProbing_afp_Base,44,SilentProbing,afp,Base,45,74,0,415,11,0.978,1.0,0.8705882352941177,0.9308176100628931,0.9352941176470588
primary_44_SilentProbing_afp_Base,44,SilentProbing,afp,Base,46,71,0,415,14,0.972,1.0,0.8352941176470589,0.9102564102564102,0.9176470588235295
primary_44_SilentProbing_afp_Base,44,SilentProbing,afp,Base,47,68,0,415,17,0.966,1.0,0.8,0.888888888888889,0.9
primary_44_SilentProbing_afp_Base,44,SilentProbing,afp,Base,48,73,0,415,12,0.976,1.0,0.8588235294117647,0.9240506329113923,0.9294117647058824
primary_44_SilentProbing_afp_Base,44,SilentProbing,afp,Base,49,68,0,415,17,0.966,1.0,0.8,0.888888888888889,0.9
primary_44_SilentProbing_afp_Base,44,SilentProbing,afp,Base,50,71,0,415,14,0.972,1.0,0.8352941176470589,0.9102564102564102,0.9176470588235295
primary_44_SilentProbing_afp_Base,44,SilentProbing,afp,Base,51,72,1,414,13,0.972,0.9863013698630136,0.8470588235294118,0.9113924050632911,0.9223245924875975
primary_44_SilentProbing_afp_Base,44,SilentProbing,afp,Base,52,66,0,415,19,0.962,1.0,0.7764705882352941,0.8741721854304636,0.888235294117647
primary_44_SilentProbing_afp_Base,44,SilentProbing,afp,Base,53,63,0,415,22,0.956,1.0,0.7411764705882353,0.8513513513513514,0.8705882352941177
primary_44_SilentProbing_afp_Base,44,SilentProbing,afp,Base,54,65,0,415,20,0.96,1.0,0.7647058823529411,0.8666666666666666,0.8823529411764706
primary_44_SilentProbing_afp_Base,44,SilentProbing,afp,Base,55,68,0,415,17,0.966,1.0,0.8,0.888888888888889,0.9
primary_44_SilentProbing_afp_Base,44,SilentProbing,afp,Base,56,68,0,415,17,0.966,1.0,0.8,0.888888888888889,0.9
primary_44_SilentProbing_afp_Base,44,SilentProbing,afp,Base,57,68,0,415,17,0.966,1.0,0.8,0.888888888888889,0.9
primary_44_SilentProbing_afp_Base,44,SilentProbing,afp,Base,58,69,0,415,16,0.968,1.0,0.8117647058823529,0.8961038961038961,0.9058823529411765
primary_44_SilentProbing_afp_Base,44,SilentProbing,afp,Base,59,71,0,415,14,0.972,1.0,0.8352941176470589,0.9102564102564102,0.9176470588235295
primary_44_SilentProbing_afp_Base,44,SilentProbing,afp,Base,60,65,0,415,20,0.96,1.0,0.7647058823529411,0.8666666666666666,0.8823529411764706
primary_44_SilentProbing_afp_Base,44,SilentProbing,afp,Base,61,66,0,415,19,0.962,1.0,0.7764705882352941,0.8741721854304636,0.888235294117647
primary_44_SilentProbing_afp_Base,44,SilentProbing,afp,Base,62,68,0,415,17,0.966,1.0,0.8,0.888888888888889,0.9
primary_44_SilentProbing_afp_Base,44,SilentProbing,afp,Base,63,69,0,415,16,0.968,1.0,0.8117647058823529,0.8961038961038961,0.9058823529411765
primary_44_SilentProbing_afp_Base,44,SilentProbing,afp,Base,64,67,0,415,18,0.964,1.0,0.788235294117647,0.8815789473684211,0.8941176470588235
primary_44_SilentProbing_afp_Base,44,SilentProbing,afp,Base,65,64,0,415,21,0.958,1.0,0.7529411764705882,0.8590604026845637,0.8764705882352941
primary_44_SilentProbing_afp_Base,44,SilentProbing,afp,Base,66,66,0,415,19,0.962,1.0,0.7764705882352941,0.8741721854304636,0.888235294117647
primary_44_SilentProbing_afp_Base,44,SilentProbing,afp,Base,67,70,0,415,15,0.97,1.0,0.8235294117647058,0.9032258064516129,0.9117647058823529
primary_44_SilentProbing_afp_Base,44,SilentProbing,afp,Base,68,69,0,415,16,0.968,1.0,0.8117647058823529,0.8961038961038961,0.9058823529411765
primary_44_SilentProbing_afp_Base,44,SilentProbing,afp,Base,69,70,0,415,15,0.97,1.0,0.8235294117647058,0.9032258064516129,0.9117647058823529
primary_44_SilentProbing_afp_Base,44,SilentProbing,afp,Base,70,66,0,415,19,0.962,1.0,0.7764705882352941,0.8741721854304636,0.888235294117647
primary_44_SilentProbing_afp_Base,44,SilentProbing,afp,Base,71,69,0,415,16,0.968,1.0,0.8117647058823529,0.8961038961038961,0.9058823529411765
primary_44_SilentProbing_afp_Base,44,SilentProbing,afp,Base,72,69,0,415,16,0.968,1.0,0.8117647058823529,0.8961038961038961,0.9058823529411765
primary_44_SilentProbing_afp_Base,44,SilentProbing,afp,Base,73,68,0,415,17,0.966,1.0,0.8,0.888888888888889,0.9
primary_44_SilentProbing_afp_Base,44,SilentProbing,afp,Base,74,78,0,415,7,0.986,1.0,0.9176470588235294,0.9570552147239264,0.9588235294117646
primary_44_SilentProbing_afp_Base,44,SilentProbing,afp,Base,75,71,0,415,14,0.972,1.0,0.8352941176470589,0.9102564102564102,0.9176470588235295
primary_44_SilentProbing_afp_Base,44,SilentProbing,afp,Base,76,70,0,415,15,0.97,1.0,0.8235294117647058,0.9032258064516129,0.9117647058823529
primary_44_SilentProbing_afp_Base,44,SilentProbing,afp,Base,77,69,0,415,16,0.968,1.0,0.8117647058823529,0.8961038961038961,0.9058823529411765
primary_44_SilentProbing_afp_Base,44,SilentProbing,afp,Base,78,69,0,415,16,0.968,1.0,0.8117647058823529,0.8961038961038961,0.9058823529411765
primary_44_SilentProbing_afp_Base,44,SilentProbing,afp,Base,79,68,0,415,17,0.966,1.0,0.8,0.888888888888889,0.9
primary_44_SilentProbing_afp_Base,44,SilentProbing,afp,Base,80,66,0,415,19,0.962,1.0,0.7764705882352941,0.8741721854304636,0.888235294117647
primary_44_SilentProbing_afp_Base,44,SilentProbing,afp,Base,81,69,0,415,16,0.968,1.0,0.8117647058823529,0.8961038961038961,0.9058823529411765
primary_44_SilentProbing_afp_Base,44,SilentProbing,afp,Base,82,71,0,415,14,0.972,1.0,0.8352941176470589,0.9102564102564102,0.9176470588235295
primary_44_SilentProbing_afp_Base,44,SilentProbing,afp,Base,83,61,0,415,24,0.952,1.0,0.7176470588235294,0.8356164383561643,0.8588235294117648
primary_44_SilentProbing_afp_Base,44,SilentProbing,afp,Base,84,67,0,415,18,0.964,1.0,0.788235294117647,0.8815789473684211,0.8941176470588235
primary_44_SilentProbing_afp_Base,44,SilentProbing,afp,Base,85,70,1,414,15,0.968,0.9859154929577465,0.8235294117647058,0.8974358974358974,0.9105598866052445
primary_44_SilentProbing_afp_Base,44,SilentProbing,afp,Base,86,70,1,414,15,0.968,0.9859154929577465,0.8235294117647058,0.8974358974358974,0.9105598866052445
primary_44_SilentProbing_afp_Base,44,SilentProbing,afp,Base,87,64,0,415,21,0.958,1.0,0.7529411764705882,0.8590604026845637,0.8764705882352941
primary_44_SilentProbing_afp_Base,44,SilentProbing,afp,Base,88,64,0,415,21,0.958,1.0,0.7529411764705882,0.8590604026845637,0.8764705882352941
primary_44_SilentProbing_afp_Base,44,SilentProbing,afp,Base,89,72,0,415,13,0.974,1.0,0.8470588235294118,0.9171974522292993,0.9235294117647059
primary_44_SilentProbing_afp_Base,44,SilentProbing,afp,Base,90,70,0,415,15,0.97,1.0,0.8235294117647058,0.9032258064516129,0.9117647058823529
primary_44_SilentProbing_afp_Base,44,SilentProbing,afp,Base,91,67,0,415,18,0.964,1.0,0.788235294117647,0.8815789473684211,0.8941176470588235
primary_44_SilentProbing_afp_Base,44,SilentProbing,afp,Base,92,66,0,415,19,0.962,1.0,0.7764705882352941,0.8741721854304636,0.888235294117647
primary_44_SilentProbing_afp_Base,44,SilentProbing,afp,Base,93,71,0,415,14,0.972,1.0,0.8352941176470589,0.9102564102564102,0.9176470588235295
primary_44_SilentProbing_afp_Base,44,SilentProbing,afp,Base,94,70,0,415,15,0.97,1.0,0.8235294117647058,0.9032258064516129,0.9117647058823529
primary_44_SilentProbing_afp_Base,44,SilentProbing,afp,Base,95,71,0,415,14,0.972,1.0,0.8352941176470589,0.9102564102564102,0.9176470588235295
primary_44_SilentProbing_afp_Base,44,SilentProbing,afp,Base,96,64,0,415,21,0.958,1.0,0.7529411764705882,0.8590604026845637,0.8764705882352941
primary_44_SilentProbing_afp_Base,44,SilentProbing,afp,Base,97,64,0,415,21,0.958,1.0,0.7529411764705882,0.8590604026845637,0.8764705882352941
primary_44_SilentProbing_afp_Base,44,SilentProbing,afp,Base,98,72,0,415,13,0.974,1.0,0.8470588235294118,0.9171974522292993,0.9235294117647059
primary_44_SilentProbing_afp_Base,44,SilentProbing,afp,Base,99,65,0,415,20,0.96,1.0,0.7647058823529411,0.8666666666666666,0.8823529411764706
primary_44_SilentProbing_afp_Base,44,SilentProbing,afp,Base,100,74,0,415,11,0.978,1.0,0.8705882352941177,0.9308176100628931,0.9352941176470588
primary_44_SilentProbing_afp_Base,44,SilentProbing,afp,Base,101,68,0,415,17,0.966,1.0,0.8,0.888888888888889,0.9
primary_44_SilentProbing_afp_Base,44,SilentProbing,afp,Base,102,70,0,415,15,0.97,1.0,0.8235294117647058,0.9032258064516129,0.9117647058823529
primary_44_SilentProbing_afp_Base,44,SilentProbing,afp,Base,103,71,0,415,14,0.972,1.0,0.8352941176470589,0.9102564102564102,0.9176470588235295
primary_44_SilentProbing_afp_Base,44,SilentProbing,afp,Base,104,72,0,415,13,0.974,1.0,0.8470588235294118,0.9171974522292993,0.9235294117647059
primary_44_SilentProbing_afp_Base,44,SilentProbing,afp,Base,105,73,0,415,12,0.976,1.0,0.8588235294117647,0.9240506329113923,0.9294117647058824
primary_44_SilentProbing_afp_Base,44,SilentProbing,afp,Base,106,68,0,415,17,0.966,1.0,0.8,0.888888888888889,0.9
primary_44_SilentProbing_afp_Base,44,SilentProbing,afp,Base,107,64,0,415,21,0.958,1.0,0.7529411764705882,0.8590604026845637,0.8764705882352941
primary_44_SilentProbing_afp_Base,44,SilentProbing,afp,Base,108,71,0,415,14,0.972,1.0,0.8352941176470589,0.9102564102564102,0.9176470588235295
primary_44_SilentProbing_afp_Base,44,SilentProbing,afp,Base,109,64,0,415,21,0.958,1.0,0.7529411764705882,0.8590604026845637,0.8764705882352941
primary_44_SilentProbing_afp_Base,44,SilentProbing,afp,Base,110,65,0,415,20,0.96,1.0,0.7647058823529411,0.8666666666666666,0.8823529411764706
primary_44_SilentProbing_afp_Base,44,SilentProbing,afp,Base,111,73,0,415,12,0.976,1.0,0.8588235294117647,0.9240506329113923,0.9294117647058824
primary_44_SilentProbing_afp_Base,44,SilentProbing,afp,Base,112,70,0,415,15,0.97,1.0,0.8235294117647058,0.9032258064516129,0.9117647058823529
primary_44_SilentProbing_afp_Base,44,SilentProbing,afp,Base,113,69,0,415,16,0.968,1.0,0.8117647058823529,0.8961038961038961,0.9058823529411765
primary_44_SilentProbing_afp_Base,44,SilentProbing,afp,Base,114,64,0,415,21,0.958,1.0,0.7529411764705882,0.8590604026845637,0.8764705882352941
primary_44_SilentProbing_afp_Base,44,SilentProbing,afp,Base,115,67,0,415,18,0.964,1.0,0.788235294117647,0.8815789473684211,0.8941176470588235
primary_44_SilentProbing_afp_Base,44,SilentProbing,afp,Base,116,62,1,414,23,0.952,0.9841269841269841,0.7294117647058823,0.8378378378378377,0.8635010630758327
primary_44_SilentProbing_afp_Base,44,SilentProbing,afp,Base,117,69,0,415,16,0.968,1.0,0.8117647058823529,0.8961038961038961,0.9058823529411765
primary_44_SilentProbing_afp_Base,44,SilentProbing,afp,Base,118,73,0,415,12,0.976,1.0,0.8588235294117647,0.9240506329113923,0.9294117647058824
primary_44_SilentProbing_afp_Base,44,SilentProbing,afp,Base,119,71,0,415,14,0.972,1.0,0.8352941176470589,0.9102564102564102,0.9176470588235295
primary_44_SilentProbing_afp_Base,44,SilentProbing,afp,Base,120,77,0,415,8,0.984,1.0,0.9058823529411765,0.9506172839506173,0.9529411764705882
primary_44_SilentProbing_afp_Base,44,SilentProbing,afp,Base,121,68,0,415,17,0.966,1.0,0.8,0.888888888888889,0.9
primary_44_SilentProbing_afp_Base,44,SilentProbing,afp,Base,122,74,0,415,11,0.978,1.0,0.8705882352941177,0.9308176100628931,0.9352941176470588
primary_44_SilentProbing_afp_Base,44,SilentProbing,afp,Base,123,66,0,415,19,0.962,1.0,0.7764705882352941,0.8741721854304636,0.888235294117647
primary_44_SilentProbing_afp_Base,44,SilentProbing,afp,Base,124,64,0,415,21,0.958,1.0,0.7529411764705882,0.8590604026845637,0.8764705882352941
primary_44_SilentProbing_afp_Base,44,SilentProbing,afp,Base,125,70,0,415,15,0.97,1.0,0.8235294117647058,0.9032258064516129,0.9117647058823529
primary_44_SilentProbing_afp_Base,44,SilentProbing,afp,Base,126,74,0,415,11,0.978,1.0,0.8705882352941177,0.9308176100628931,0.9352941176470588
primary_44_SilentProbing_afp_Base,44,SilentProbing,afp,Base,127,63,0,415,22,0.956,1.0,0.7411764705882353,0.8513513513513514,0.8705882352941177
primary_44_SilentProbing_afp_Base,44,SilentProbing,afp,Base,128,71,0,415,14,0.972,1.0,0.8352941176470589,0.9102564102564102,0.9176470588235295
primary_44_SilentProbing_afp_Base,44,SilentProbing,afp,Base,129,67,0,415,18,0.964,1.0,0.788235294117647,0.8815789473684211,0.8941176470588235
primary_44_SilentProbing_afp_Base,44,SilentProbing,afp,Base,130,74,0,415,11,0.978,1.0,0.8705882352941177,0.9308176100628931,0.9352941176470588
primary_44_SilentProbing_afp_Base,44,SilentProbing,afp,Base,131,62,0,415,23,0.954,1.0,0.7294117647058823,0.8435374149659863,0.8647058823529412
primary_44_SilentProbing_afp_Base,44,SilentProbing,afp,Base,132,67,0,415,18,0.964,1.0,0.788235294117647,0.8815789473684211,0.8941176470588235
primary_44_SilentProbing_afp_Base,44,SilentProbing,afp,Base,133,68,0,415,17,0.966,1.0,0.8,0.888888888888889,0.9
primary_44_SilentProbing_afp_Base,44,SilentProbing,afp,Base,134,66,0,415,19,0.962,1.0,0.7764705882352941,0.8741721854304636,0.888235294117647
primary_44_SilentProbing_afp_Base,44,SilentProbing,afp,Base,135,67,0,415,18,0.964,1.0,0.788235294117647,0.8815789473684211,0.8941176470588235
primary_44_SilentProbing_afp_Base,44,SilentProbing,afp,Base,136,70,0,415,15,0.97,1.0,0.8235294117647058,0.9032258064516129,0.9117647058823529
primary_44_SilentProbing_afp_Base,44,SilentProbing,afp,Base,137,70,0,415,15,0.97,1.0,0.8235294117647058,0.9032258064516129,0.9117647058823529
primary_44_SilentProbing_afp_Base,44,SilentProbing,afp,Base,138,71,0,415,14,0.972,1.0,0.8352941176470589,0.9102564102564102,0.9176470588235295
primary_44_SilentProbing_afp_Base,44,SilentProbing,afp,Base,139,68,0,415,17,0.966,1.0,0.8,0.888888888888889,0.9
primary_44_SilentProbing_afp_Base,44,SilentProbing,afp,Base,140,70,0,415,15,0.97,1.0,0.8235294117647058,0.9032258064516129,0.9117647058823529
primary_44_SilentProbing_afp_Base,44,SilentProbing,afp,Base,141,69,0,415,16,0.968,1.0,0.8117647058823529,0.8961038961038961,0.9058823529411765
primary_44_SilentProbing_afp_Base,44,SilentProbing,afp,Base,142,65,0,415,20,0.96,1.0,0.7647058823529411,0.8666666666666666,0.8823529411764706
primary_44_SilentProbing_afp_Base,44,SilentProbing,afp,Base,143,73,0,415,12,0.976,1.0,0.8588235294117647,0.9240506329113923,0.9294117647058824
primary_44_SilentProbing_afp_C1,44,SilentProbing,afp,C1,0,71,0,414,15,0.97,1.0,0.8255813953488372,0.9044585987261146,0.9127906976744187
primary_44_SilentProbing_afp_C1,44,SilentProbing,afp,C1,1,71,0,414,15,0.97,1.0,0.8255813953488372,0.9044585987261146,0.9127906976744187
primary_44_SilentProbing_afp_C1,44,SilentProbing,afp,C1,2,81,2,412,5,0.986,0.9759036144578314,0.9418604651162791,0.9585798816568047,0.9685147736209414
primary_44_SilentProbing_afp_C1,44,SilentProbing,afp,C1,3,74,0,414,12,0.976,1.0,0.8604651162790697,0.9249999999999999,0.9302325581395349
primary_44_SilentProbing_afp_C1,44,SilentProbing,afp,C1,4,83,0,414,3,0.994,1.0,0.9651162790697675,0.9822485207100593,0.9825581395348837
primary_44_SilentProbing_afp_C1,44,SilentProbing,afp,C1,5,80,0,414,6,0.988,1.0,0.9302325581395349,0.963855421686747,0.9651162790697674
primary_44_SilentProbing_afp_C1,44,SilentProbing,afp,C1,6,78,0,414,8,0.984,1.0,0.9069767441860465,0.951219512195122,0.9534883720930232
primary_44_SilentProbing_afp_C1,44,SilentProbing,afp,C1,7,77,0,414,9,0.982,1.0,0.8953488372093024,0.9447852760736196,0.9476744186046512
primary_44_SilentProbing_afp_C1,44,SilentProbing,afp,C1,8,79,0,414,7,0.986,1.0,0.9186046511627907,0.9575757575757576,0.9593023255813953
primary_44_SilentProbing_afp_C1,44,SilentProbing,afp,C1,9,83,0,414,3,0.994,1.0,0.9651162790697675,0.9822485207100593,0.9825581395348837
primary_44_SilentProbing_afp_C1,44,SilentProbing,afp,C1,10,79,1,413,7,0.984,0.9875,0.9186046511627907,0.9518072289156626,0.9580945961127962
primary_44_SilentProbing_afp_C1,44,SilentProbing,afp,C1,11,80,0,414,6,0.988,1.0,0.9302325581395349,0.963855421686747,0.9651162790697674
primary_44_SilentProbing_afp_C1,44,SilentProbing,afp,C1,12,83,0,414,3,0.994,1.0,0.9651162790697675,0.9822485207100593,0.9825581395348837
primary_44_SilentProbing_afp_C1,44,SilentProbing,afp,C1,13,82,0,414,4,0.992,1.0,0.9534883720930233,0.9761904761904763,0.9767441860465116
primary_44_SilentProbing_afp_C1,44,SilentProbing,afp,C1,14,83,0,414,3,0.994,1.0,0.9651162790697675,0.9822485207100593,0.9825581395348837
primary_44_SilentProbing_afp_C1,44,SilentProbing,afp,C1,15,82,0,414,4,0.992,1.0,0.9534883720930233,0.9761904761904763,0.9767441860465116
primary_44_SilentProbing_afp_C1,44,SilentProbing,afp,C1,16,78,0,414,8,0.984,1.0,0.9069767441860465,0.951219512195122,0.9534883720930232
primary_44_SilentProbing_afp_C1,44,SilentProbing,afp,C1,17,83,0,415,2,0.996,1.0,0.9764705882352941,0.988095238095238,0.9882352941176471
primary_44_SilentProbing_afp_C1,44,SilentProbing,afp,C1,18,79,0,415,6,0.988,1.0,0.9294117647058824,0.9634146341463414,0.9647058823529412
primary_44_SilentProbing_afp_C1,44,SilentProbing,afp,C1,19,84,0,415,1,0.998,1.0,0.9882352941176471,0.9940828402366864,0.9941176470588236
primary_44_SilentProbing_afp_C1,44,SilentProbing,afp,C1,20,74,0,415,11,0.978,1.0,0.8705882352941177,0.9308176100628931,0.9352941176470588
primary_44_SilentProbing_afp_C1,44,SilentProbing,afp,C1,21,76,1,414,9,0.98,0.987012987012987,0.8941176470588236,0.9382716049382716,0.9458540042523034
primary_44_SilentProbing_afp_C1,44,SilentProbing,afp,C1,22,77,0,415,8,0.984,1.0,0.9058823529411765,0.9506172839506173,0.9529411764705882
primary_44_SilentProbing_afp_C1,44,SilentProbing,afp,C1,23,81,0,415,4,0.992,1.0,0.9529411764705882,0.9759036144578312,0.9764705882352941
primary_44_SilentProbing_afp_C1,44,SilentProbing,afp,C1,24,80,0,415,5,0.99,1.0,0.9411764705882353,0.9696969696969697,0.9705882352941176
primary_44_SilentProbing_afp_C1,44,SilentProbing,afp,C1,25,77,0,415,8,0.984,1.0,0.9058823529411765,0.9506172839506173,0.9529411764705882
primary_44_SilentProbing_afp_C1,44,SilentProbing,afp,C1,26,77,0,415,8,0.984,1.0,0.9058823529411765,0.9506172839506173,0.9529411764705882
primary_44_SilentProbing_afp_C1,44,SilentProbing,afp,C1,27,77,0,415,8,0.984,1.0,0.9058823529411765,0.9506172839506173,0.9529411764705882
primary_44_SilentProbing_afp_C1,44,SilentProbing,afp,C1,28,79,0,415,6,0.988,1.0,0.9294117647058824,0.9634146341463414,0.9647058823529412
primary_44_SilentProbing_afp_C1,44,SilentProbing,afp,C1,29,79,0,415,6,0.988,1.0,0.9294117647058824,0.9634146341463414,0.9647058823529412
primary_44_SilentProbing_afp_C1,44,SilentProbing,afp,C1,30,79,0,415,6,0.988,1.0,0.9294117647058824,0.9634146341463414,0.9647058823529412
primary_44_SilentProbing_afp_C1,44,SilentProbing,afp,C1,31,78,0,415,7,0.986,1.0,0.9176470588235294,0.9570552147239264,0.9588235294117646
primary_44_SilentProbing_afp_C1,44,SilentProbing,afp,C1,32,80,0,415,5,0.99,1.0,0.9411764705882353,0.9696969696969697,0.9705882352941176
primary_44_SilentProbing_afp_C1,44,SilentProbing,afp,C1,33,81,0,415,4,0.992,1.0,0.9529411764705882,0.9759036144578312,0.9764705882352941
primary_44_SilentProbing_afp_C1,44,SilentProbing,afp,C1,34,79,1,414,6,0.986,0.9875,0.9294117647058824,0.9575757575757576,0.9635010630758327
primary_44_SilentProbing_afp_C1,44,SilentProbing,afp,C1,35,75,0,415,10,0.98,1.0,0.8823529411764706,0.9375,0.9411764705882353
primary_44_SilentProbing_afp_C1,44,SilentProbing,afp,C1,36,80,0,415,5,0.99,1.0,0.9411764705882353,0.9696969696969697,0.9705882352941176
primary_44_SilentProbing_afp_C1,44,SilentProbing,afp,C1,37,81,1,414,4,0.99,0.9878048780487805,0.9529411764705882,0.9700598802395209,0.9752657689581856
primary_44_SilentProbing_afp_C1,44,SilentProbing,afp,C1,38,81,0,415,4,0.992,1.0,0.9529411764705882,0.9759036144578312,0.9764705882352941
primary_44_SilentProbing_afp_C1,44,SilentProbing,afp,C1,39,81,0,415,4,0.992,1.0,0.9529411764705882,0.9759036144578312,0.9764705882352941
primary_44_SilentProbing_afp_C1,44,SilentProbing,afp,C1,40,82,0,415,3,0.994,1.0,0.9647058823529412,0.9820359281437125,0.9823529411764707
primary_44_SilentProbing_afp_C1,44,SilentProbing,afp,C1,41,82,0,415,3,0.994,1.0,0.9647058823529412,0.9820359281437125,0.9823529411764707
primary_44_SilentProbing_afp_C1,44,SilentProbing,afp,C1,42,81,0,415,4,0.992,1.0,0.9529411764705882,0.9759036144578312,0.9764705882352941
primary_44_SilentProbing_afp_C1,44,SilentProbing,afp,C1,43,78,1,414,7,0.984,0.9873417721518988,0.9176470588235294,0.9512195121951219,0.9576187101346563
primary_44_SilentProbing_afp_C1,44,SilentProbing,afp,C1,44,79,0,415,6,0.988,1.0,0.9294117647058824,0.9634146341463414,0.9647058823529412
primary_44_SilentProbing_afp_C1,44,SilentProbing,afp,C1,45,81,0,415,4,0.992,1.0,0.9529411764705882,0.9759036144578312,0.9764705882352941
primary_44_SilentProbing_afp_C1,44,SilentProbing,afp,C1,46,81,1,414,4,0.99,0.9878048780487805,0.9529411764705882,0.9700598802395209,0.9752657689581856
primary_44_SilentProbing_afp_C1,44,SilentProbing,afp,C1,47,76,0,415,9,0.982,1.0,0.8941176470588236,0.9440993788819877,0.9470588235294117
primary_44_SilentProbing_afp_C1,44,SilentProbing,afp,C1,48,81,0,415,4,0.992,1.0,0.9529411764705882,0.9759036144578312,0.9764705882352941
primary_44_SilentProbing_afp_C1,44,SilentProbing,afp,C1,49,77,0,415,8,0.984,1.0,0.9058823529411765,0.9506172839506173,0.9529411764705882
primary_44_SilentProbing_afp_C1,44,SilentProbing,afp,C1,50,81,0,415,4,0.992,1.0,0.9529411764705882,0.9759036144578312,0.9764705882352941
primary_44_SilentProbing_afp_C1,44,SilentProbing,afp,C1,51,80,2,413,5,0.986,0.975609756097561,0.9411764705882353,0.9580838323353293,0.9681785967399008
primary_44_SilentProbing_afp_C1,44,SilentProbing,afp,C1,52,80,0,415,5,0.99,1.0,0.9411764705882353,0.9696969696969697,0.9705882352941176
primary_44_SilentProbing_afp_C1,44,SilentProbing,afp,C1,53,77,1,414,8,0.982,0.9871794871794872,0.9058823529411765,0.9447852760736197,0.9517363571934798
primary_44_SilentProbing_afp_C1,44,SilentProbing,afp,C1,54,82,0,415,3,0.994,1.0,0.9647058823529412,0.9820359281437125,0.9823529411764707
primary_44_SilentProbing_afp_C1,44,SilentProbing,afp,C1,55,78,0,415,7,0.986,1.0,0.9176470588235294,0.9570552147239264,0.9588235294117646
primary_44_SilentProbing_afp_C1,44,SilentProbing,afp,C1,56,78,0,415,7,0.986,1.0,0.9176470588235294,0.9570552147239264,0.9588235294117646
primary_44_SilentProbing_afp_C1,44,SilentProbing,afp,C1,57,81,1,414,4,0.99,0.9878048780487805,0.9529411764705882,0.9700598802395209,0.9752657689581856
primary_44_SilentProbing_afp_C1,44,SilentProbing,afp,C1,58,82,2,413,3,0.99,0.9761904761904762,0.9647058823529412,0.9704142011834319,0.9799433026222537
primary_44_SilentProbing_afp_C1,44,SilentProbing,afp,C1,59,78,0,415,7,0.986,1.0,0.9176470588235294,0.9570552147239264,0.9588235294117646
primary_44_SilentProbing_afp_C1,44,SilentProbing,afp,C1,60,81,0,415,4,0.992,1.0,0.9529411764705882,0.9759036144578312,0.9764705882352941
primary_44_SilentProbing_afp_C1,44,SilentProbing,afp,C1,61,78,0,415,7,0.986,1.0,0.9176470588235294,0.9570552147239264,0.9588235294117646
primary_44_SilentProbing_afp_C1,44,SilentProbing,afp,C1,62,81,0,415,4,0.992,1.0,0.9529411764705882,0.9759036144578312,0.9764705882352941
primary_44_SilentProbing_afp_C1,44,SilentProbing,afp,C1,63,77,0,415,8,0.984,1.0,0.9058823529411765,0.9506172839506173,0.9529411764705882
primary_44_SilentProbing_afp_C1,44,SilentProbing,afp,C1,64,77,0,415,8,0.984,1.0,0.9058823529411765,0.9506172839506173,0.9529411764705882
primary_44_SilentProbing_afp_C1,44,SilentProbing,afp,C1,65,78,0,415,7,0.986,1.0,0.9176470588235294,0.9570552147239264,0.9588235294117646
primary_44_SilentProbing_afp_C1,44,SilentProbing,afp,C1,66,80,0,415,5,0.99,1.0,0.9411764705882353,0.9696969696969697,0.9705882352941176
primary_44_SilentProbing_afp_C1,44,SilentProbing,afp,C1,67,81,0,415,4,0.992,1.0,0.9529411764705882,0.9759036144578312,0.9764705882352941
primary_44_SilentProbing_afp_C1,44,SilentProbing,afp,C1,68,79,0,415,6,0.988,1.0,0.9294117647058824,0.9634146341463414,0.9647058823529412
primary_44_SilentProbing_afp_C1,44,SilentProbing,afp,C1,69,79,2,413,6,0.984,0.9753086419753086,0.9294117647058824,0.9518072289156626,0.9622962437987244
primary_44_SilentProbing_afp_C1,44,SilentProbing,afp,C1,70,82,0,415,3,0.994,1.0,0.9647058823529412,0.9820359281437125,0.9823529411764707
primary_44_SilentProbing_afp_C1,44,SilentProbing,afp,C1,71,77,0,415,8,0.984,1.0,0.9058823529411765,0.9506172839506173,0.9529411764705882
primary_44_SilentProbing_afp_C1,44,SilentProbing,afp,C1,72,78,0,415,7,0.986,1.0,0.9176470588235294,0.9570552147239264,0.9588235294117646
primary_44_SilentProbing_afp_C1,44,SilentProbing,afp,C1,73,77,0,415,8,0.984,1.0,0.9058823529411765,0.9506172839506173,0.9529411764705882
primary_44_SilentProbing_afp_C1,44,SilentProbing,afp,C1,74,82,0,415,3,0.994,1.0,0.9647058823529412,0.9820359281437125,0.9823529411764707
primary_44_SilentProbing_afp_C1,44,SilentProbing,afp,C1,75,78,0,415,7,0.986,1.0,0.9176470588235294,0.9570552147239264,0.9588235294117646
primary_44_SilentProbing_afp_C1,44,SilentProbing,afp,C1,76,82,1,414,3,0.992,0.9879518072289156,0.9647058823529412,0.9761904761904762,0.9811481218993622
primary_44_SilentProbing_afp_C1,44,SilentProbing,afp,C1,77,80,0,415,5,0.99,1.0,0.9411764705882353,0.9696969696969697,0.9705882352941176
primary_44_SilentProbing_afp_C1,44,SilentProbing,afp,C1,78,83,0,415,2,0.996,1.0,0.9764705882352941,0.988095238095238,0.9882352941176471
primary_44_SilentProbing_afp_C1,44,SilentProbing,afp,C1,79,81,0,415,4,0.992,1.0,0.9529411764705882,0.9759036144578312,0.9764705882352941
primary_44_SilentProbing_afp_C1,44,SilentProbing,afp,C1,80,79,0,415,6,0.988,1.0,0.9294117647058824,0.9634146341463414,0.9647058823529412
primary_44_SilentProbing_afp_C1,44,SilentProbing,afp,C1,81,76,0,415,9,0.982,1.0,0.8941176470588236,0.9440993788819877,0.9470588235294117
primary_44_SilentProbing_afp_C1,44,SilentProbing,afp,C1,82,80,1,414,5,0.988,0.9876543209876543,0.9411764705882353,0.963855421686747,0.9693834160170092
primary_44_SilentProbing_afp_C1,44,SilentProbing,afp,C1,83,78,0,415,7,0.986,1.0,0.9176470588235294,0.9570552147239264,0.9588235294117646
primary_44_SilentProbing_afp_C1,44,SilentProbing,afp,C1,84,79,0,415,6,0.988,1.0,0.9294117647058824,0.9634146341463414,0.9647058823529412
primary_44_SilentProbing_afp_C1,44,SilentProbing,afp,C1,85,82,1,414,3,0.992,0.9879518072289156,0.9647058823529412,0.9761904761904762,0.9811481218993622
primary_44_SilentProbing_afp_C1,44,SilentProbing,afp,C1,86,76,2,413,9,0.978,0.9743589743589743,0.8941176470588236,0.9325153374233129,0.9446491849751949
primary_44_SilentProbing_afp_C1,44,SilentProbing,afp,C1,87,78,0,415,7,0.986,1.0,0.9176470588235294,0.9570552147239264,0.9588235294117646
primary_44_SilentProbing_afp_C1,44,SilentProbing,afp,C1,88,81,0,415,4,0.992,1.0,0.9529411764705882,0.9759036144578312,0.9764705882352941
primary_44_SilentProbing_afp_C1,44,SilentProbing,afp,C1,89,79,1,414,6,0.986,0.9875,0.9294117647058824,0.9575757575757576,0.9635010630758327
primary_44_SilentProbing_afp_C1,44,SilentProbing,afp,C1,90,82,1,414,3,0.992,0.9879518072289156,0.9647058823529412,0.9761904761904762,0.9811481218993622
primary_44_SilentProbing_afp_C1,44,SilentProbing,afp,C1,91,80,2,413,5,0.986,0.975609756097561,0.9411764705882353,0.9580838323353293,0.9681785967399008
primary_44_SilentProbing_afp_C1,44,SilentProbing,afp,C1,92,80,0,415,5,0.99,1.0,0.9411764705882353,0.9696969696969697,0.9705882352941176
primary_44_SilentProbing_afp_C1,44,SilentProbing,afp,C1,93,79,0,415,6,0.988,1.0,0.9294117647058824,0.9634146341463414,0.9647058823529412
primary_44_SilentProbing_afp_C1,44,SilentProbing,afp,C1,94,82,0,415,3,0.994,1.0,0.9647058823529412,0.9820359281437125,0.9823529411764707
primary_44_SilentProbing_afp_C1,44,SilentProbing,afp,C1,95,81,1,414,4,0.99,0.9878048780487805,0.9529411764705882,0.9700598802395209,0.9752657689581856
primary_44_SilentProbing_afp_C1,44,SilentProbing,afp,C1,96,84,0,415,1,0.998,1.0,0.9882352941176471,0.9940828402366864,0.9941176470588236
primary_44_SilentProbing_afp_C1,44,SilentProbing,afp,C1,97,76,1,414,9,0.98,0.987012987012987,0.8941176470588236,0.9382716049382716,0.9458540042523034
primary_44_SilentProbing_afp_C1,44,SilentProbing,afp,C1,98,80,0,415,5,0.99,1.0,0.9411764705882353,0.9696969696969697,0.9705882352941176
primary_44_SilentProbing_afp_C1,44,SilentProbing,afp,C1,99,82,1,414,3,0.992,0.9879518072289156,0.9647058823529412,0.9761904761904762,0.9811481218993622
primary_44_SilentProbing_afp_C1,44,SilentProbing,afp,C1,100,81,1,414,4,0.99,0.9878048780487805,0.9529411764705882,0.9700598802395209,0.9752657689581856
primary_44_SilentProbing_afp_C1,44,SilentProbing,afp,C1,101,81,0,415,4,0.992,1.0,0.9529411764705882,0.9759036144578312,0.9764705882352941
primary_44_SilentProbing_afp_C1,44,SilentProbing,afp,C1,102,82,0,415,3,0.994,1.0,0.9647058823529412,0.9820359281437125,0.9823529411764707
primary_44_SilentProbing_afp_C1,44,SilentProbing,afp,C1,103,81,0,415,4,0.992,1.0,0.9529411764705882,0.9759036144578312,0.9764705882352941
primary_44_SilentProbing_afp_C1,44,SilentProbing,afp,C1,104,82,0,415,3,0.994,1.0,0.9647058823529412,0.9820359281437125,0.9823529411764707
primary_44_SilentProbing_afp_C1,44,SilentProbing,afp,C1,105,82,0,415,3,0.994,1.0,0.9647058823529412,0.9820359281437125,0.9823529411764707
primary_44_SilentProbing_afp_C1,44,SilentProbing,afp,C1,106,79,0,415,6,0.988,1.0,0.9294117647058824,0.9634146341463414,0.9647058823529412
primary_44_SilentProbing_afp_C1,44,SilentProbing,afp,C1,107,79,0,415,6,0.988,1.0,0.9294117647058824,0.9634146341463414,0.9647058823529412
primary_44_SilentProbing_afp_C1,44,SilentProbing,afp,C1,108,81,0,415,4,0.992,1.0,0.9529411764705882,0.9759036144578312,0.9764705882352941
primary_44_SilentProbing_afp_C1,44,SilentProbing,afp,C1,109,78,0,415,7,0.986,1.0,0.9176470588235294,0.9570552147239264,0.9588235294117646
primary_44_SilentProbing_afp_C1,44,SilentProbing,afp,C1,110,78,1,414,7,0.984,0.9873417721518988,0.9176470588235294,0.9512195121951219,0.9576187101346563
primary_44_SilentProbing_afp_C1,44,SilentProbing,afp,C1,111,84,1,414,1,0.996,0.9882352941176471,0.9882352941176471,0.9882352941176471,0.9929128277817152
primary_44_SilentProbing_afp_C1,44,SilentProbing,afp,C1,112,81,1,414,4,0.99,0.9878048780487805,0.9529411764705882,0.9700598802395209,0.9752657689581856
primary_44_SilentProbing_afp_C1,44,SilentProbing,afp,C1,113,79,1,414,6,0.986,0.9875,0.9294117647058824,0.9575757575757576,0.9635010630758327
primary_44_SilentProbing_afp_C1,44,SilentProbing,afp,C1,114,80,0,415,5,0.99,1.0,0.9411764705882353,0.9696969696969697,0.9705882352941176
primary_44_SilentProbing_afp_C1,44,SilentProbing,afp,C1,115,78,0,415,7,0.986,1.0,0.9176470588235294,0.9570552147239264,0.9588235294117646
primary_44_SilentProbing_afp_C1,44,SilentProbing,afp,C1,116,78,1,414,7,0.984,0.9873417721518988,0.9176470588235294,0.9512195121951219,0.9576187101346563
primary_44_SilentProbing_afp_C1,44,SilentProbing,afp,C1,117,80,0,415,5,0.99,1.0,0.9411764705882353,0.9696969696969697,0.9705882352941176
primary_44_SilentProbing_afp_C1,44,SilentProbing,afp,C1,118,79,1,414,6,0.986,0.9875,0.9294117647058824,0.9575757575757576,0.9635010630758327
primary_44_SilentProbing_afp_C1,44,SilentProbing,afp,C1,119,80,0,415,5,0.99,1.0,0.9411764705882353,0.9696969696969697,0.9705882352941176
primary_44_SilentProbing_afp_C1,44,SilentProbing,afp,C1,120,82,0,415,3,0.994,1.0,0.9647058823529412,0.9820359281437125,0.9823529411764707
primary_44_SilentProbing_afp_C1,44,SilentProbing,afp,C1,121,81,0,415,4,0.992,1.0,0.9529411764705882,0.9759036144578312,0.9764705882352941
primary_44_SilentProbing_afp_C1,44,SilentProbing,afp,C1,122,80,0,415,5,0.99,1.0,0.9411764705882353,0.9696969696969697,0.9705882352941176
primary_44_SilentProbing_afp_C1,44,SilentProbing,afp,C1,123,76,0,415,9,0.982,1.0,0.8941176470588236,0.9440993788819877,0.9470588235294117
primary_44_SilentProbing_afp_C1,44,SilentProbing,afp,C1,124,80,1,414,5,0.988,0.9876543209876543,0.9411764705882353,0.963855421686747,0.9693834160170092
primary_44_SilentProbing_afp_C1,44,SilentProbing,afp,C1,125,82,2,413,3,0.99,0.9761904761904762,0.9647058823529412,0.9704142011834319,0.9799433026222537
primary_44_SilentProbing_afp_C1,44,SilentProbing,afp,C1,126,83,0,415,2,0.996,1.0,0.9764705882352941,0.988095238095238,0.9882352941176471
primary_44_SilentProbing_afp_C1,44,SilentProbing,afp,C1,127,77,0,415,8,0.984,1.0,0.9058823529411765,0.9506172839506173,0.9529411764705882
primary_44_SilentProbing_afp_C1,44,SilentProbing,afp,C1,128,83,0,415,2,0.996,1.0,0.9764705882352941,0.988095238095238,0.9882352941176471
primary_44_SilentProbing_afp_C1,44,SilentProbing,afp,C1,129,79,0,415,6,0.988,1.0,0.9294117647058824,0.9634146341463414,0.9647058823529412
primary_44_SilentProbing_afp_C1,44,SilentProbing,afp,C1,130,83,0,415,2,0.996,1.0,0.9764705882352941,0.988095238095238,0.9882352941176471
primary_44_SilentProbing_afp_C1,44,SilentProbing,afp,C1,131,80,1,414,5,0.988,0.9876543209876543,0.9411764705882353,0.963855421686747,0.9693834160170092
primary_44_SilentProbing_afp_C1,44,SilentProbing,afp,C1,132,78,0,415,7,0.986,1.0,0.9176470588235294,0.9570552147239264,0.9588235294117646
primary_44_SilentProbing_afp_C1,44,SilentProbing,afp,C1,133,81,1,414,4,0.99,0.9878048780487805,0.9529411764705882,0.9700598802395209,0.9752657689581856
primary_44_SilentProbing_afp_C1,44,SilentProbing,afp,C1,134,78,0,415,7,0.986,1.0,0.9176470588235294,0.9570552147239264,0.9588235294117646
primary_44_SilentProbing_afp_C1,44,SilentProbing,afp,C1,135,83,0,415,2,0.996,1.0,0.9764705882352941,0.988095238095238,0.9882352941176471
primary_44_SilentProbing_afp_C1,44,SilentProbing,afp,C1,136,82,0,415,3,0.994,1.0,0.9647058823529412,0.9820359281437125,0.9823529411764707
primary_44_SilentProbing_afp_C1,44,SilentProbing,afp,C1,137,79,2,413,6,0.984,0.9753086419753086,0.9294117647058824,0.9518072289156626,0.9622962437987244
primary_44_SilentProbing_afp_C1,44,SilentProbing,afp,C1,138,82,0,415,3,0.994,1.0,0.9647058823529412,0.9820359281437125,0.9823529411764707
primary_44_SilentProbing_afp_C1,44,SilentProbing,afp,C1,139,78,1,414,7,0.984,0.9873417721518988,0.9176470588235294,0.9512195121951219,0.9576187101346563
primary_44_SilentProbing_afp_C1,44,SilentProbing,afp,C1,140,79,0,415,6,0.988,1.0,0.9294117647058824,0.9634146341463414,0.9647058823529412
primary_44_SilentProbing_afp_C1,44,SilentProbing,afp,C1,141,78,0,415,7,0.986,1.0,0.9176470588235294,0.9570552147239264,0.9588235294117646
primary_44_SilentProbing_afp_C1,44,SilentProbing,afp,C1,142,84,0,415,1,0.998,1.0,0.9882352941176471,0.9940828402366864,0.9941176470588236
primary_44_SilentProbing_afp_C1,44,SilentProbing,afp,C1,143,81,0,415,4,0.992,1.0,0.9529411764705882,0.9759036144578312,0.9764705882352941
primary_44_SilentProbing_feature_squeezing_Base,44,SilentProbing,feature_squeezing,Base,0,80,0,414,6,0.988,1.0,0.9302325581395349,0.963855421686747,0.9651162790697674
primary_44_SilentProbing_feature_squeezing_Base,44,SilentProbing,feature_squeezing,Base,1,78,0,414,8,0.984,1.0,0.9069767441860465,0.951219512195122,0.9534883720930232
primary_44_SilentProbing_feature_squeezing_Base,44,SilentProbing,feature_squeezing,Base,2,82,1,413,4,0.99,0.9879518072289156,0.9534883720930233,0.9704142011834319,0.9755364565779125
primary_44_SilentProbing_feature_squeezing_Base,44,SilentProbing,feature_squeezing,Base,3,83,0,414,3,0.994,1.0,0.9651162790697675,0.9822485207100593,0.9825581395348837
primary_44_SilentProbing_feature_squeezing_Base,44,SilentProbing,feature_squeezing,Base,4,84,0,414,2,0.996,1.0,0.9767441860465116,0.988235294117647,0.9883720930232558
primary_44_SilentProbing_feature_squeezing_Base,44,SilentProbing,feature_squeezing,Base,5,82,1,413,4,0.99,0.9879518072289156,0.9534883720930233,0.9704142011834319,0.9755364565779125
primary_44_SilentProbing_feature_squeezing_Base,44,SilentProbing,feature_squeezing,Base,6,81,0,414,5,0.99,1.0,0.9418604651162791,0.970059880239521,0.9709302325581395
primary_44_SilentProbing_feature_squeezing_Base,44,SilentProbing,feature_squeezing,Base,7,79,0,414,7,0.986,1.0,0.9186046511627907,0.9575757575757576,0.9593023255813953
primary_44_SilentProbing_feature_squeezing_Base,44,SilentProbing,feature_squeezing,Base,8,80,0,414,6,0.988,1.0,0.9302325581395349,0.963855421686747,0.9651162790697674
primary_44_SilentProbing_feature_squeezing_Base,44,SilentProbing,feature_squeezing,Base,9,84,0,414,2,0.996,1.0,0.9767441860465116,0.988235294117647,0.9883720930232558
primary_44_SilentProbing_feature_squeezing_Base,44,SilentProbing,feature_squeezing,Base,10,81,0,414,5,0.99,1.0,0.9418604651162791,0.970059880239521,0.9709302325581395
primary_44_SilentProbing_feature_squeezing_Base,44,SilentProbing,feature_squeezing,Base,11,80,0,414,6,0.988,1.0,0.9302325581395349,0.963855421686747,0.9651162790697674
primary_44_SilentProbing_feature_squeezing_Base,44,SilentProbing,feature_squeezing,Base,12,83,0,414,3,0.994,1.0,0.9651162790697675,0.9822485207100593,0.9825581395348837
primary_44_SilentProbing_feature_squeezing_Base,44,SilentProbing,feature_squeezing,Base,13,83,0,414,3,0.994,1.0,0.9651162790697675,0.9822485207100593,0.9825581395348837
primary_44_SilentProbing_feature_squeezing_Base,44,SilentProbing,feature_squeezing,Base,14,83,1,413,3,0.992,0.9880952380952381,0.9651162790697675,0.9764705882352942,0.9813504100662847
primary_44_SilentProbing_feature_squeezing_Base,44,SilentProbing,feature_squeezing,Base,15,81,0,414,5,0.99,1.0,0.9418604651162791,0.970059880239521,0.9709302325581395
primary_44_SilentProbing_feature_squeezing_Base,44,SilentProbing,feature_squeezing,Base,16,78,0,414,8,0.984,1.0,0.9069767441860465,0.951219512195122,0.9534883720930232
primary_44_SilentProbing_feature_squeezing_Base,44,SilentProbing,feature_squeezing,Base,17,84,0,415,1,0.998,1.0,0.9882352941176471,0.9940828402366864,0.9941176470588236
primary_44_SilentProbing_feature_squeezing_Base,44,SilentProbing,feature_squeezing,Base,18,80,0,415,5,0.99,1.0,0.9411764705882353,0.9696969696969697,0.9705882352941176
primary_44_SilentProbing_feature_squeezing_Base,44,SilentProbing,feature_squeezing,Base,19,83,0,415,2,0.996,1.0,0.9764705882352941,0.988095238095238,0.9882352941176471
primary_44_SilentProbing_feature_squeezing_Base,44,SilentProbing,feature_squeezing,Base,20,74,0,415,11,0.978,1.0,0.8705882352941177,0.9308176100628931,0.9352941176470588
primary_44_SilentProbing_feature_squeezing_Base,44,SilentProbing,feature_squeezing,Base,21,75,0,415,10,0.98,1.0,0.8823529411764706,0.9375,0.9411764705882353
primary_44_SilentProbing_feature_squeezing_Base,44,SilentProbing,feature_squeezing,Base,22,76,0,415,9,0.982,1.0,0.8941176470588236,0.9440993788819877,0.9470588235294117
primary_44_SilentProbing_feature_squeezing_Base,44,SilentProbing,feature_squeezing,Base,23,81,0,415,4,0.992,1.0,0.9529411764705882,0.9759036144578312,0.9764705882352941
primary_44_SilentProbing_feature_squeezing_Base,44,SilentProbing,feature_squeezing,Base,24,80,0,415,5,0.99,1.0,0.9411764705882353,0.9696969696969697,0.9705882352941176
primary_44_SilentProbing_feature_squeezing_Base,44,SilentProbing,feature_squeezing,Base,25,77,0,415,8,0.984,1.0,0.9058823529411765,0.9506172839506173,0.9529411764705882
primary_44_SilentProbing_feature_squeezing_Base,44,SilentProbing,feature_squeezing,Base,26,76,0,415,9,0.982,1.0,0.8941176470588236,0.9440993788819877,0.9470588235294117
primary_44_SilentProbing_feature_squeezing_Base,44,SilentProbing,feature_squeezing,Base,27,76,0,415,9,0.982,1.0,0.8941176470588236,0.9440993788819877,0.9470588235294117
primary_44_SilentProbing_feature_squeezing_Base,44,SilentProbing,feature_squeezing,Base,28,79,0,415,6,0.988,1.0,0.9294117647058824,0.9634146341463414,0.9647058823529412
primary_44_SilentProbing_feature_squeezing_Base,44,SilentProbing,feature_squeezing,Base,29,80,0,415,5,0.99,1.0,0.9411764705882353,0.9696969696969697,0.9705882352941176
primary_44_SilentProbing_feature_squeezing_Base,44,SilentProbing,feature_squeezing,Base,30,79,0,415,6,0.988,1.0,0.9294117647058824,0.9634146341463414,0.9647058823529412
primary_44_SilentProbing_feature_squeezing_Base,44,SilentProbing,feature_squeezing,Base,31,77,0,415,8,0.984,1.0,0.9058823529411765,0.9506172839506173,0.9529411764705882
primary_44_SilentProbing_feature_squeezing_Base,44,SilentProbing,feature_squeezing,Base,32,78,0,415,7,0.986,1.0,0.9176470588235294,0.9570552147239264,0.9588235294117646
primary_44_SilentProbing_feature_squeezing_Base,44,SilentProbing,feature_squeezing,Base,33,81,0,415,4,0.992,1.0,0.9529411764705882,0.9759036144578312,0.9764705882352941
primary_44_SilentProbing_feature_squeezing_Base,44,SilentProbing,feature_squeezing,Base,34,78,1,414,7,0.984,0.9873417721518988,0.9176470588235294,0.9512195121951219,0.9576187101346563
primary_44_SilentProbing_feature_squeezing_Base,44,SilentProbing,feature_squeezing,Base,35,74,0,415,11,0.978,1.0,0.8705882352941177,0.9308176100628931,0.9352941176470588
primary_44_SilentProbing_feature_squeezing_Base,44,SilentProbing,feature_squeezing,Base,36,79,0,415,6,0.988,1.0,0.9294117647058824,0.9634146341463414,0.9647058823529412
primary_44_SilentProbing_feature_squeezing_Base,44,SilentProbing,feature_squeezing,Base,37,80,1,414,5,0.988,0.9876543209876543,0.9411764705882353,0.963855421686747,0.9693834160170092
primary_44_SilentProbing_feature_squeezing_Base,44,SilentProbing,feature_squeezing,Base,38,81,0,415,4,0.992,1.0,0.9529411764705882,0.9759036144578312,0.9764705882352941
primary_44_SilentProbing_feature_squeezing_Base,44,SilentProbing,feature_squeezing,Base,39,79,0,415,6,0.988,1.0,0.9294117647058824,0.9634146341463414,0.9647058823529412
primary_44_SilentProbing_feature_squeezing_Base,44,SilentProbing,feature_squeezing,Base,40,82,0,415,3,0.994,1.0,0.9647058823529412,0.9820359281437125,0.9823529411764707
primary_44_SilentProbing_feature_squeezing_Base,44,SilentProbing,feature_squeezing,Base,41,80,0,415,5,0.99,1.0,0.9411764705882353,0.9696969696969697,0.9705882352941176
primary_44_SilentProbing_feature_squeezing_Base,44,SilentProbing,feature_squeezing,Base,42,80,0,415,5,0.99,1.0,0.9411764705882353,0.9696969696969697,0.9705882352941176
primary_44_SilentProbing_feature_squeezing_Base,44,SilentProbing,feature_squeezing,Base,43,77,1,414,8,0.982,0.9871794871794872,0.9058823529411765,0.9447852760736197,0.9517363571934798
primary_44_SilentProbing_feature_squeezing_Base,44,SilentProbing,feature_squeezing,Base,44,79,0,415,6,0.988,1.0,0.9294117647058824,0.9634146341463414,0.9647058823529412
primary_44_SilentProbing_feature_squeezing_Base,44,SilentProbing,feature_squeezing,Base,45,81,0,415,4,0.992,1.0,0.9529411764705882,0.9759036144578312,0.9764705882352941
primary_44_SilentProbing_feature_squeezing_Base,44,SilentProbing,feature_squeezing,Base,46,81,1,414,4,0.99,0.9878048780487805,0.9529411764705882,0.9700598802395209,0.9752657689581856
primary_44_SilentProbing_feature_squeezing_Base,44,SilentProbing,feature_squeezing,Base,47,75,0,415,10,0.98,1.0,0.8823529411764706,0.9375,0.9411764705882353
primary_44_SilentProbing_feature_squeezing_Base,44,SilentProbing,feature_squeezing,Base,48,81,0,415,4,0.992,1.0,0.9529411764705882,0.9759036144578312,0.9764705882352941
primary_44_SilentProbing_feature_squeezing_Base,44,SilentProbing,feature_squeezing,Base,49,77,0,415,8,0.984,1.0,0.9058823529411765,0.9506172839506173,0.9529411764705882
primary_44_SilentProbing_feature_squeezing_Base,44,SilentProbing,feature_squeezing,Base,50,79,0,415,6,0.988,1.0,0.9294117647058824,0.9634146341463414,0.9647058823529412
primary_44_SilentProbing_feature_squeezing_Base,44,SilentProbing,feature_squeezing,Base,51,80,1,414,5,0.988,0.9876543209876543,0.9411764705882353,0.963855421686747,0.9693834160170092
primary_44_SilentProbing_feature_squeezing_Base,44,SilentProbing,feature_squeezing,Base,52,79,0,415,6,0.988,1.0,0.9294117647058824,0.9634146341463414,0.9647058823529412
primary_44_SilentProbing_feature_squeezing_Base,44,SilentProbing,feature_squeezing,Base,53,76,0,415,9,0.982,1.0,0.8941176470588236,0.9440993788819877,0.9470588235294117
primary_44_SilentProbing_feature_squeezing_Base,44,SilentProbing,feature_squeezing,Base,54,82,0,415,3,0.994,1.0,0.9647058823529412,0.9820359281437125,0.9823529411764707
primary_44_SilentProbing_feature_squeezing_Base,44,SilentProbing,feature_squeezing,Base,55,78,0,415,7,0.986,1.0,0.9176470588235294,0.9570552147239264,0.9588235294117646
primary_44_SilentProbing_feature_squeezing_Base,44,SilentProbing,feature_squeezing,Base,56,78,0,415,7,0.986,1.0,0.9176470588235294,0.9570552147239264,0.9588235294117646
primary_44_SilentProbing_feature_squeezing_Base,44,SilentProbing,feature_squeezing,Base,57,81,0,415,4,0.992,1.0,0.9529411764705882,0.9759036144578312,0.9764705882352941
primary_44_SilentProbing_feature_squeezing_Base,44,SilentProbing,feature_squeezing,Base,58,82,0,415,3,0.994,1.0,0.9647058823529412,0.9820359281437125,0.9823529411764707
primary_44_SilentProbing_feature_squeezing_Base,44,SilentProbing,feature_squeezing,Base,59,77,0,415,8,0.984,1.0,0.9058823529411765,0.9506172839506173,0.9529411764705882
primary_44_SilentProbing_feature_squeezing_Base,44,SilentProbing,feature_squeezing,Base,60,79,0,415,6,0.988,1.0,0.9294117647058824,0.9634146341463414,0.9647058823529412
primary_44_SilentProbing_feature_squeezing_Base,44,SilentProbing,feature_squeezing,Base,61,77,0,415,8,0.984,1.0,0.9058823529411765,0.9506172839506173,0.9529411764705882
primary_44_SilentProbing_feature_squeezing_Base,44,SilentProbing,feature_squeezing,Base,62,81,0,415,4,0.992,1.0,0.9529411764705882,0.9759036144578312,0.9764705882352941
primary_44_SilentProbing_feature_squeezing_Base,44,SilentProbing,feature_squeezing,Base,63,76,0,415,9,0.982,1.0,0.8941176470588236,0.9440993788819877,0.9470588235294117
primary_44_SilentProbing_feature_squeezing_Base,44,SilentProbing,feature_squeezing,Base,64,77,0,415,8,0.984,1.0,0.9058823529411765,0.9506172839506173,0.9529411764705882
primary_44_SilentProbing_feature_squeezing_Base,44,SilentProbing,feature_squeezing,Base,65,77,0,415,8,0.984,1.0,0.9058823529411765,0.9506172839506173,0.9529411764705882
primary_44_SilentProbing_feature_squeezing_Base,44,SilentProbing,feature_squeezing,Base,66,79,0,415,6,0.988,1.0,0.9294117647058824,0.9634146341463414,0.9647058823529412
primary_44_SilentProbing_feature_squeezing_Base,44,SilentProbing,feature_squeezing,Base,67,81,0,415,4,0.992,1.0,0.9529411764705882,0.9759036144578312,0.9764705882352941
primary_44_SilentProbing_feature_squeezing_Base,44,SilentProbing,feature_squeezing,Base,68,79,0,415,6,0.988,1.0,0.9294117647058824,0.9634146341463414,0.9647058823529412
primary_44_SilentProbing_feature_squeezing_Base,44,SilentProbing,feature_squeezing,Base,69,76,1,414,9,0.98,0.987012987012987,0.8941176470588236,0.9382716049382716,0.9458540042523034
primary_44_SilentProbing_feature_squeezing_Base,44,SilentProbing,feature_squeezing,Base,70,82,0,415,3,0.994,1.0,0.9647058823529412,0.9820359281437125,0.9823529411764707
primary_44_SilentProbing_feature_squeezing_Base,44,SilentProbing,feature_squeezing,Base,71,77,0,415,8,0.984,1.0,0.9058823529411765,0.9506172839506173,0.9529411764705882
primary_44_SilentProbing_feature_squeezing_Base,44,SilentProbing,feature_squeezing,Base,72,78,0,415,7,0.986,1.0,0.9176470588235294,0.9570552147239264,0.9588235294117646
primary_44_SilentProbing_feature_squeezing_Base,44,SilentProbing,feature_squeezing,Base,73,77,0,415,8,0.984,1.0,0.9058823529411765,0.9506172839506173,0.9529411764705882
primary_44_SilentProbing_feature_squeezing_Base,44,SilentProbing,feature_squeezing,Base,74,82,0,415,3,0.994,1.0,0.9647058823529412,0.9820359281437125,0.9823529411764707
primary_44_SilentProbing_feature_squeezing_Base,44,SilentProbing,feature_squeezing,Base,75,78,0,415,7,0.986,1.0,0.9176470588235294,0.9570552147239264,0.9588235294117646
primary_44_SilentProbing_feature_squeezing_Base,44,SilentProbing,feature_squeezing,Base,76,82,1,414,3,0.992,0.9879518072289156,0.9647058823529412,0.9761904761904762,0.9811481218993622
primary_44_SilentProbing_feature_squeezing_Base,44,SilentProbing,feature_squeezing,Base,77,80,0,415,5,0.99,1.0,0.9411764705882353,0.9696969696969697,0.9705882352941176
primary_44_SilentProbing_feature_squeezing_Base,44,SilentProbing,feature_squeezing,Base,78,79,0,415,6,0.988,1.0,0.9294117647058824,0.9634146341463414,0.9647058823529412
primary_44_SilentProbing_feature_squeezing_Base,44,SilentProbing,feature_squeezing,Base,79,80,0,415,5,0.99,1.0,0.9411764705882353,0.9696969696969697,0.9705882352941176
primary_44_SilentProbing_feature_squeezing_Base,44,SilentProbing,feature_squeezing,Base,80,77,0,415,8,0.984,1.0,0.9058823529411765,0.9506172839506173,0.9529411764705882
primary_44_SilentProbing_feature_squeezing_Base,44,SilentProbing,feature_squeezing,Base,81,75,0,415,10,0.98,1.0,0.8823529411764706,0.9375,0.9411764705882353
primary_44_SilentProbing_feature_squeezing_Base,44,SilentProbing,feature_squeezing,Base,82,79,0,415,6,0.988,1.0,0.9294117647058824,0.9634146341463414,0.9647058823529412
primary_44_SilentProbing_feature_squeezing_Base,44,SilentProbing,feature_squeezing,Base,83,76,0,415,9,0.982,1.0,0.8941176470588236,0.9440993788819877,0.9470588235294117
primary_44_SilentProbing_feature_squeezing_Base,44,SilentProbing,feature_squeezing,Base,84,79,0,415,6,0.988,1.0,0.9294117647058824,0.9634146341463414,0.9647058823529412
primary_44_SilentProbing_feature_squeezing_Base,44,SilentProbing,feature_squeezing,Base,85,81,0,415,4,0.992,1.0,0.9529411764705882,0.9759036144578312,0.9764705882352941
primary_44_SilentProbing_feature_squeezing_Base,44,SilentProbing,feature_squeezing,Base,86,75,1,414,10,0.978,0.9868421052631579,0.8823529411764706,0.9316770186335402,0.9399716513111269
primary_44_SilentProbing_feature_squeezing_Base,44,SilentProbing,feature_squeezing,Base,87,78,0,415,7,0.986,1.0,0.9176470588235294,0.9570552147239264,0.9588235294117646
primary_44_SilentProbing_feature_squeezing_Base,44,SilentProbing,feature_squeezing,Base,88,81,0,415,4,0.992,1.0,0.9529411764705882,0.9759036144578312,0.9764705882352941
primary_44_SilentProbing_feature_squeezing_Base,44,SilentProbing,feature_squeezing,Base,89,79,0,415,6,0.988,1.0,0.9294117647058824,0.9634146341463414,0.9647058823529412
primary_44_SilentProbing_feature_squeezing_Base,44,SilentProbing,feature_squeezing,Base,90,80,1,414,5,0.988,0.9876543209876543,0.9411764705882353,0.963855421686747,0.9693834160170092
primary_44_SilentProbing_feature_squeezing_Base,44,SilentProbing,feature_squeezing,Base,91,80,0,415,5,0.99,1.0,0.9411764705882353,0.9696969696969697,0.9705882352941176
primary_44_SilentProbing_feature_squeezing_Base,44,SilentProbing,feature_squeezing,Base,92,79,0,415,6,0.988,1.0,0.9294117647058824,0.9634146341463414,0.9647058823529412
primary_44_SilentProbing_feature_squeezing_Base,44,SilentProbing,feature_squeezing,Base,93,78,0,415,7,0.986,1.0,0.9176470588235294,0.9570552147239264,0.9588235294117646
primary_44_SilentProbing_feature_squeezing_Base,44,SilentProbing,feature_squeezing,Base,94,81,0,415,4,0.992,1.0,0.9529411764705882,0.9759036144578312,0.9764705882352941
primary_44_SilentProbing_feature_squeezing_Base,44,SilentProbing,feature_squeezing,Base,95,81,0,415,4,0.992,1.0,0.9529411764705882,0.9759036144578312,0.9764705882352941
primary_44_SilentProbing_feature_squeezing_Base,44,SilentProbing,feature_squeezing,Base,96,84,0,415,1,0.998,1.0,0.9882352941176471,0.9940828402366864,0.9941176470588236
primary_44_SilentProbing_feature_squeezing_Base,44,SilentProbing,feature_squeezing,Base,97,74,1,414,11,0.976,0.9866666666666667,0.8705882352941177,0.925,0.9340892983699505
primary_44_SilentProbing_feature_squeezing_Base,44,SilentProbing,feature_squeezing,Base,98,79,0,415,6,0.988,1.0,0.9294117647058824,0.9634146341463414,0.9647058823529412
primary_44_SilentProbing_feature_squeezing_Base,44,SilentProbing,feature_squeezing,Base,99,80,0,415,5,0.99,1.0,0.9411764705882353,0.9696969696969697,0.9705882352941176
primary_44_SilentProbing_feature_squeezing_Base,44,SilentProbing,feature_squeezing,Base,100,81,0,415,4,0.992,1.0,0.9529411764705882,0.9759036144578312,0.9764705882352941
primary_44_SilentProbing_feature_squeezing_Base,44,SilentProbing,feature_squeezing,Base,101,80,0,415,5,0.99,1.0,0.9411764705882353,0.9696969696969697,0.9705882352941176
primary_44_SilentProbing_feature_squeezing_Base,44,SilentProbing,feature_squeezing,Base,102,81,0,415,4,0.992,1.0,0.9529411764705882,0.9759036144578312,0.9764705882352941
primary_44_SilentProbing_feature_squeezing_Base,44,SilentProbing,feature_squeezing,Base,103,81,0,415,4,0.992,1.0,0.9529411764705882,0.9759036144578312,0.9764705882352941
primary_44_SilentProbing_feature_squeezing_Base,44,SilentProbing,feature_squeezing,Base,104,80,0,415,5,0.99,1.0,0.9411764705882353,0.9696969696969697,0.9705882352941176
primary_44_SilentProbing_feature_squeezing_Base,44,SilentProbing,feature_squeezing,Base,105,81,0,415,4,0.992,1.0,0.9529411764705882,0.9759036144578312,0.9764705882352941
primary_44_SilentProbing_feature_squeezing_Base,44,SilentProbing,feature_squeezing,Base,106,78,0,415,7,0.986,1.0,0.9176470588235294,0.9570552147239264,0.9588235294117646
primary_44_SilentProbing_feature_squeezing_Base,44,SilentProbing,feature_squeezing,Base,107,78,0,415,7,0.986,1.0,0.9176470588235294,0.9570552147239264,0.9588235294117646
primary_44_SilentProbing_feature_squeezing_Base,44,SilentProbing,feature_squeezing,Base,108,81,0,415,4,0.992,1.0,0.9529411764705882,0.9759036144578312,0.9764705882352941
primary_44_SilentProbing_feature_squeezing_Base,44,SilentProbing,feature_squeezing,Base,109,77,0,415,8,0.984,1.0,0.9058823529411765,0.9506172839506173,0.9529411764705882
primary_44_SilentProbing_feature_squeezing_Base,44,SilentProbing,feature_squeezing,Base,110,77,1,414,8,0.982,0.9871794871794872,0.9058823529411765,0.9447852760736197,0.9517363571934798
primary_44_SilentProbing_feature_squeezing_Base,44,SilentProbing,feature_squeezing,Base,111,83,0,415,2,0.996,1.0,0.9764705882352941,0.988095238095238,0.9882352941176471
primary_44_SilentProbing_feature_squeezing_Base,44,SilentProbing,feature_squeezing,Base,112,81,1,414,4,0.99,0.9878048780487805,0.9529411764705882,0.9700598802395209,0.9752657689581856
primary_44_SilentProbing_feature_squeezing_Base,44,SilentProbing,feature_squeezing,Base,113,79,0,415,6,0.988,1.0,0.9294117647058824,0.9634146341463414,0.9647058823529412
primary_44_SilentProbing_feature_squeezing_Base,44,SilentProbing,feature_squeezing,Base,114,78,0,415,7,0.986,1.0,0.9176470588235294,0.9570552147239264,0.9588235294117646
primary_44_SilentProbing_feature_squeezing_Base,44,SilentProbing,feature_squeezing,Base,115,77,0,415,8,0.984,1.0,0.9058823529411765,0.9506172839506173,0.9529411764705882
primary_44_SilentProbing_feature_squeezing_Base,44,SilentProbing,feature_squeezing,Base,116,77,0,415,8,0.984,1.0,0.9058823529411765,0.9506172839506173,0.9529411764705882
primary_44_SilentProbing_feature_squeezing_Base,44,SilentProbing,feature_squeezing,Base,117,80,1,414,5,0.988,0.9876543209876543,0.9411764705882353,0.963855421686747,0.9693834160170092
primary_44_SilentProbing_feature_squeezing_Base,44,SilentProbing,feature_squeezing,Base,118,78,0,415,7,0.986,1.0,0.9176470588235294,0.9570552147239264,0.9588235294117646
primary_44_SilentProbing_feature_squeezing_Base,44,SilentProbing,feature_squeezing,Base,119,80,0,415,5,0.99,1.0,0.9411764705882353,0.9696969696969697,0.9705882352941176
primary_44_SilentProbing_feature_squeezing_Base,44,SilentProbing,feature_squeezing,Base,120,81,0,415,4,0.992,1.0,0.9529411764705882,0.9759036144578312,0.9764705882352941
primary_44_SilentProbing_feature_squeezing_Base,44,SilentProbing,feature_squeezing,Base,121,81,0,415,4,0.992,1.0,0.9529411764705882,0.9759036144578312,0.9764705882352941
primary_44_SilentProbing_feature_squeezing_Base,44,SilentProbing,feature_squeezing,Base,122,80,0,415,5,0.99,1.0,0.9411764705882353,0.9696969696969697,0.9705882352941176
primary_44_SilentProbing_feature_squeezing_Base,44,SilentProbing,feature_squeezing,Base,123,75,0,415,10,0.98,1.0,0.8823529411764706,0.9375,0.9411764705882353
primary_44_SilentProbing_feature_squeezing_Base,44,SilentProbing,feature_squeezing,Base,124,78,0,415,7,0.986,1.0,0.9176470588235294,0.9570552147239264,0.9588235294117646
primary_44_SilentProbing_feature_squeezing_Base,44,SilentProbing,feature_squeezing,Base,125,79,0,415,6,0.988,1.0,0.9294117647058824,0.9634146341463414,0.9647058823529412
primary_44_SilentProbing_feature_squeezing_Base,44,SilentProbing,feature_squeezing,Base,126,82,0,415,3,0.994,1.0,0.9647058823529412,0.9820359281437125,0.9823529411764707
primary_44_SilentProbing_feature_squeezing_Base,44,SilentProbing,feature_squeezing,Base,127,75,0,415,10,0.98,1.0,0.8823529411764706,0.9375,0.9411764705882353
primary_44_SilentProbing_feature_squeezing_Base,44,SilentProbing,feature_squeezing,Base,128,82,0,415,3,0.994,1.0,0.9647058823529412,0.9820359281437125,0.9823529411764707
primary_44_SilentProbing_feature_squeezing_Base,44,SilentProbing,feature_squeezing,Base,129,79,0,415,6,0.988,1.0,0.9294117647058824,0.9634146341463414,0.9647058823529412
primary_44_SilentProbing_feature_squeezing_Base,44,SilentProbing,feature_squeezing,Base,130,83,0,415,2,0.996,1.0,0.9764705882352941,0.988095238095238,0.9882352941176471
primary_44_SilentProbing_feature_squeezing_Base,44,SilentProbing,feature_squeezing,Base,131,78,0,415,7,0.986,1.0,0.9176470588235294,0.9570552147239264,0.9588235294117646
primary_44_SilentProbing_feature_squeezing_Base,44,SilentProbing,feature_squeezing,Base,132,78,0,415,7,0.986,1.0,0.9176470588235294,0.9570552147239264,0.9588235294117646
primary_44_SilentProbing_feature_squeezing_Base,44,SilentProbing,feature_squeezing,Base,133,81,0,415,4,0.992,1.0,0.9529411764705882,0.9759036144578312,0.9764705882352941
primary_44_SilentProbing_feature_squeezing_Base,44,SilentProbing,feature_squeezing,Base,134,77,0,415,8,0.984,1.0,0.9058823529411765,0.9506172839506173,0.9529411764705882
primary_44_SilentProbing_feature_squeezing_Base,44,SilentProbing,feature_squeezing,Base,135,83,0,415,2,0.996,1.0,0.9764705882352941,0.988095238095238,0.9882352941176471
primary_44_SilentProbing_feature_squeezing_Base,44,SilentProbing,feature_squeezing,Base,136,80,0,415,5,0.99,1.0,0.9411764705882353,0.9696969696969697,0.9705882352941176
primary_44_SilentProbing_feature_squeezing_Base,44,SilentProbing,feature_squeezing,Base,137,78,0,415,7,0.986,1.0,0.9176470588235294,0.9570552147239264,0.9588235294117646
primary_44_SilentProbing_feature_squeezing_Base,44,SilentProbing,feature_squeezing,Base,138,81,0,415,4,0.992,1.0,0.9529411764705882,0.9759036144578312,0.9764705882352941
primary_44_SilentProbing_feature_squeezing_Base,44,SilentProbing,feature_squeezing,Base,139,78,0,415,7,0.986,1.0,0.9176470588235294,0.9570552147239264,0.9588235294117646
primary_44_SilentProbing_feature_squeezing_Base,44,SilentProbing,feature_squeezing,Base,140,77,0,415,8,0.984,1.0,0.9058823529411765,0.9506172839506173,0.9529411764705882
primary_44_SilentProbing_feature_squeezing_Base,44,SilentProbing,feature_squeezing,Base,141,77,0,415,8,0.984,1.0,0.9058823529411765,0.9506172839506173,0.9529411764705882
primary_44_SilentProbing_feature_squeezing_Base,44,SilentProbing,feature_squeezing,Base,142,84,0,415,1,0.998,1.0,0.9882352941176471,0.9940828402366864,0.9941176470588236
primary_44_SilentProbing_feature_squeezing_Base,44,SilentProbing,feature_squeezing,Base,143,80,0,415,5,0.99,1.0,0.9411764705882353,0.9696969696969697,0.9705882352941176
primary_44_SilentProbing_feature_squeezing_C1,44,SilentProbing,feature_squeezing,C1,0,80,0,414,6,0.988,1.0,0.9302325581395349,0.963855421686747,0.9651162790697674
primary_44_SilentProbing_feature_squeezing_C1,44,SilentProbing,feature_squeezing,C1,1,79,0,414,7,0.986,1.0,0.9186046511627907,0.9575757575757576,0.9593023255813953
primary_44_SilentProbing_feature_squeezing_C1,44,SilentProbing,feature_squeezing,C1,2,83,1,413,3,0.992,0.9880952380952381,0.9651162790697675,0.9764705882352942,0.9813504100662847
primary_44_SilentProbing_feature_squeezing_C1,44,SilentProbing,feature_squeezing,C1,3,84,0,414,2,0.996,1.0,0.9767441860465116,0.988235294117647,0.9883720930232558
primary_44_SilentProbing_feature_squeezing_C1,44,SilentProbing,feature_squeezing,C1,4,84,1,413,2,0.994,0.9882352941176471,0.9767441860465116,0.9824561403508771,0.9871643635546568
primary_44_SilentProbing_feature_squeezing_C1,44,SilentProbing,feature_squeezing,C1,5,83,0,414,3,0.994,1.0,0.9651162790697675,0.9822485207100593,0.9825581395348837
primary_44_SilentProbing_feature_squeezing_C1,44,SilentProbing,feature_squeezing,C1,6,82,0,414,4,0.992,1.0,0.9534883720930233,0.9761904761904763,0.9767441860465116
primary_44_SilentProbing_feature_squeezing_C1,44,SilentProbing,feature_squeezing,C1,7,81,1,413,5,0.988,0.9878048780487805,0.9418604651162791,0.9642857142857143,0.9697225030895404
primary_44_SilentProbing_feature_squeezing_C1,44,SilentProbing,feature_squeezing,C1,8,81,1,413,5,0.988,0.9878048780487805,0.9418604651162791,0.9642857142857143,0.9697225030895404
primary_44_SilentProbing_feature_squeezing_C1,44,SilentProbing,feature_squeezing,C1,9,84,0,414,2,0.996,1.0,0.9767441860465116,0.988235294117647,0.9883720930232558
primary_44_SilentProbing_feature_squeezing_C1,44,SilentProbing,feature_squeezing,C1,10,81,1,413,5,0.988,0.9878048780487805,0.9418604651162791,0.9642857142857143,0.9697225030895404
primary_44_SilentProbing_feature_squeezing_C1,44,SilentProbing,feature_squeezing,C1,11,80,0,414,6,0.988,1.0,0.9302325581395349,0.963855421686747,0.9651162790697674
primary_44_SilentProbing_feature_squeezing_C1,44,SilentProbing,feature_squeezing,C1,12,83,0,414,3,0.994,1.0,0.9651162790697675,0.9822485207100593,0.9825581395348837
primary_44_SilentProbing_feature_squeezing_C1,44,SilentProbing,feature_squeezing,C1,13,84,0,414,2,0.996,1.0,0.9767441860465116,0.988235294117647,0.9883720930232558
primary_44_SilentProbing_feature_squeezing_C1,44,SilentProbing,feature_squeezing,C1,14,84,1,413,2,0.994,0.9882352941176471,0.9767441860465116,0.9824561403508771,0.9871643635546568
primary_44_SilentProbing_feature_squeezing_C1,44,SilentProbing,feature_squeezing,C1,15,83,0,414,3,0.994,1.0,0.9651162790697675,0.9822485207100593,0.9825581395348837
primary_44_SilentProbing_feature_squeezing_C1,44,SilentProbing,feature_squeezing,C1,16,78,0,414,8,0.984,1.0,0.9069767441860465,0.951219512195122,0.9534883720930232
primary_44_SilentProbing_feature_squeezing_C1,44,SilentProbing,feature_squeezing,C1,17,84,0,415,1,0.998,1.0,0.9882352941176471,0.9940828402366864,0.9941176470588236
primary_44_SilentProbing_feature_squeezing_C1,44,SilentProbing,feature_squeezing,C1,18,80,0,415,5,0.99,1.0,0.9411764705882353,0.9696969696969697,0.9705882352941176
primary_44_SilentProbing_feature_squeezing_C1,44,SilentProbing,feature_squeezing,C1,19,83,0,415,2,0.996,1.0,0.9764705882352941,0.988095238095238,0.9882352941176471
primary_44_SilentProbing_feature_squeezing_C1,44,SilentProbing,feature_squeezing,C1,20,74,0,415,11,0.978,1.0,0.8705882352941177,0.9308176100628931,0.9352941176470588
primary_44_SilentProbing_feature_squeezing_C1,44,SilentProbing,feature_squeezing,C1,21,76,1,414,9,0.98,0.987012987012987,0.8941176470588236,0.9382716049382716,0.9458540042523034
primary_44_SilentProbing_feature_squeezing_C1,44,SilentProbing,feature_squeezing,C1,22,78,0,415,7,0.986,1.0,0.9176470588235294,0.9570552147239264,0.9588235294117646
primary_44_SilentProbing_feature_squeezing_C1,44,SilentProbing,feature_squeezing,C1,23,81,0,415,4,0.992,1.0,0.9529411764705882,0.9759036144578312,0.9764705882352941
primary_44_SilentProbing_feature_squeezing_C1,44,SilentProbing,feature_squeezing,C1,24,80,1,414,5,0.988,0.9876543209876543,0.9411764705882353,0.963855421686747,0.9693834160170092
primary_44_SilentProbing_feature_squeezing_C1,44,SilentProbing,feature_squeezing,C1,25,77,0,415,8,0.984,1.0,0.9058823529411765,0.9506172839506173,0.9529411764705882
primary_44_SilentProbing_feature_squeezing_C1,44,SilentProbing,feature_squeezing,C1,26,77,0,415,8,0.984,1.0,0.9058823529411765,0.9506172839506173,0.9529411764705882
primary_44_SilentProbing_feature_squeezing_C1,44,SilentProbing,feature_squeezing,C1,27,77,0,415,8,0.984,1.0,0.9058823529411765,0.9506172839506173,0.9529411764705882
primary_44_SilentProbing_feature_squeezing_C1,44,SilentProbing,feature_squeezing,C1,28,79,0,415,6,0.988,1.0,0.9294117647058824,0.9634146341463414,0.9647058823529412
primary_44_SilentProbing_feature_squeezing_C1,44,SilentProbing,feature_squeezing,C1,29,80,0,415,5,0.99,1.0,0.9411764705882353,0.9696969696969697,0.9705882352941176
primary_44_SilentProbing_feature_squeezing_C1,44,SilentProbing,feature_squeezing,C1,30,79,0,415,6,0.988,1.0,0.9294117647058824,0.9634146341463414,0.9647058823529412
primary_44_SilentProbing_feature_squeezing_C1,44,SilentProbing,feature_squeezing,C1,31,78,1,414,7,0.984,0.9873417721518988,0.9176470588235294,0.9512195121951219,0.9576187101346563
primary_44_SilentProbing_feature_squeezing_C1,44,SilentProbing,feature_squeezing,C1,32,80,0,415,5,0.99,1.0,0.9411764705882353,0.9696969696969697,0.9705882352941176
primary_44_SilentProbing_feature_squeezing_C1,44,SilentProbing,feature_squeezing,C1,33,81,0,415,4,0.992,1.0,0.9529411764705882,0.9759036144578312,0.9764705882352941
primary_44_SilentProbing_feature_squeezing_C1,44,SilentProbing,feature_squeezing,C1,34,79,1,414,6,0.986,0.9875,0.9294117647058824,0.9575757575757576,0.9635010630758327
primary_44_SilentProbing_feature_squeezing_C1,44,SilentProbing,feature_squeezing,C1,35,75,0,415,10,0.98,1.0,0.8823529411764706,0.9375,0.9411764705882353
primary_44_SilentProbing_feature_squeezing_C1,44,SilentProbing,feature_squeezing,C1,36,80,0,415,5,0.99,1.0,0.9411764705882353,0.9696969696969697,0.9705882352941176
primary_44_SilentProbing_feature_squeezing_C1,44,SilentProbing,feature_squeezing,C1,37,81,1,414,4,0.99,0.9878048780487805,0.9529411764705882,0.9700598802395209,0.9752657689581856
primary_44_SilentProbing_feature_squeezing_C1,44,SilentProbing,feature_squeezing,C1,38,81,0,415,4,0.992,1.0,0.9529411764705882,0.9759036144578312,0.9764705882352941
primary_44_SilentProbing_feature_squeezing_C1,44,SilentProbing,feature_squeezing,C1,39,81,0,415,4,0.992,1.0,0.9529411764705882,0.9759036144578312,0.9764705882352941
primary_44_SilentProbing_feature_squeezing_C1,44,SilentProbing,feature_squeezing,C1,40,82,0,415,3,0.994,1.0,0.9647058823529412,0.9820359281437125,0.9823529411764707
primary_44_SilentProbing_feature_squeezing_C1,44,SilentProbing,feature_squeezing,C1,41,82,0,415,3,0.994,1.0,0.9647058823529412,0.9820359281437125,0.9823529411764707
primary_44_SilentProbing_feature_squeezing_C1,44,SilentProbing,feature_squeezing,C1,42,81,0,415,4,0.992,1.0,0.9529411764705882,0.9759036144578312,0.9764705882352941
primary_44_SilentProbing_feature_squeezing_C1,44,SilentProbing,feature_squeezing,C1,43,78,1,414,7,0.984,0.9873417721518988,0.9176470588235294,0.9512195121951219,0.9576187101346563
primary_44_SilentProbing_feature_squeezing_C1,44,SilentProbing,feature_squeezing,C1,44,79,0,415,6,0.988,1.0,0.9294117647058824,0.9634146341463414,0.9647058823529412
primary_44_SilentProbing_feature_squeezing_C1,44,SilentProbing,feature_squeezing,C1,45,81,0,415,4,0.992,1.0,0.9529411764705882,0.9759036144578312,0.9764705882352941
primary_44_SilentProbing_feature_squeezing_C1,44,SilentProbing,feature_squeezing,C1,46,81,1,414,4,0.99,0.9878048780487805,0.9529411764705882,0.9700598802395209,0.9752657689581856
primary_44_SilentProbing_feature_squeezing_C1,44,SilentProbing,feature_squeezing,C1,47,76,0,415,9,0.982,1.0,0.8941176470588236,0.9440993788819877,0.9470588235294117
primary_44_SilentProbing_feature_squeezing_C1,44,SilentProbing,feature_squeezing,C1,48,81,0,415,4,0.992,1.0,0.9529411764705882,0.9759036144578312,0.9764705882352941
primary_44_SilentProbing_feature_squeezing_C1,44,SilentProbing,feature_squeezing,C1,49,77,0,415,8,0.984,1.0,0.9058823529411765,0.9506172839506173,0.9529411764705882
primary_44_SilentProbing_feature_squeezing_C1,44,SilentProbing,feature_squeezing,C1,50,81,0,415,4,0.992,1.0,0.9529411764705882,0.9759036144578312,0.9764705882352941
primary_44_SilentProbing_feature_squeezing_C1,44,SilentProbing,feature_squeezing,C1,51,80,1,414,5,0.988,0.9876543209876543,0.9411764705882353,0.963855421686747,0.9693834160170092
primary_44_SilentProbing_feature_squeezing_C1,44,SilentProbing,feature_squeezing,C1,52,80,1,414,5,0.988,0.9876543209876543,0.9411764705882353,0.963855421686747,0.9693834160170092
primary_44_SilentProbing_feature_squeezing_C1,44,SilentProbing,feature_squeezing,C1,53,77,1,414,8,0.982,0.9871794871794872,0.9058823529411765,0.9447852760736197,0.9517363571934798
primary_44_SilentProbing_feature_squeezing_C1,44,SilentProbing,feature_squeezing,C1,54,82,0,415,3,0.994,1.0,0.9647058823529412,0.9820359281437125,0.9823529411764707
primary_44_SilentProbing_feature_squeezing_C1,44,SilentProbing,feature_squeezing,C1,55,78,0,415,7,0.986,1.0,0.9176470588235294,0.9570552147239264,0.9588235294117646
primary_44_SilentProbing_feature_squeezing_C1,44,SilentProbing,feature_squeezing,C1,56,78,0,415,7,0.986,1.0,0.9176470588235294,0.9570552147239264,0.9588235294117646
primary_44_SilentProbing_feature_squeezing_C1,44,SilentProbing,feature_squeezing,C1,57,81,0,415,4,0.992,1.0,0.9529411764705882,0.9759036144578312,0.9764705882352941
primary_44_SilentProbing_feature_squeezing_C1,44,SilentProbing,feature_squeezing,C1,58,82,1,414,3,0.992,0.9879518072289156,0.9647058823529412,0.9761904761904762,0.9811481218993622
primary_44_SilentProbing_feature_squeezing_C1,44,SilentProbing,feature_squeezing,C1,59,78,0,415,7,0.986,1.0,0.9176470588235294,0.9570552147239264,0.9588235294117646
primary_44_SilentProbing_feature_squeezing_C1,44,SilentProbing,feature_squeezing,C1,60,81,0,415,4,0.992,1.0,0.9529411764705882,0.9759036144578312,0.9764705882352941
primary_44_SilentProbing_feature_squeezing_C1,44,SilentProbing,feature_squeezing,C1,61,79,0,415,6,0.988,1.0,0.9294117647058824,0.9634146341463414,0.9647058823529412
primary_44_SilentProbing_feature_squeezing_C1,44,SilentProbing,feature_squeezing,C1,62,81,0,415,4,0.992,1.0,0.9529411764705882,0.9759036144578312,0.9764705882352941
primary_44_SilentProbing_feature_squeezing_C1,44,SilentProbing,feature_squeezing,C1,63,77,0,415,8,0.984,1.0,0.9058823529411765,0.9506172839506173,0.9529411764705882
primary_44_SilentProbing_feature_squeezing_C1,44,SilentProbing,feature_squeezing,C1,64,77,0,415,8,0.984,1.0,0.9058823529411765,0.9506172839506173,0.9529411764705882
primary_44_SilentProbing_feature_squeezing_C1,44,SilentProbing,feature_squeezing,C1,65,78,0,415,7,0.986,1.0,0.9176470588235294,0.9570552147239264,0.9588235294117646
primary_44_SilentProbing_feature_squeezing_C1,44,SilentProbing,feature_squeezing,C1,66,80,0,415,5,0.99,1.0,0.9411764705882353,0.9696969696969697,0.9705882352941176
primary_44_SilentProbing_feature_squeezing_C1,44,SilentProbing,feature_squeezing,C1,67,81,0,415,4,0.992,1.0,0.9529411764705882,0.9759036144578312,0.9764705882352941
primary_44_SilentProbing_feature_squeezing_C1,44,SilentProbing,feature_squeezing,C1,68,79,0,415,6,0.988,1.0,0.9294117647058824,0.9634146341463414,0.9647058823529412
primary_44_SilentProbing_feature_squeezing_C1,44,SilentProbing,feature_squeezing,C1,69,80,1,414,5,0.988,0.9876543209876543,0.9411764705882353,0.963855421686747,0.9693834160170092
primary_44_SilentProbing_feature_squeezing_C1,44,SilentProbing,feature_squeezing,C1,70,82,0,415,3,0.994,1.0,0.9647058823529412,0.9820359281437125,0.9823529411764707
primary_44_SilentProbing_feature_squeezing_C1,44,SilentProbing,feature_squeezing,C1,71,77,0,415,8,0.984,1.0,0.9058823529411765,0.9506172839506173,0.9529411764705882
primary_44_SilentProbing_feature_squeezing_C1,44,SilentProbing,feature_squeezing,C1,72,78,0,415,7,0.986,1.0,0.9176470588235294,0.9570552147239264,0.9588235294117646
primary_44_SilentProbing_feature_squeezing_C1,44,SilentProbing,feature_squeezing,C1,73,77,0,415,8,0.984,1.0,0.9058823529411765,0.9506172839506173,0.9529411764705882
primary_44_SilentProbing_feature_squeezing_C1,44,SilentProbing,feature_squeezing,C1,74,82,0,415,3,0.994,1.0,0.9647058823529412,0.9820359281437125,0.9823529411764707
primary_44_SilentProbing_feature_squeezing_C1,44,SilentProbing,feature_squeezing,C1,75,78,0,415,7,0.986,1.0,0.9176470588235294,0.9570552147239264,0.9588235294117646
primary_44_SilentProbing_feature_squeezing_C1,44,SilentProbing,feature_squeezing,C1,76,82,0,415,3,0.994,1.0,0.9647058823529412,0.9820359281437125,0.9823529411764707
primary_44_SilentProbing_feature_squeezing_C1,44,SilentProbing,feature_squeezing,C1,77,80,0,415,5,0.99,1.0,0.9411764705882353,0.9696969696969697,0.9705882352941176
primary_44_SilentProbing_feature_squeezing_C1,44,SilentProbing,feature_squeezing,C1,78,83,0,415,2,0.996,1.0,0.9764705882352941,0.988095238095238,0.9882352941176471
primary_44_SilentProbing_feature_squeezing_C1,44,SilentProbing,feature_squeezing,C1,79,81,0,415,4,0.992,1.0,0.9529411764705882,0.9759036144578312,0.9764705882352941
primary_44_SilentProbing_feature_squeezing_C1,44,SilentProbing,feature_squeezing,C1,80,78,0,415,7,0.986,1.0,0.9176470588235294,0.9570552147239264,0.9588235294117646
primary_44_SilentProbing_feature_squeezing_C1,44,SilentProbing,feature_squeezing,C1,81,76,0,415,9,0.982,1.0,0.8941176470588236,0.9440993788819877,0.9470588235294117
primary_44_SilentProbing_feature_squeezing_C1,44,SilentProbing,feature_squeezing,C1,82,79,0,415,6,0.988,1.0,0.9294117647058824,0.9634146341463414,0.9647058823529412
primary_44_SilentProbing_feature_squeezing_C1,44,SilentProbing,feature_squeezing,C1,83,78,0,415,7,0.986,1.0,0.9176470588235294,0.9570552147239264,0.9588235294117646
primary_44_SilentProbing_feature_squeezing_C1,44,SilentProbing,feature_squeezing,C1,84,79,0,415,6,0.988,1.0,0.9294117647058824,0.9634146341463414,0.9647058823529412
primary_44_SilentProbing_feature_squeezing_C1,44,SilentProbing,feature_squeezing,C1,85,82,1,414,3,0.992,0.9879518072289156,0.9647058823529412,0.9761904761904762,0.9811481218993622
primary_44_SilentProbing_feature_squeezing_C1,44,SilentProbing,feature_squeezing,C1,86,76,1,414,9,0.98,0.987012987012987,0.8941176470588236,0.9382716049382716,0.9458540042523034
primary_44_SilentProbing_feature_squeezing_C1,44,SilentProbing,feature_squeezing,C1,87,78,0,415,7,0.986,1.0,0.9176470588235294,0.9570552147239264,0.9588235294117646
primary_44_SilentProbing_feature_squeezing_C1,44,SilentProbing,feature_squeezing,C1,88,81,0,415,4,0.992,1.0,0.9529411764705882,0.9759036144578312,0.9764705882352941
primary_44_SilentProbing_feature_squeezing_C1,44,SilentProbing,feature_squeezing,C1,89,79,1,414,6,0.986,0.9875,0.9294117647058824,0.9575757575757576,0.9635010630758327
primary_44_SilentProbing_feature_squeezing_C1,44,SilentProbing,feature_squeezing,C1,90,81,1,414,4,0.99,0.9878048780487805,0.9529411764705882,0.9700598802395209,0.9752657689581856
primary_44_SilentProbing_feature_squeezing_C1,44,SilentProbing,feature_squeezing,C1,91,80,1,414,5,0.988,0.9876543209876543,0.9411764705882353,0.963855421686747,0.9693834160170092
primary_44_SilentProbing_feature_squeezing_C1,44,SilentProbing,feature_squeezing,C1,92,80,0,415,5,0.99,1.0,0.9411764705882353,0.9696969696969697,0.9705882352941176
primary_44_SilentProbing_feature_squeezing_C1,44,SilentProbing,feature_squeezing,C1,93,79,0,415,6,0.988,1.0,0.9294117647058824,0.9634146341463414,0.9647058823529412
primary_44_SilentProbing_feature_squeezing_C1,44,SilentProbing,feature_squeezing,C1,94,81,0,415,4,0.992,1.0,0.9529411764705882,0.9759036144578312,0.9764705882352941
primary_44_SilentProbing_feature_squeezing_C1,44,SilentProbing,feature_squeezing,C1,95,81,0,415,4,0.992,1.0,0.9529411764705882,0.9759036144578312,0.9764705882352941
primary_44_SilentProbing_feature_squeezing_C1,44,SilentProbing,feature_squeezing,C1,96,84,0,415,1,0.998,1.0,0.9882352941176471,0.9940828402366864,0.9941176470588236
primary_44_SilentProbing_feature_squeezing_C1,44,SilentProbing,feature_squeezing,C1,97,75,1,414,10,0.978,0.9868421052631579,0.8823529411764706,0.9316770186335402,0.9399716513111269
primary_44_SilentProbing_feature_squeezing_C1,44,SilentProbing,feature_squeezing,C1,98,80,0,415,5,0.99,1.0,0.9411764705882353,0.9696969696969697,0.9705882352941176
primary_44_SilentProbing_feature_squeezing_C1,44,SilentProbing,feature_squeezing,C1,99,81,0,415,4,0.992,1.0,0.9529411764705882,0.9759036144578312,0.9764705882352941
primary_44_SilentProbing_feature_squeezing_C1,44,SilentProbing,feature_squeezing,C1,100,81,0,415,4,0.992,1.0,0.9529411764705882,0.9759036144578312,0.9764705882352941
primary_44_SilentProbing_feature_squeezing_C1,44,SilentProbing,feature_squeezing,C1,101,81,0,415,4,0.992,1.0,0.9529411764705882,0.9759036144578312,0.9764705882352941
primary_44_SilentProbing_feature_squeezing_C1,44,SilentProbing,feature_squeezing,C1,102,82,0,415,3,0.994,1.0,0.9647058823529412,0.9820359281437125,0.9823529411764707
primary_44_SilentProbing_feature_squeezing_C1,44,SilentProbing,feature_squeezing,C1,103,81,0,415,4,0.992,1.0,0.9529411764705882,0.9759036144578312,0.9764705882352941
primary_44_SilentProbing_feature_squeezing_C1,44,SilentProbing,feature_squeezing,C1,104,81,0,415,4,0.992,1.0,0.9529411764705882,0.9759036144578312,0.9764705882352941
primary_44_SilentProbing_feature_squeezing_C1,44,SilentProbing,feature_squeezing,C1,105,82,0,415,3,0.994,1.0,0.9647058823529412,0.9820359281437125,0.9823529411764707
primary_44_SilentProbing_feature_squeezing_C1,44,SilentProbing,feature_squeezing,C1,106,79,0,415,6,0.988,1.0,0.9294117647058824,0.9634146341463414,0.9647058823529412
primary_44_SilentProbing_feature_squeezing_C1,44,SilentProbing,feature_squeezing,C1,107,79,0,415,6,0.988,1.0,0.9294117647058824,0.9634146341463414,0.9647058823529412
primary_44_SilentProbing_feature_squeezing_C1,44,SilentProbing,feature_squeezing,C1,108,81,0,415,4,0.992,1.0,0.9529411764705882,0.9759036144578312,0.9764705882352941
primary_44_SilentProbing_feature_squeezing_C1,44,SilentProbing,feature_squeezing,C1,109,78,0,415,7,0.986,1.0,0.9176470588235294,0.9570552147239264,0.9588235294117646
primary_44_SilentProbing_feature_squeezing_C1,44,SilentProbing,feature_squeezing,C1,110,78,1,414,7,0.984,0.9873417721518988,0.9176470588235294,0.9512195121951219,0.9576187101346563
primary_44_SilentProbing_feature_squeezing_C1,44,SilentProbing,feature_squeezing,C1,111,84,0,415,1,0.998,1.0,0.9882352941176471,0.9940828402366864,0.9941176470588236
primary_44_SilentProbing_feature_squeezing_C1,44,SilentProbing,feature_squeezing,C1,112,81,1,414,4,0.99,0.9878048780487805,0.9529411764705882,0.9700598802395209,0.9752657689581856
primary_44_SilentProbing_feature_squeezing_C1,44,SilentProbing,feature_squeezing,C1,113,79,1,414,6,0.986,0.9875,0.9294117647058824,0.9575757575757576,0.9635010630758327
primary_44_SilentProbing_feature_squeezing_C1,44,SilentProbing,feature_squeezing,C1,114,79,0,415,6,0.988,1.0,0.9294117647058824,0.9634146341463414,0.9647058823529412
primary_44_SilentProbing_feature_squeezing_C1,44,SilentProbing,feature_squeezing,C1,115,77,0,415,8,0.984,1.0,0.9058823529411765,0.9506172839506173,0.9529411764705882
primary_44_SilentProbing_feature_squeezing_C1,44,SilentProbing,feature_squeezing,C1,116,78,0,415,7,0.986,1.0,0.9176470588235294,0.9570552147239264,0.9588235294117646
primary_44_SilentProbing_feature_squeezing_C1,44,SilentProbing,feature_squeezing,C1,117,80,0,415,5,0.99,1.0,0.9411764705882353,0.9696969696969697,0.9705882352941176
primary_44_SilentProbing_feature_squeezing_C1,44,SilentProbing,feature_squeezing,C1,118,78,1,414,7,0.984,0.9873417721518988,0.9176470588235294,0.9512195121951219,0.9576187101346563
primary_44_SilentProbing_feature_squeezing_C1,44,SilentProbing,feature_squeezing,C1,119,80,0,415,5,0.99,1.0,0.9411764705882353,0.9696969696969697,0.9705882352941176
primary_44_SilentProbing_feature_squeezing_C1,44,SilentProbing,feature_squeezing,C1,120,81,0,415,4,0.992,1.0,0.9529411764705882,0.9759036144578312,0.9764705882352941
primary_44_SilentProbing_feature_squeezing_C1,44,SilentProbing,feature_squeezing,C1,121,81,0,415,4,0.992,1.0,0.9529411764705882,0.9759036144578312,0.9764705882352941
primary_44_SilentProbing_feature_squeezing_C1,44,SilentProbing,feature_squeezing,C1,122,80,0,415,5,0.99,1.0,0.9411764705882353,0.9696969696969697,0.9705882352941176
primary_44_SilentProbing_feature_squeezing_C1,44,SilentProbing,feature_squeezing,C1,123,76,0,415,9,0.982,1.0,0.8941176470588236,0.9440993788819877,0.9470588235294117
primary_44_SilentProbing_feature_squeezing_C1,44,SilentProbing,feature_squeezing,C1,124,80,0,415,5,0.99,1.0,0.9411764705882353,0.9696969696969697,0.9705882352941176
primary_44_SilentProbing_feature_squeezing_C1,44,SilentProbing,feature_squeezing,C1,125,80,1,414,5,0.988,0.9876543209876543,0.9411764705882353,0.963855421686747,0.9693834160170092
primary_44_SilentProbing_feature_squeezing_C1,44,SilentProbing,feature_squeezing,C1,126,83,0,415,2,0.996,1.0,0.9764705882352941,0.988095238095238,0.9882352941176471
primary_44_SilentProbing_feature_squeezing_C1,44,SilentProbing,feature_squeezing,C1,127,77,0,415,8,0.984,1.0,0.9058823529411765,0.9506172839506173,0.9529411764705882
primary_44_SilentProbing_feature_squeezing_C1,44,SilentProbing,feature_squeezing,C1,128,83,0,415,2,0.996,1.0,0.9764705882352941,0.988095238095238,0.9882352941176471
primary_44_SilentProbing_feature_squeezing_C1,44,SilentProbing,feature_squeezing,C1,129,79,0,415,6,0.988,1.0,0.9294117647058824,0.9634146341463414,0.9647058823529412
primary_44_SilentProbing_feature_squeezing_C1,44,SilentProbing,feature_squeezing,C1,130,83,0,415,2,0.996,1.0,0.9764705882352941,0.988095238095238,0.9882352941176471
primary_44_SilentProbing_feature_squeezing_C1,44,SilentProbing,feature_squeezing,C1,131,80,0,415,5,0.99,1.0,0.9411764705882353,0.9696969696969697,0.9705882352941176
primary_44_SilentProbing_feature_squeezing_C1,44,SilentProbing,feature_squeezing,C1,132,78,0,415,7,0.986,1.0,0.9176470588235294,0.9570552147239264,0.9588235294117646
primary_44_SilentProbing_feature_squeezing_C1,44,SilentProbing,feature_squeezing,C1,133,81,0,415,4,0.992,1.0,0.9529411764705882,0.9759036144578312,0.9764705882352941
primary_44_SilentProbing_feature_squeezing_C1,44,SilentProbing,feature_squeezing,C1,134,78,0,415,7,0.986,1.0,0.9176470588235294,0.9570552147239264,0.9588235294117646
primary_44_SilentProbing_feature_squeezing_C1,44,SilentProbing,feature_squeezing,C1,135,83,0,415,2,0.996,1.0,0.9764705882352941,0.988095238095238,0.9882352941176471
primary_44_SilentProbing_feature_squeezing_C1,44,SilentProbing,feature_squeezing,C1,136,82,0,415,3,0.994,1.0,0.9647058823529412,0.9820359281437125,0.9823529411764707
primary_44_SilentProbing_feature_squeezing_C1,44,SilentProbing,feature_squeezing,C1,137,79,1,414,6,0.986,0.9875,0.9294117647058824,0.9575757575757576,0.9635010630758327
primary_44_SilentProbing_feature_squeezing_C1,44,SilentProbing,feature_squeezing,C1,138,82,0,415,3,0.994,1.0,0.9647058823529412,0.9820359281437125,0.9823529411764707
primary_44_SilentProbing_feature_squeezing_C1,44,SilentProbing,feature_squeezing,C1,139,78,0,415,7,0.986,1.0,0.9176470588235294,0.9570552147239264,0.9588235294117646
primary_44_SilentProbing_feature_squeezing_C1,44,SilentProbing,feature_squeezing,C1,140,78,0,415,7,0.986,1.0,0.9176470588235294,0.9570552147239264,0.9588235294117646
primary_44_SilentProbing_feature_squeezing_C1,44,SilentProbing,feature_squeezing,C1,141,77,0,415,8,0.984,1.0,0.9058823529411765,0.9506172839506173,0.9529411764705882
primary_44_SilentProbing_feature_squeezing_C1,44,SilentProbing,feature_squeezing,C1,142,84,0,415,1,0.998,1.0,0.9882352941176471,0.9940828402366864,0.9941176470588236
primary_44_SilentProbing_feature_squeezing_C1,44,SilentProbing,feature_squeezing,C1,143,81,0,415,4,0.992,1.0,0.9529411764705882,0.9759036144578312,0.9764705882352941
primary_44_SilentProbing_randomized_smoothing_Base,44,SilentProbing,randomized_smoothing,Base,0,71,0,414,15,0.97,1.0,0.8255813953488372,0.9044585987261146,0.9127906976744187
primary_44_SilentProbing_randomized_smoothing_Base,44,SilentProbing,randomized_smoothing,Base,1,65,0,414,21,0.958,1.0,0.7558139534883721,0.8609271523178808,0.877906976744186
primary_44_SilentProbing_randomized_smoothing_Base,44,SilentProbing,randomized_smoothing,Base,2,73,1,413,13,0.972,0.9864864864864865,0.8488372093023255,0.9125,0.9232108751825637
primary_44_SilentProbing_randomized_smoothing_Base,44,SilentProbing,randomized_smoothing,Base,3,68,0,414,18,0.964,1.0,0.7906976744186046,0.8831168831168831,0.8953488372093024
primary_44_SilentProbing_randomized_smoothing_Base,44,SilentProbing,randomized_smoothing,Base,4,73,0,414,13,0.974,1.0,0.8488372093023255,0.9182389937106918,0.9244186046511628
primary_44_SilentProbing_randomized_smoothing_Base,44,SilentProbing,randomized_smoothing,Base,5,70,0,414,16,0.968,1.0,0.813953488372093,0.8974358974358974,0.9069767441860466
primary_44_SilentProbing_randomized_smoothing_Base,44,SilentProbing,randomized_smoothing,Base,6,73,0,414,13,0.974,1.0,0.8488372093023255,0.9182389937106918,0.9244186046511628
primary_44_SilentProbing_randomized_smoothing_Base,44,SilentProbing,randomized_smoothing,Base,7,70,0,414,16,0.968,1.0,0.813953488372093,0.8974358974358974,0.9069767441860466
primary_44_SilentProbing_randomized_smoothing_Base,44,SilentProbing,randomized_smoothing,Base,8,63,0,414,23,0.954,1.0,0.7325581395348837,0.8456375838926175,0.8662790697674418
primary_44_SilentProbing_randomized_smoothing_Base,44,SilentProbing,randomized_smoothing,Base,9,71,0,414,15,0.97,1.0,0.8255813953488372,0.9044585987261146,0.9127906976744187
primary_44_SilentProbing_randomized_smoothing_Base,44,SilentProbing,randomized_smoothing,Base,10,71,0,414,15,0.97,1.0,0.8255813953488372,0.9044585987261146,0.9127906976744187
primary_44_SilentProbing_randomized_smoothing_Base,44,SilentProbing,randomized_smoothing,Base,11,66,0,414,20,0.96,1.0,0.7674418604651163,0.868421052631579,0.8837209302325582
primary_44_SilentProbing_randomized_smoothing_Base,44,SilentProbing,randomized_smoothing,Base,12,72,0,414,14,0.972,1.0,0.8372093023255814,0.9113924050632911,0.9186046511627908
primary_44_SilentProbing_randomized_smoothing_Base,44,SilentProbing,randomized_smoothing,Base,13,77,0,414,9,0.982,1.0,0.8953488372093024,0.9447852760736196,0.9476744186046512
primary_44_SilentProbing_randomized_smoothing_Base,44,SilentProbing,randomized_smoothing,Base,14,73,0,414,13,0.974,1.0,0.8488372093023255,0.9182389937106918,0.9244186046511628
primary_44_SilentProbing_randomized_smoothing_Base,44,SilentProbing,randomized_smoothing,Base,15,72,0,414,14,0.972,1.0,0.8372093023255814,0.9113924050632911,0.9186046511627908
primary_44_SilentProbing_randomized_smoothing_Base,44,SilentProbing,randomized_smoothing,Base,16,67,0,414,19,0.962,1.0,0.7790697674418605,0.8758169934640523,0.8895348837209303
primary_44_SilentProbing_randomized_smoothing_Base,44,SilentProbing,randomized_smoothing,Base,17,78,0,415,7,0.986,1.0,0.9176470588235294,0.9570552147239264,0.9588235294117646
primary_44_SilentProbing_randomized_smoothing_Base,44,SilentProbing,randomized_smoothing,Base,18,67,0,415,18,0.964,1.0,0.788235294117647,0.8815789473684211,0.8941176470588235
primary_44_SilentProbing_randomized_smoothing_Base,44,SilentProbing,randomized_smoothing,Base,19,73,0,415,12,0.976,1.0,0.8588235294117647,0.9240506329113923,0.9294117647058824
primary_44_SilentProbing_randomized_smoothing_Base,44,SilentProbing,randomized_smoothing,Base,20,66,0,415,19,0.962,1.0,0.7764705882352941,0.8741721854304636,0.888235294117647
primary_44_SilentProbing_randomized_smoothing_Base,44,SilentProbing,randomized_smoothing,Base,21,66,0,415,19,0.962,1.0,0.7764705882352941,0.8741721854304636,0.888235294117647
primary_44_SilentProbing_randomized_smoothing_Base,44,SilentProbing,randomized_smoothing,Base,22,71,0,415,14,0.972,1.0,0.8352941176470589,0.9102564102564102,0.9176470588235295
primary_44_SilentProbing_randomized_smoothing_Base,44,SilentProbing,randomized_smoothing,Base,23,69,0,415,16,0.968,1.0,0.8117647058823529,0.8961038961038961,0.9058823529411765
primary_44_SilentProbing_randomized_smoothing_Base,44,SilentProbing,randomized_smoothing,Base,24,69,0,415,16,0.968,1.0,0.8117647058823529,0.8961038961038961,0.9058823529411765
primary_44_SilentProbing_randomized_smoothing_Base,44,SilentProbing,randomized_smoothing,Base,25,71,0,415,14,0.972,1.0,0.8352941176470589,0.9102564102564102,0.9176470588235295
primary_44_SilentProbing_randomized_smoothing_Base,44,SilentProbing,randomized_smoothing,Base,26,60,0,415,25,0.95,1.0,0.7058823529411765,0.8275862068965517,0.8529411764705883
primary_44_SilentProbing_randomized_smoothing_Base,44,SilentProbing,randomized_smoothing,Base,27,63,0,415,22,0.956,1.0,0.7411764705882353,0.8513513513513514,0.8705882352941177
primary_44_SilentProbing_randomized_smoothing_Base,44,SilentProbing,randomized_smoothing,Base,28,71,0,415,14,0.972,1.0,0.8352941176470589,0.9102564102564102,0.9176470588235295
primary_44_SilentProbing_randomized_smoothing_Base,44,SilentProbing,randomized_smoothing,Base,29,65,0,415,20,0.96,1.0,0.7647058823529411,0.8666666666666666,0.8823529411764706
primary_44_SilentProbing_randomized_smoothing_Base,44,SilentProbing,randomized_smoothing,Base,30,71,0,415,14,0.972,1.0,0.8352941176470589,0.9102564102564102,0.9176470588235295
primary_44_SilentProbing_randomized_smoothing_Base,44,SilentProbing,randomized_smoothing,Base,31,67,0,415,18,0.964,1.0,0.788235294117647,0.8815789473684211,0.8941176470588235
primary_44_SilentProbing_randomized_smoothing_Base,44,SilentProbing,randomized_smoothing,Base,32,66,0,415,19,0.962,1.0,0.7764705882352941,0.8741721854304636,0.888235294117647
primary_44_SilentProbing_randomized_smoothing_Base,44,SilentProbing,randomized_smoothing,Base,33,67,0,415,18,0.964,1.0,0.788235294117647,0.8815789473684211,0.8941176470588235
primary_44_SilentProbing_randomized_smoothing_Base,44,SilentProbing,randomized_smoothing,Base,34,65,0,415,20,0.96,1.0,0.7647058823529411,0.8666666666666666,0.8823529411764706
primary_44_SilentProbing_randomized_smoothing_Base,44,SilentProbing,randomized_smoothing,Base,35,64,0,415,21,0.958,1.0,0.7529411764705882,0.8590604026845637,0.8764705882352941
primary_44_SilentProbing_randomized_smoothing_Base,44,SilentProbing,randomized_smoothing,Base,36,65,0,415,20,0.96,1.0,0.7647058823529411,0.8666666666666666,0.8823529411764706
primary_44_SilentProbing_randomized_smoothing_Base,44,SilentProbing,randomized_smoothing,Base,37,74,0,415,11,0.978,1.0,0.8705882352941177,0.9308176100628931,0.9352941176470588
primary_44_SilentProbing_randomized_smoothing_Base,44,SilentProbing,randomized_smoothing,Base,38,72,0,415,13,0.974,1.0,0.8470588235294118,0.9171974522292993,0.9235294117647059
primary_44_SilentProbing_randomized_smoothing_Base,44,SilentProbing,randomized_smoothing,Base,39,64,0,415,21,0.958,1.0,0.7529411764705882,0.8590604026845637,0.8764705882352941
primary_44_SilentProbing_randomized_smoothing_Base,44,SilentProbing,randomized_smoothing,Base,40,75,0,415,10,0.98,1.0,0.8823529411764706,0.9375,0.9411764705882353
primary_44_SilentProbing_randomized_smoothing_Base,44,SilentProbing,randomized_smoothing,Base,41,73,0,415,12,0.976,1.0,0.8588235294117647,0.9240506329113923,0.9294117647058824
primary_44_SilentProbing_randomized_smoothing_Base,44,SilentProbing,randomized_smoothing,Base,42,69,0,415,16,0.968,1.0,0.8117647058823529,0.8961038961038961,0.9058823529411765
primary_44_SilentProbing_randomized_smoothing_Base,44,SilentProbing,randomized_smoothing,Base,43,65,0,415,20,0.96,1.0,0.7647058823529411,0.8666666666666666,0.8823529411764706
primary_44_SilentProbing_randomized_smoothing_Base,44,SilentProbing,randomized_smoothing,Base,44,65,0,415,20,0.96,1.0,0.7647058823529411,0.8666666666666666,0.8823529411764706
primary_44_SilentProbing_randomized_smoothing_Base,44,SilentProbing,randomized_smoothing,Base,45,72,0,415,13,0.974,1.0,0.8470588235294118,0.9171974522292993,0.9235294117647059
primary_44_SilentProbing_randomized_smoothing_Base,44,SilentProbing,randomized_smoothing,Base,46,74,0,415,11,0.978,1.0,0.8705882352941177,0.9308176100628931,0.9352941176470588
primary_44_SilentProbing_randomized_smoothing_Base,44,SilentProbing,randomized_smoothing,Base,47,67,0,415,18,0.964,1.0,0.788235294117647,0.8815789473684211,0.8941176470588235
primary_44_SilentProbing_randomized_smoothing_Base,44,SilentProbing,randomized_smoothing,Base,48,75,0,415,10,0.98,1.0,0.8823529411764706,0.9375,0.9411764705882353
primary_44_SilentProbing_randomized_smoothing_Base,44,SilentProbing,randomized_smoothing,Base,49,69,0,415,16,0.968,1.0,0.8117647058823529,0.8961038961038961,0.9058823529411765
primary_44_SilentProbing_randomized_smoothing_Base,44,SilentProbing,randomized_smoothing,Base,50,70,0,415,15,0.97,1.0,0.8235294117647058,0.9032258064516129,0.9117647058823529
primary_44_SilentProbing_randomized_smoothing_Base,44,SilentProbing,randomized_smoothing,Base,51,71,0,415,14,0.972,1.0,0.8352941176470589,0.9102564102564102,0.9176470588235295
primary_44_SilentProbing_randomized_smoothing_Base,44,SilentProbing,randomized_smoothing,Base,52,67,0,415,18,0.964,1.0,0.788235294117647,0.8815789473684211,0.8941176470588235
primary_44_SilentProbing_randomized_smoothing_Base,44,SilentProbing,randomized_smoothing,Base,53,63,0,415,22,0.956,1.0,0.7411764705882353,0.8513513513513514,0.8705882352941177
primary_44_SilentProbing_randomized_smoothing_Base,44,SilentProbing,randomized_smoothing,Base,54,67,0,415,18,0.964,1.0,0.788235294117647,0.8815789473684211,0.8941176470588235
primary_44_SilentProbing_randomized_smoothing_Base,44,SilentProbing,randomized_smoothing,Base,55,66,0,415,19,0.962,1.0,0.7764705882352941,0.8741721854304636,0.888235294117647
primary_44_SilentProbing_randomized_smoothing_Base,44,SilentProbing,randomized_smoothing,Base,56,68,0,415,17,0.966,1.0,0.8,0.888888888888889,0.9
primary_44_SilentProbing_randomized_smoothing_Base,44,SilentProbing,randomized_smoothing,Base,57,68,0,415,17,0.966,1.0,0.8,0.888888888888889,0.9
primary_44_SilentProbing_randomized_smoothing_Base,44,SilentProbing,randomized_smoothing,Base,58,71,0,415,14,0.972,1.0,0.8352941176470589,0.9102564102564102,0.9176470588235295
primary_44_SilentProbing_randomized_smoothing_Base,44,SilentProbing,randomized_smoothing,Base,59,69,0,415,16,0.968,1.0,0.8117647058823529,0.8961038961038961,0.9058823529411765
primary_44_SilentProbing_randomized_smoothing_Base,44,SilentProbing,randomized_smoothing,Base,60,65,0,415,20,0.96,1.0,0.7647058823529411,0.8666666666666666,0.8823529411764706
primary_44_SilentProbing_randomized_smoothing_Base,44,SilentProbing,randomized_smoothing,Base,61,69,0,415,16,0.968,1.0,0.8117647058823529,0.8961038961038961,0.9058823529411765
primary_44_SilentProbing_randomized_smoothing_Base,44,SilentProbing,randomized_smoothing,Base,62,67,0,415,18,0.964,1.0,0.788235294117647,0.8815789473684211,0.8941176470588235
primary_44_SilentProbing_randomized_smoothing_Base,44,SilentProbing,randomized_smoothing,Base,63,67,0,415,18,0.964,1.0,0.788235294117647,0.8815789473684211,0.8941176470588235
primary_44_SilentProbing_randomized_smoothing_Base,44,SilentProbing,randomized_smoothing,Base,64,68,0,415,17,0.966,1.0,0.8,0.888888888888889,0.9
primary_44_SilentProbing_randomized_smoothing_Base,44,SilentProbing,randomized_smoothing,Base,65,66,0,415,19,0.962,1.0,0.7764705882352941,0.8741721854304636,0.888235294117647
primary_44_SilentProbing_randomized_smoothing_Base,44,SilentProbing,randomized_smoothing,Base,66,68,0,415,17,0.966,1.0,0.8,0.888888888888889,0.9
primary_44_SilentProbing_randomized_smoothing_Base,44,SilentProbing,randomized_smoothing,Base,67,71,0,415,14,0.972,1.0,0.8352941176470589,0.9102564102564102,0.9176470588235295
primary_44_SilentProbing_randomized_smoothing_Base,44,SilentProbing,randomized_smoothing,Base,68,67,0,415,18,0.964,1.0,0.788235294117647,0.8815789473684211,0.8941176470588235
primary_44_SilentProbing_randomized_smoothing_Base,44,SilentProbing,randomized_smoothing,Base,69,69,1,414,16,0.966,0.9857142857142858,0.8117647058823529,0.8903225806451613,0.904677533664068
primary_44_SilentProbing_randomized_smoothing_Base,44,SilentProbing,randomized_smoothing,Base,70,70,0,415,15,0.97,1.0,0.8235294117647058,0.9032258064516129,0.9117647058823529
primary_44_SilentProbing_randomized_smoothing_Base,44,SilentProbing,randomized_smoothing,Base,71,70,0,415,15,0.97,1.0,0.8235294117647058,0.9032258064516129,0.9117647058823529
primary_44_SilentProbing_randomized_smoothing_Base,44,SilentProbing,randomized_smoothing,Base,72,70,0,415,15,0.97,1.0,0.8235294117647058,0.9032258064516129,0.9117647058823529
primary_44_SilentProbing_randomized_smoothing_Base,44,SilentProbing,randomized_smoothing,Base,73,67,0,415,18,0.964,1.0,0.788235294117647,0.8815789473684211,0.8941176470588235
primary_44_SilentProbing_randomized_smoothing_Base,44,SilentProbing,randomized_smoothing,Base,74,78,0,415,7,0.986,1.0,0.9176470588235294,0.9570552147239264,0.9588235294117646
primary_44_SilentProbing_randomized_smoothing_Base,44,SilentProbing,randomized_smoothing,Base,75,69,0,415,16,0.968,1.0,0.8117647058823529,0.8961038961038961,0.9058823529411765
primary_44_SilentProbing_randomized_smoothing_Base,44,SilentProbing,randomized_smoothing,Base,76,70,0,415,15,0.97,1.0,0.8235294117647058,0.9032258064516129,0.9117647058823529
primary_44_SilentProbing_randomized_smoothing_Base,44,SilentProbing,randomized_smoothing,Base,77,70,0,415,15,0.97,1.0,0.8235294117647058,0.9032258064516129,0.9117647058823529
primary_44_SilentProbing_randomized_smoothing_Base,44,SilentProbing,randomized_smoothing,Base,78,69,0,415,16,0.968,1.0,0.8117647058823529,0.8961038961038961,0.9058823529411765
primary_44_SilentProbing_randomized_smoothing_Base,44,SilentProbing,randomized_smoothing,Base,79,67,0,415,18,0.964,1.0,0.788235294117647,0.8815789473684211,0.8941176470588235
primary_44_SilentProbing_randomized_smoothing_Base,44,SilentProbing,randomized_smoothing,Base,80,67,0,415,18,0.964,1.0,0.788235294117647,0.8815789473684211,0.8941176470588235
primary_44_SilentProbing_randomized_smoothing_Base,44,SilentProbing,randomized_smoothing,Base,81,69,0,415,16,0.968,1.0,0.8117647058823529,0.8961038961038961,0.9058823529411765
primary_44_SilentProbing_randomized_smoothing_Base,44,SilentProbing,randomized_smoothing,Base,82,72,0,415,13,0.974,1.0,0.8470588235294118,0.9171974522292993,0.9235294117647059
primary_44_SilentProbing_randomized_smoothing_Base,44,SilentProbing,randomized_smoothing,Base,83,62,0,415,23,0.954,1.0,0.7294117647058823,0.8435374149659863,0.8647058823529412
primary_44_SilentProbing_randomized_smoothing_Base,44,SilentProbing,randomized_smoothing,Base,84,72,0,415,13,0.974,1.0,0.8470588235294118,0.9171974522292993,0.9235294117647059
primary_44_SilentProbing_randomized_smoothing_Base,44,SilentProbing,randomized_smoothing,Base,85,67,0,415,18,0.964,1.0,0.788235294117647,0.8815789473684211,0.8941176470588235
primary_44_SilentProbing_randomized_smoothing_Base,44,SilentProbing,randomized_smoothing,Base,86,69,1,414,16,0.966,0.9857142857142858,0.8117647058823529,0.8903225806451613,0.904677533664068
primary_44_SilentProbing_randomized_smoothing_Base,44,SilentProbing,randomized_smoothing,Base,87,62,0,415,23,0.954,1.0,0.7294117647058823,0.8435374149659863,0.8647058823529412
primary_44_SilentProbing_randomized_smoothing_Base,44,SilentProbing,randomized_smoothing,Base,88,64,0,415,21,0.958,1.0,0.7529411764705882,0.8590604026845637,0.8764705882352941
primary_44_SilentProbing_randomized_smoothing_Base,44,SilentProbing,randomized_smoothing,Base,89,70,0,415,15,0.97,1.0,0.8235294117647058,0.9032258064516129,0.9117647058823529
primary_44_SilentProbing_randomized_smoothing_Base,44,SilentProbing,randomized_smoothing,Base,90,69,0,415,16,0.968,1.0,0.8117647058823529,0.8961038961038961,0.9058823529411765
primary_44_SilentProbing_randomized_smoothing_Base,44,SilentProbing,randomized_smoothing,Base,91,65,0,415,20,0.96,1.0,0.7647058823529411,0.8666666666666666,0.8823529411764706
primary_44_SilentProbing_randomized_smoothing_Base,44,SilentProbing,randomized_smoothing,Base,92,65,0,415,20,0.96,1.0,0.7647058823529411,0.8666666666666666,0.8823529411764706
primary_44_SilentProbing_randomized_smoothing_Base,44,SilentProbing,randomized_smoothing,Base,93,71,0,415,14,0.972,1.0,0.8352941176470589,0.9102564102564102,0.9176470588235295
primary_44_SilentProbing_randomized_smoothing_Base,44,SilentProbing,randomized_smoothing,Base,94,66,0,415,19,0.962,1.0,0.7764705882352941,0.8741721854304636,0.888235294117647
primary_44_SilentProbing_randomized_smoothing_Base,44,SilentProbing,randomized_smoothing,Base,95,72,0,415,13,0.974,1.0,0.8470588235294118,0.9171974522292993,0.9235294117647059
primary_44_SilentProbing_randomized_smoothing_Base,44,SilentProbing,randomized_smoothing,Base,96,67,0,415,18,0.964,1.0,0.788235294117647,0.8815789473684211,0.8941176470588235
primary_44_SilentProbing_randomized_smoothing_Base,44,SilentProbing,randomized_smoothing,Base,97,64,0,415,21,0.958,1.0,0.7529411764705882,0.8590604026845637,0.8764705882352941
primary_44_SilentProbing_randomized_smoothing_Base,44,SilentProbing,randomized_smoothing,Base,98,71,0,415,14,0.972,1.0,0.8352941176470589,0.9102564102564102,0.9176470588235295
primary_44_SilentProbing_randomized_smoothing_Base,44,SilentProbing,randomized_smoothing,Base,99,62,0,415,23,0.954,1.0,0.7294117647058823,0.8435374149659863,0.8647058823529412
primary_44_SilentProbing_randomized_smoothing_Base,44,SilentProbing,randomized_smoothing,Base,100,75,0,415,10,0.98,1.0,0.8823529411764706,0.9375,0.9411764705882353
primary_44_SilentProbing_randomized_smoothing_Base,44,SilentProbing,randomized_smoothing,Base,101,68,0,415,17,0.966,1.0,0.8,0.888888888888889,0.9
primary_44_SilentProbing_randomized_smoothing_Base,44,SilentProbing,randomized_smoothing,Base,102,70,0,415,15,0.97,1.0,0.8235294117647058,0.9032258064516129,0.9117647058823529
primary_44_SilentProbing_randomized_smoothing_Base,44,SilentProbing,randomized_smoothing,Base,103,71,0,415,14,0.972,1.0,0.8352941176470589,0.9102564102564102,0.9176470588235295
primary_44_SilentProbing_randomized_smoothing_Base,44,SilentProbing,randomized_smoothing,Base,104,74,0,415,11,0.978,1.0,0.8705882352941177,0.9308176100628931,0.9352941176470588
primary_44_SilentProbing_randomized_smoothing_Base,44,SilentProbing,randomized_smoothing,Base,105,73,0,415,12,0.976,1.0,0.8588235294117647,0.9240506329113923,0.9294117647058824
primary_44_SilentProbing_randomized_smoothing_Base,44,SilentProbing,randomized_smoothing,Base,106,69,0,415,16,0.968,1.0,0.8117647058823529,0.8961038961038961,0.9058823529411765
primary_44_SilentProbing_randomized_smoothing_Base,44,SilentProbing,randomized_smoothing,Base,107,65,0,415,20,0.96,1.0,0.7647058823529411,0.8666666666666666,0.8823529411764706
primary_44_SilentProbing_randomized_smoothing_Base,44,SilentProbing,randomized_smoothing,Base,108,70,0,415,15,0.97,1.0,0.8235294117647058,0.9032258064516129,0.9117647058823529
primary_44_SilentProbing_randomized_smoothing_Base,44,SilentProbing,randomized_smoothing,Base,109,65,0,415,20,0.96,1.0,0.7647058823529411,0.8666666666666666,0.8823529411764706
primary_44_SilentProbing_randomized_smoothing_Base,44,SilentProbing,randomized_smoothing,Base,110,67,1,414,18,0.962,0.9852941176470589,0.788235294117647,0.8758169934640523,0.8929128277817151
primary_44_SilentProbing_randomized_smoothing_Base,44,SilentProbing,randomized_smoothing,Base,111,70,0,415,15,0.97,1.0,0.8235294117647058,0.9032258064516129,0.9117647058823529
primary_44_SilentProbing_randomized_smoothing_Base,44,SilentProbing,randomized_smoothing,Base,112,70,0,415,15,0.97,1.0,0.8235294117647058,0.9032258064516129,0.9117647058823529
primary_44_SilentProbing_randomized_smoothing_Base,44,SilentProbing,randomized_smoothing,Base,113,67,0,415,18,0.964,1.0,0.788235294117647,0.8815789473684211,0.8941176470588235
primary_44_SilentProbing_randomized_smoothing_Base,44,SilentProbing,randomized_smoothing,Base,114,67,0,415,18,0.964,1.0,0.788235294117647,0.8815789473684211,0.8941176470588235
primary_44_SilentProbing_randomized_smoothing_Base,44,SilentProbing,randomized_smoothing,Base,115,66,0,415,19,0.962,1.0,0.7764705882352941,0.8741721854304636,0.888235294117647
primary_44_SilentProbing_randomized_smoothing_Base,44,SilentProbing,randomized_smoothing,Base,116,61,0,415,24,0.952,1.0,0.7176470588235294,0.8356164383561643,0.8588235294117648
primary_44_SilentProbing_randomized_smoothing_Base,44,SilentProbing,randomized_smoothing,Base,117,70,0,415,15,0.97,1.0,0.8235294117647058,0.9032258064516129,0.9117647058823529
primary_44_SilentProbing_randomized_smoothing_Base,44,SilentProbing,randomized_smoothing,Base,118,70,0,415,15,0.97,1.0,0.8235294117647058,0.9032258064516129,0.9117647058823529
primary_44_SilentProbing_randomized_smoothing_Base,44,SilentProbing,randomized_smoothing,Base,119,71,0,415,14,0.972,1.0,0.8352941176470589,0.9102564102564102,0.9176470588235295
primary_44_SilentProbing_randomized_smoothing_Base,44,SilentProbing,randomized_smoothing,Base,120,77,0,415,8,0.984,1.0,0.9058823529411765,0.9506172839506173,0.9529411764705882
primary_44_SilentProbing_randomized_smoothing_Base,44,SilentProbing,randomized_smoothing,Base,121,71,0,415,14,0.972,1.0,0.8352941176470589,0.9102564102564102,0.9176470588235295
primary_44_SilentProbing_randomized_smoothing_Base,44,SilentProbing,randomized_smoothing,Base,122,73,0,415,12,0.976,1.0,0.8588235294117647,0.9240506329113923,0.9294117647058824
primary_44_SilentProbing_randomized_smoothing_Base,44,SilentProbing,randomized_smoothing,Base,123,67,0,415,18,0.964,1.0,0.788235294117647,0.8815789473684211,0.8941176470588235
primary_44_SilentProbing_randomized_smoothing_Base,44,SilentProbing,randomized_smoothing,Base,124,65,0,415,20,0.96,1.0,0.7647058823529411,0.8666666666666666,0.8823529411764706
primary_44_SilentProbing_randomized_smoothing_Base,44,SilentProbing,randomized_smoothing,Base,125,71,0,415,14,0.972,1.0,0.8352941176470589,0.9102564102564102,0.9176470588235295
primary_44_SilentProbing_randomized_smoothing_Base,44,SilentProbing,randomized_smoothing,Base,126,74,0,415,11,0.978,1.0,0.8705882352941177,0.9308176100628931,0.9352941176470588
primary_44_SilentProbing_randomized_smoothing_Base,44,SilentProbing,randomized_smoothing,Base,127,65,0,415,20,0.96,1.0,0.7647058823529411,0.8666666666666666,0.8823529411764706
primary_44_SilentProbing_randomized_smoothing_Base,44,SilentProbing,randomized_smoothing,Base,128,71,0,415,14,0.972,1.0,0.8352941176470589,0.9102564102564102,0.9176470588235295
primary_44_SilentProbing_randomized_smoothing_Base,44,SilentProbing,randomized_smoothing,Base,129,68,0,415,17,0.966,1.0,0.8,0.888888888888889,0.9
primary_44_SilentProbing_randomized_smoothing_Base,44,SilentProbing,randomized_smoothing,Base,130,74,0,415,11,0.978,1.0,0.8705882352941177,0.9308176100628931,0.9352941176470588
primary_44_SilentProbing_randomized_smoothing_Base,44,SilentProbing,randomized_smoothing,Base,131,64,0,415,21,0.958,1.0,0.7529411764705882,0.8590604026845637,0.8764705882352941
primary_44_SilentProbing_randomized_smoothing_Base,44,SilentProbing,randomized_smoothing,Base,132,65,0,415,20,0.96,1.0,0.7647058823529411,0.8666666666666666,0.8823529411764706
primary_44_SilentProbing_randomized_smoothing_Base,44,SilentProbing,randomized_smoothing,Base,133,70,0,415,15,0.97,1.0,0.8235294117647058,0.9032258064516129,0.9117647058823529
primary_44_SilentProbing_randomized_smoothing_Base,44,SilentProbing,randomized_smoothing,Base,134,64,0,415,21,0.958,1.0,0.7529411764705882,0.8590604026845637,0.8764705882352941
primary_44_SilentProbing_randomized_smoothing_Base,44,SilentProbing,randomized_smoothing,Base,135,67,0,415,18,0.964,1.0,0.788235294117647,0.8815789473684211,0.8941176470588235
primary_44_SilentProbing_randomized_smoothing_Base,44,SilentProbing,randomized_smoothing,Base,136,70,0,415,15,0.97,1.0,0.8235294117647058,0.9032258064516129,0.9117647058823529
primary_44_SilentProbing_randomized_smoothing_Base,44,SilentProbing,randomized_smoothing,Base,137,71,0,415,14,0.972,1.0,0.8352941176470589,0.9102564102564102,0.9176470588235295
primary_44_SilentProbing_randomized_smoothing_Base,44,SilentProbing,randomized_smoothing,Base,138,71,0,415,14,0.972,1.0,0.8352941176470589,0.9102564102564102,0.9176470588235295
primary_44_SilentProbing_randomized_smoothing_Base,44,SilentProbing,randomized_smoothing,Base,139,68,0,415,17,0.966,1.0,0.8,0.888888888888889,0.9
primary_44_SilentProbing_randomized_smoothing_Base,44,SilentProbing,randomized_smoothing,Base,140,68,0,415,17,0.966,1.0,0.8,0.888888888888889,0.9
primary_44_SilentProbing_randomized_smoothing_Base,44,SilentProbing,randomized_smoothing,Base,141,69,0,415,16,0.968,1.0,0.8117647058823529,0.8961038961038961,0.9058823529411765
primary_44_SilentProbing_randomized_smoothing_Base,44,SilentProbing,randomized_smoothing,Base,142,67,0,415,18,0.964,1.0,0.788235294117647,0.8815789473684211,0.8941176470588235
primary_44_SilentProbing_randomized_smoothing_Base,44,SilentProbing,randomized_smoothing,Base,143,71,0,415,14,0.972,1.0,0.8352941176470589,0.9102564102564102,0.9176470588235295
primary_44_SilentProbing_randomized_smoothing_C1,44,SilentProbing,randomized_smoothing,C1,0,71,0,414,15,0.97,1.0,0.8255813953488372,0.9044585987261146,0.9127906976744187
primary_44_SilentProbing_randomized_smoothing_C1,44,SilentProbing,randomized_smoothing,C1,1,70,0,414,16,0.968,1.0,0.813953488372093,0.8974358974358974,0.9069767441860466
primary_44_SilentProbing_randomized_smoothing_C1,44,SilentProbing,randomized_smoothing,C1,2,79,1,413,7,0.984,0.9875,0.9186046511627907,0.9518072289156626,0.9580945961127962
primary_44_SilentProbing_randomized_smoothing_C1,44,SilentProbing,randomized_smoothing,C1,3,76,0,414,10,0.98,1.0,0.8837209302325582,0.9382716049382717,0.9418604651162791
primary_44_SilentProbing_randomized_smoothing_C1,44,SilentProbing,randomized_smoothing,C1,4,81,1,413,5,0.988,0.9878048780487805,0.9418604651162791,0.9642857142857143,0.9697225030895404
primary_44_SilentProbing_randomized_smoothing_C1,44,SilentProbing,randomized_smoothing,C1,5,82,0,414,4,0.992,1.0,0.9534883720930233,0.9761904761904763,0.9767441860465116
primary_44_SilentProbing_randomized_smoothing_C1,44,SilentProbing,randomized_smoothing,C1,6,79,0,414,7,0.986,1.0,0.9186046511627907,0.9575757575757576,0.9593023255813953
primary_44_SilentProbing_randomized_smoothing_C1,44,SilentProbing,randomized_smoothing,C1,7,78,0,414,8,0.984,1.0,0.9069767441860465,0.951219512195122,0.9534883720930232
primary_44_SilentProbing_randomized_smoothing_C1,44,SilentProbing,randomized_smoothing,C1,8,79,0,414,7,0.986,1.0,0.9186046511627907,0.9575757575757576,0.9593023255813953
primary_44_SilentProbing_randomized_smoothing_C1,44,SilentProbing,randomized_smoothing,C1,9,84,0,414,2,0.996,1.0,0.9767441860465116,0.988235294117647,0.9883720930232558
primary_44_SilentProbing_randomized_smoothing_C1,44,SilentProbing,randomized_smoothing,C1,10,79,1,413,7,0.984,0.9875,0.9186046511627907,0.9518072289156626,0.9580945961127962
primary_44_SilentProbing_randomized_smoothing_C1,44,SilentProbing,randomized_smoothing,C1,11,80,0,414,6,0.988,1.0,0.9302325581395349,0.963855421686747,0.9651162790697674
primary_44_SilentProbing_randomized_smoothing_C1,44,SilentProbing,randomized_smoothing,C1,12,83,0,414,3,0.994,1.0,0.9651162790697675,0.9822485207100593,0.9825581395348837
primary_44_SilentProbing_randomized_smoothing_C1,44,SilentProbing,randomized_smoothing,C1,13,83,0,414,3,0.994,1.0,0.9651162790697675,0.9822485207100593,0.9825581395348837
primary_44_SilentProbing_randomized_smoothing_C1,44,SilentProbing,randomized_smoothing,C1,14,83,1,413,3,0.992,0.9880952380952381,0.9651162790697675,0.9764705882352942,0.9813504100662847
primary_44_SilentProbing_randomized_smoothing_C1,44,SilentProbing,randomized_smoothing,C1,15,83,0,414,3,0.994,1.0,0.9651162790697675,0.9822485207100593,0.9825581395348837
primary_44_SilentProbing_randomized_smoothing_C1,44,SilentProbing,randomized_smoothing,C1,16,78,1,413,8,0.982,0.9873417721518988,0.9069767441860465,0.9454545454545454,0.9522806426244241
primary_44_SilentProbing_randomized_smoothing_C1,44,SilentProbing,randomized_smoothing,C1,17,84,0,415,1,0.998,1.0,0.9882352941176471,0.9940828402366864,0.9941176470588236
primary_44_SilentProbing_randomized_smoothing_C1,44,SilentProbing,randomized_smoothing,C1,18,79,0,415,6,0.988,1.0,0.9294117647058824,0.9634146341463414,0.9647058823529412
primary_44_SilentProbing_randomized_smoothing_C1,44,SilentProbing,randomized_smoothing,C1,19,84,0,415,1,0.998,1.0,0.9882352941176471,0.9940828402366864,0.9941176470588236
primary_44_SilentProbing_randomized_smoothing_C1,44,SilentProbing,randomized_smoothing,C1,20,75,1,414,10,0.978,0.9868421052631579,0.8823529411764706,0.9316770186335402,0.9399716513111269
primary_44_SilentProbing_randomized_smoothing_C1,44,SilentProbing,randomized_smoothing,C1,21,75,1,414,10,0.978,0.9868421052631579,0.8823529411764706,0.9316770186335402,0.9399716513111269
primary_44_SilentProbing_randomized_smoothing_C1,44,SilentProbing,randomized_smoothing,C1,22,76,0,415,9,0.982,1.0,0.8941176470588236,0.9440993788819877,0.9470588235294117
primary_44_SilentProbing_randomized_smoothing_C1,44,SilentProbing,randomized_smoothing,C1,23,81,0,415,4,0.992,1.0,0.9529411764705882,0.9759036144578312,0.9764705882352941
primary_44_SilentProbing_randomized_smoothing_C1,44,SilentProbing,randomized_smoothing,C1,24,80,0,415,5,0.99,1.0,0.9411764705882353,0.9696969696969697,0.9705882352941176
primary_44_SilentProbing_randomized_smoothing_C1,44,SilentProbing,randomized_smoothing,C1,25,77,0,415,8,0.984,1.0,0.9058823529411765,0.9506172839506173,0.9529411764705882
primary_44_SilentProbing_randomized_smoothing_C1,44,SilentProbing,randomized_smoothing,C1,26,77,0,415,8,0.984,1.0,0.9058823529411765,0.9506172839506173,0.9529411764705882
primary_44_SilentProbing_randomized_smoothing_C1,44,SilentProbing,randomized_smoothing,C1,27,77,0,415,8,0.984,1.0,0.9058823529411765,0.9506172839506173,0.9529411764705882
primary_44_SilentProbing_randomized_smoothing_C1,44,SilentProbing,randomized_smoothing,C1,28,79,0,415,6,0.988,1.0,0.9294117647058824,0.9634146341463414,0.9647058823529412
primary_44_SilentProbing_randomized_smoothing_C1,44,SilentProbing,randomized_smoothing,C1,29,80,0,415,5,0.99,1.0,0.9411764705882353,0.9696969696969697,0.9705882352941176
primary_44_SilentProbing_randomized_smoothing_C1,44,SilentProbing,randomized_smoothing,C1,30,79,0,415,6,0.988,1.0,0.9294117647058824,0.9634146341463414,0.9647058823529412
primary_44_SilentProbing_randomized_smoothing_C1,44,SilentProbing,randomized_smoothing,C1,31,78,0,415,7,0.986,1.0,0.9176470588235294,0.9570552147239264,0.9588235294117646
primary_44_SilentProbing_randomized_smoothing_C1,44,SilentProbing,randomized_smoothing,C1,32,80,0,415,5,0.99,1.0,0.9411764705882353,0.9696969696969697,0.9705882352941176
primary_44_SilentProbing_randomized_smoothing_C1,44,SilentProbing,randomized_smoothing,C1,33,81,0,415,4,0.992,1.0,0.9529411764705882,0.9759036144578312,0.9764705882352941
primary_44_SilentProbing_randomized_smoothing_C1,44,SilentProbing,randomized_smoothing,C1,34,79,1,414,6,0.986,0.9875,0.9294117647058824,0.9575757575757576,0.9635010630758327
primary_44_SilentProbing_randomized_smoothing_C1,44,SilentProbing,randomized_smoothing,C1,35,75,0,415,10,0.98,1.0,0.8823529411764706,0.9375,0.9411764705882353
primary_44_SilentProbing_randomized_smoothing_C1,44,SilentProbing,randomized_smoothing,C1,36,79,0,415,6,0.988,1.0,0.9294117647058824,0.9634146341463414,0.9647058823529412
primary_44_SilentProbing_randomized_smoothing_C1,44,SilentProbing,randomized_smoothing,C1,37,81,1,414,4,0.99,0.9878048780487805,0.9529411764705882,0.9700598802395209,0.9752657689581856
primary_44_SilentProbing_randomized_smoothing_C1,44,SilentProbing,randomized_smoothing,C1,38,81,0,415,4,0.992,1.0,0.9529411764705882,0.9759036144578312,0.9764705882352941
primary_44_SilentProbing_randomized_smoothing_C1,44,SilentProbing,randomized_smoothing,C1,39,81,0,415,4,0.992,1.0,0.9529411764705882,0.9759036144578312,0.9764705882352941
primary_44_SilentProbing_randomized_smoothing_C1,44,SilentProbing,randomized_smoothing,C1,40,82,0,415,3,0.994,1.0,0.9647058823529412,0.9820359281437125,0.9823529411764707
primary_44_SilentProbing_randomized_smoothing_C1,44,SilentProbing,randomized_smoothing,C1,41,82,0,415,3,0.994,1.0,0.9647058823529412,0.9820359281437125,0.9823529411764707
primary_44_SilentProbing_randomized_smoothing_C1,44,SilentProbing,randomized_smoothing,C1,42,81,0,415,4,0.992,1.0,0.9529411764705882,0.9759036144578312,0.9764705882352941
primary_44_SilentProbing_randomized_smoothing_C1,44,SilentProbing,randomized_smoothing,C1,43,78,1,414,7,0.984,0.9873417721518988,0.9176470588235294,0.9512195121951219,0.9576187101346563
primary_44_SilentProbing_randomized_smoothing_C1,44,SilentProbing,randomized_smoothing,C1,44,79,0,415,6,0.988,1.0,0.9294117647058824,0.9634146341463414,0.9647058823529412
primary_44_SilentProbing_randomized_smoothing_C1,44,SilentProbing,randomized_smoothing,C1,45,81,0,415,4,0.992,1.0,0.9529411764705882,0.9759036144578312,0.9764705882352941
primary_44_SilentProbing_randomized_smoothing_C1,44,SilentProbing,randomized_smoothing,C1,46,81,1,414,4,0.99,0.9878048780487805,0.9529411764705882,0.9700598802395209,0.9752657689581856
primary_44_SilentProbing_randomized_smoothing_C1,44,SilentProbing,randomized_smoothing,C1,47,76,0,415,9,0.982,1.0,0.8941176470588236,0.9440993788819877,0.9470588235294117
primary_44_SilentProbing_randomized_smoothing_C1,44,SilentProbing,randomized_smoothing,C1,48,81,0,415,4,0.992,1.0,0.9529411764705882,0.9759036144578312,0.9764705882352941
primary_44_SilentProbing_randomized_smoothing_C1,44,SilentProbing,randomized_smoothing,C1,49,77,0,415,8,0.984,1.0,0.9058823529411765,0.9506172839506173,0.9529411764705882
primary_44_SilentProbing_randomized_smoothing_C1,44,SilentProbing,randomized_smoothing,C1,50,81,0,415,4,0.992,1.0,0.9529411764705882,0.9759036144578312,0.9764705882352941
primary_44_SilentProbing_randomized_smoothing_C1,44,SilentProbing,randomized_smoothing,C1,51,80,2,413,5,0.986,0.975609756097561,0.9411764705882353,0.9580838323353293,0.9681785967399008
primary_44_SilentProbing_randomized_smoothing_C1,44,SilentProbing,randomized_smoothing,C1,52,80,0,415,5,0.99,1.0,0.9411764705882353,0.9696969696969697,0.9705882352941176
primary_44_SilentProbing_randomized_smoothing_C1,44,SilentProbing,randomized_smoothing,C1,53,77,1,414,8,0.982,0.9871794871794872,0.9058823529411765,0.9447852760736197,0.9517363571934798
primary_44_SilentProbing_randomized_smoothing_C1,44,SilentProbing,randomized_smoothing,C1,54,82,0,415,3,0.994,1.0,0.9647058823529412,0.9820359281437125,0.9823529411764707
primary_44_SilentProbing_randomized_smoothing_C1,44,SilentProbing,randomized_smoothing,C1,55,78,0,415,7,0.986,1.0,0.9176470588235294,0.9570552147239264,0.9588235294117646
primary_44_SilentProbing_randomized_smoothing_C1,44,SilentProbing,randomized_smoothing,C1,56,78,0,415,7,0.986,1.0,0.9176470588235294,0.9570552147239264,0.9588235294117646
primary_44_SilentProbing_randomized_smoothing_C1,44,SilentProbing,randomized_smoothing,C1,57,81,0,415,4,0.992,1.0,0.9529411764705882,0.9759036144578312,0.9764705882352941
primary_44_SilentProbing_randomized_smoothing_C1,44,SilentProbing,randomized_smoothing,C1,58,82,2,413,3,0.99,0.9761904761904762,0.9647058823529412,0.9704142011834319,0.9799433026222537
primary_44_SilentProbing_randomized_smoothing_C1,44,SilentProbing,randomized_smoothing,C1,59,78,0,415,7,0.986,1.0,0.9176470588235294,0.9570552147239264,0.9588235294117646
primary_44_SilentProbing_randomized_smoothing_C1,44,SilentProbing,randomized_smoothing,C1,60,81,0,415,4,0.992,1.0,0.9529411764705882,0.9759036144578312,0.9764705882352941
primary_44_SilentProbing_randomized_smoothing_C1,44,SilentProbing,randomized_smoothing,C1,61,78,0,415,7,0.986,1.0,0.9176470588235294,0.9570552147239264,0.9588235294117646
primary_44_SilentProbing_randomized_smoothing_C1,44,SilentProbing,randomized_smoothing,C1,62,81,0,415,4,0.992,1.0,0.9529411764705882,0.9759036144578312,0.9764705882352941
primary_44_SilentProbing_randomized_smoothing_C1,44,SilentProbing,randomized_smoothing,C1,63,77,0,415,8,0.984,1.0,0.9058823529411765,0.9506172839506173,0.9529411764705882
primary_44_SilentProbing_randomized_smoothing_C1,44,SilentProbing,randomized_smoothing,C1,64,77,0,415,8,0.984,1.0,0.9058823529411765,0.9506172839506173,0.9529411764705882
primary_44_SilentProbing_randomized_smoothing_C1,44,SilentProbing,randomized_smoothing,C1,65,78,0,415,7,0.986,1.0,0.9176470588235294,0.9570552147239264,0.9588235294117646
primary_44_SilentProbing_randomized_smoothing_C1,44,SilentProbing,randomized_smoothing,C1,66,81,0,415,4,0.992,1.0,0.9529411764705882,0.9759036144578312,0.9764705882352941
primary_44_SilentProbing_randomized_smoothing_C1,44,SilentProbing,randomized_smoothing,C1,67,81,0,415,4,0.992,1.0,0.9529411764705882,0.9759036144578312,0.9764705882352941
primary_44_SilentProbing_randomized_smoothing_C1,44,SilentProbing,randomized_smoothing,C1,68,79,0,415,6,0.988,1.0,0.9294117647058824,0.9634146341463414,0.9647058823529412
primary_44_SilentProbing_randomized_smoothing_C1,44,SilentProbing,randomized_smoothing,C1,69,80,2,413,5,0.986,0.975609756097561,0.9411764705882353,0.9580838323353293,0.9681785967399008
primary_44_SilentProbing_randomized_smoothing_C1,44,SilentProbing,randomized_smoothing,C1,70,82,0,415,3,0.994,1.0,0.9647058823529412,0.9820359281437125,0.9823529411764707
primary_44_SilentProbing_randomized_smoothing_C1,44,SilentProbing,randomized_smoothing,C1,71,77,0,415,8,0.984,1.0,0.9058823529411765,0.9506172839506173,0.9529411764705882
primary_44_SilentProbing_randomized_smoothing_C1,44,SilentProbing,randomized_smoothing,C1,72,78,0,415,7,0.986,1.0,0.9176470588235294,0.9570552147239264,0.9588235294117646
primary_44_SilentProbing_randomized_smoothing_C1,44,SilentProbing,randomized_smoothing,C1,73,77,0,415,8,0.984,1.0,0.9058823529411765,0.9506172839506173,0.9529411764705882
primary_44_SilentProbing_randomized_smoothing_C1,44,SilentProbing,randomized_smoothing,C1,74,82,0,415,3,0.994,1.0,0.9647058823529412,0.9820359281437125,0.9823529411764707
primary_44_SilentProbing_randomized_smoothing_C1,44,SilentProbing,randomized_smoothing,C1,75,78,0,415,7,0.986,1.0,0.9176470588235294,0.9570552147239264,0.9588235294117646
primary_44_SilentProbing_randomized_smoothing_C1,44,SilentProbing,randomized_smoothing,C1,76,82,1,414,3,0.992,0.9879518072289156,0.9647058823529412,0.9761904761904762,0.9811481218993622
primary_44_SilentProbing_randomized_smoothing_C1,44,SilentProbing,randomized_smoothing,C1,77,80,0,415,5,0.99,1.0,0.9411764705882353,0.9696969696969697,0.9705882352941176
primary_44_SilentProbing_randomized_smoothing_C1,44,SilentProbing,randomized_smoothing,C1,78,83,0,415,2,0.996,1.0,0.9764705882352941,0.988095238095238,0.9882352941176471
primary_44_SilentProbing_randomized_smoothing_C1,44,SilentProbing,randomized_smoothing,C1,79,81,0,415,4,0.992,1.0,0.9529411764705882,0.9759036144578312,0.9764705882352941
primary_44_SilentProbing_randomized_smoothing_C1,44,SilentProbing,randomized_smoothing,C1,80,79,0,415,6,0.988,1.0,0.9294117647058824,0.9634146341463414,0.9647058823529412
primary_44_SilentProbing_randomized_smoothing_C1,44,SilentProbing,randomized_smoothing,C1,81,76,0,415,9,0.982,1.0,0.8941176470588236,0.9440993788819877,0.9470588235294117
primary_44_SilentProbing_randomized_smoothing_C1,44,SilentProbing,randomized_smoothing,C1,82,80,0,415,5,0.99,1.0,0.9411764705882353,0.9696969696969697,0.9705882352941176
primary_44_SilentProbing_randomized_smoothing_C1,44,SilentProbing,randomized_smoothing,C1,83,78,0,415,7,0.986,1.0,0.9176470588235294,0.9570552147239264,0.9588235294117646
primary_44_SilentProbing_randomized_smoothing_C1,44,SilentProbing,randomized_smoothing,C1,84,79,0,415,6,0.988,1.0,0.9294117647058824,0.9634146341463414,0.9647058823529412
primary_44_SilentProbing_randomized_smoothing_C1,44,SilentProbing,randomized_smoothing,C1,85,82,1,414,3,0.992,0.9879518072289156,0.9647058823529412,0.9761904761904762,0.9811481218993622
primary_44_SilentProbing_randomized_smoothing_C1,44,SilentProbing,randomized_smoothing,C1,86,76,2,413,9,0.978,0.9743589743589743,0.8941176470588236,0.9325153374233129,0.9446491849751949
primary_44_SilentProbing_randomized_smoothing_C1,44,SilentProbing,randomized_smoothing,C1,87,78,0,415,7,0.986,1.0,0.9176470588235294,0.9570552147239264,0.9588235294117646
primary_44_SilentProbing_randomized_smoothing_C1,44,SilentProbing,randomized_smoothing,C1,88,81,0,415,4,0.992,1.0,0.9529411764705882,0.9759036144578312,0.9764705882352941
primary_44_SilentProbing_randomized_smoothing_C1,44,SilentProbing,randomized_smoothing,C1,89,79,1,414,6,0.986,0.9875,0.9294117647058824,0.9575757575757576,0.9635010630758327
primary_44_SilentProbing_randomized_smoothing_C1,44,SilentProbing,randomized_smoothing,C1,90,82,1,414,3,0.992,0.9879518072289156,0.9647058823529412,0.9761904761904762,0.9811481218993622
primary_44_SilentProbing_randomized_smoothing_C1,44,SilentProbing,randomized_smoothing,C1,91,80,1,414,5,0.988,0.9876543209876543,0.9411764705882353,0.963855421686747,0.9693834160170092
primary_44_SilentProbing_randomized_smoothing_C1,44,SilentProbing,randomized_smoothing,C1,92,80,0,415,5,0.99,1.0,0.9411764705882353,0.9696969696969697,0.9705882352941176
primary_44_SilentProbing_randomized_smoothing_C1,44,SilentProbing,randomized_smoothing,C1,93,79,0,415,6,0.988,1.0,0.9294117647058824,0.9634146341463414,0.9647058823529412
primary_44_SilentProbing_randomized_smoothing_C1,44,SilentProbing,randomized_smoothing,C1,94,82,0,415,3,0.994,1.0,0.9647058823529412,0.9820359281437125,0.9823529411764707
primary_44_SilentProbing_randomized_smoothing_C1,44,SilentProbing,randomized_smoothing,C1,95,82,1,414,3,0.992,0.9879518072289156,0.9647058823529412,0.9761904761904762,0.9811481218993622
primary_44_SilentProbing_randomized_smoothing_C1,44,SilentProbing,randomized_smoothing,C1,96,84,0,415,1,0.998,1.0,0.9882352941176471,0.9940828402366864,0.9941176470588236
primary_44_SilentProbing_randomized_smoothing_C1,44,SilentProbing,randomized_smoothing,C1,97,76,1,414,9,0.98,0.987012987012987,0.8941176470588236,0.9382716049382716,0.9458540042523034
primary_44_SilentProbing_randomized_smoothing_C1,44,SilentProbing,randomized_smoothing,C1,98,80,0,415,5,0.99,1.0,0.9411764705882353,0.9696969696969697,0.9705882352941176
primary_44_SilentProbing_randomized_smoothing_C1,44,SilentProbing,randomized_smoothing,C1,99,82,1,414,3,0.992,0.9879518072289156,0.9647058823529412,0.9761904761904762,0.9811481218993622
primary_44_SilentProbing_randomized_smoothing_C1,44,SilentProbing,randomized_smoothing,C1,100,81,1,414,4,0.99,0.9878048780487805,0.9529411764705882,0.9700598802395209,0.9752657689581856
primary_44_SilentProbing_randomized_smoothing_C1,44,SilentProbing,randomized_smoothing,C1,101,81,0,415,4,0.992,1.0,0.9529411764705882,0.9759036144578312,0.9764705882352941
primary_44_SilentProbing_randomized_smoothing_C1,44,SilentProbing,randomized_smoothing,C1,102,82,0,415,3,0.994,1.0,0.9647058823529412,0.9820359281437125,0.9823529411764707
primary_44_SilentProbing_randomized_smoothing_C1,44,SilentProbing,randomized_smoothing,C1,103,81,0,415,4,0.992,1.0,0.9529411764705882,0.9759036144578312,0.9764705882352941
primary_44_SilentProbing_randomized_smoothing_C1,44,SilentProbing,randomized_smoothing,C1,104,82,0,415,3,0.994,1.0,0.9647058823529412,0.9820359281437125,0.9823529411764707
primary_44_SilentProbing_randomized_smoothing_C1,44,SilentProbing,randomized_smoothing,C1,105,82,0,415,3,0.994,1.0,0.9647058823529412,0.9820359281437125,0.9823529411764707
primary_44_SilentProbing_randomized_smoothing_C1,44,SilentProbing,randomized_smoothing,C1,106,79,0,415,6,0.988,1.0,0.9294117647058824,0.9634146341463414,0.9647058823529412
primary_44_SilentProbing_randomized_smoothing_C1,44,SilentProbing,randomized_smoothing,C1,107,79,0,415,6,0.988,1.0,0.9294117647058824,0.9634146341463414,0.9647058823529412
primary_44_SilentProbing_randomized_smoothing_C1,44,SilentProbing,randomized_smoothing,C1,108,81,0,415,4,0.992,1.0,0.9529411764705882,0.9759036144578312,0.9764705882352941
primary_44_SilentProbing_randomized_smoothing_C1,44,SilentProbing,randomized_smoothing,C1,109,78,0,415,7,0.986,1.0,0.9176470588235294,0.9570552147239264,0.9588235294117646
primary_44_SilentProbing_randomized_smoothing_C1,44,SilentProbing,randomized_smoothing,C1,110,78,1,414,7,0.984,0.9873417721518988,0.9176470588235294,0.9512195121951219,0.9576187101346563
primary_44_SilentProbing_randomized_smoothing_C1,44,SilentProbing,randomized_smoothing,C1,111,84,1,414,1,0.996,0.9882352941176471,0.9882352941176471,0.9882352941176471,0.9929128277817152
primary_44_SilentProbing_randomized_smoothing_C1,44,SilentProbing,randomized_smoothing,C1,112,81,1,414,4,0.99,0.9878048780487805,0.9529411764705882,0.9700598802395209,0.9752657689581856
primary_44_SilentProbing_randomized_smoothing_C1,44,SilentProbing,randomized_smoothing,C1,113,79,1,414,6,0.986,0.9875,0.9294117647058824,0.9575757575757576,0.9635010630758327
primary_44_SilentProbing_randomized_smoothing_C1,44,SilentProbing,randomized_smoothing,C1,114,80,0,415,5,0.99,1.0,0.9411764705882353,0.9696969696969697,0.9705882352941176
primary_44_SilentProbing_randomized_smoothing_C1,44,SilentProbing,randomized_smoothing,C1,115,78,0,415,7,0.986,1.0,0.9176470588235294,0.9570552147239264,0.9588235294117646
primary_44_SilentProbing_randomized_smoothing_C1,44,SilentProbing,randomized_smoothing,C1,116,78,1,414,7,0.984,0.9873417721518988,0.9176470588235294,0.9512195121951219,0.9576187101346563
primary_44_SilentProbing_randomized_smoothing_C1,44,SilentProbing,randomized_smoothing,C1,117,80,0,415,5,0.99,1.0,0.9411764705882353,0.9696969696969697,0.9705882352941176
primary_44_SilentProbing_randomized_smoothing_C1,44,SilentProbing,randomized_smoothing,C1,118,79,1,414,6,0.986,0.9875,0.9294117647058824,0.9575757575757576,0.9635010630758327
primary_44_SilentProbing_randomized_smoothing_C1,44,SilentProbing,randomized_smoothing,C1,119,80,0,415,5,0.99,1.0,0.9411764705882353,0.9696969696969697,0.9705882352941176
primary_44_SilentProbing_randomized_smoothing_C1,44,SilentProbing,randomized_smoothing,C1,120,82,0,415,3,0.994,1.0,0.9647058823529412,0.9820359281437125,0.9823529411764707
primary_44_SilentProbing_randomized_smoothing_C1,44,SilentProbing,randomized_smoothing,C1,121,81,0,415,4,0.992,1.0,0.9529411764705882,0.9759036144578312,0.9764705882352941
primary_44_SilentProbing_randomized_smoothing_C1,44,SilentProbing,randomized_smoothing,C1,122,80,0,415,5,0.99,1.0,0.9411764705882353,0.9696969696969697,0.9705882352941176
primary_44_SilentProbing_randomized_smoothing_C1,44,SilentProbing,randomized_smoothing,C1,123,76,0,415,9,0.982,1.0,0.8941176470588236,0.9440993788819877,0.9470588235294117
primary_44_SilentProbing_randomized_smoothing_C1,44,SilentProbing,randomized_smoothing,C1,124,80,1,414,5,0.988,0.9876543209876543,0.9411764705882353,0.963855421686747,0.9693834160170092
primary_44_SilentProbing_randomized_smoothing_C1,44,SilentProbing,randomized_smoothing,C1,125,82,2,413,3,0.99,0.9761904761904762,0.9647058823529412,0.9704142011834319,0.9799433026222537
primary_44_SilentProbing_randomized_smoothing_C1,44,SilentProbing,randomized_smoothing,C1,126,83,0,415,2,0.996,1.0,0.9764705882352941,0.988095238095238,0.9882352941176471
primary_44_SilentProbing_randomized_smoothing_C1,44,SilentProbing,randomized_smoothing,C1,127,77,0,415,8,0.984,1.0,0.9058823529411765,0.9506172839506173,0.9529411764705882
primary_44_SilentProbing_randomized_smoothing_C1,44,SilentProbing,randomized_smoothing,C1,128,83,0,415,2,0.996,1.0,0.9764705882352941,0.988095238095238,0.9882352941176471
primary_44_SilentProbing_randomized_smoothing_C1,44,SilentProbing,randomized_smoothing,C1,129,79,0,415,6,0.988,1.0,0.9294117647058824,0.9634146341463414,0.9647058823529412
primary_44_SilentProbing_randomized_smoothing_C1,44,SilentProbing,randomized_smoothing,C1,130,83,0,415,2,0.996,1.0,0.9764705882352941,0.988095238095238,0.9882352941176471
primary_44_SilentProbing_randomized_smoothing_C1,44,SilentProbing,randomized_smoothing,C1,131,80,1,414,5,0.988,0.9876543209876543,0.9411764705882353,0.963855421686747,0.9693834160170092
primary_44_SilentProbing_randomized_smoothing_C1,44,SilentProbing,randomized_smoothing,C1,132,78,0,415,7,0.986,1.0,0.9176470588235294,0.9570552147239264,0.9588235294117646
primary_44_SilentProbing_randomized_smoothing_C1,44,SilentProbing,randomized_smoothing,C1,133,81,1,414,4,0.99,0.9878048780487805,0.9529411764705882,0.9700598802395209,0.9752657689581856
primary_44_SilentProbing_randomized_smoothing_C1,44,SilentProbing,randomized_smoothing,C1,134,78,0,415,7,0.986,1.0,0.9176470588235294,0.9570552147239264,0.9588235294117646
primary_44_SilentProbing_randomized_smoothing_C1,44,SilentProbing,randomized_smoothing,C1,135,83,0,415,2,0.996,1.0,0.9764705882352941,0.988095238095238,0.9882352941176471
primary_44_SilentProbing_randomized_smoothing_C1,44,SilentProbing,randomized_smoothing,C1,136,82,0,415,3,0.994,1.0,0.9647058823529412,0.9820359281437125,0.9823529411764707
primary_44_SilentProbing_randomized_smoothing_C1,44,SilentProbing,randomized_smoothing,C1,137,79,2,413,6,0.984,0.9753086419753086,0.9294117647058824,0.9518072289156626,0.9622962437987244
primary_44_SilentProbing_randomized_smoothing_C1,44,SilentProbing,randomized_smoothing,C1,138,82,0,415,3,0.994,1.0,0.9647058823529412,0.9820359281437125,0.9823529411764707
primary_44_SilentProbing_randomized_smoothing_C1,44,SilentProbing,randomized_smoothing,C1,139,78,1,414,7,0.984,0.9873417721518988,0.9176470588235294,0.9512195121951219,0.9576187101346563
primary_44_SilentProbing_randomized_smoothing_C1,44,SilentProbing,randomized_smoothing,C1,140,79,0,415,6,0.988,1.0,0.9294117647058824,0.9634146341463414,0.9647058823529412
primary_44_SilentProbing_randomized_smoothing_C1,44,SilentProbing,randomized_smoothing,C1,141,78,0,415,7,0.986,1.0,0.9176470588235294,0.9570552147239264,0.9588235294117646
primary_44_SilentProbing_randomized_smoothing_C1,44,SilentProbing,randomized_smoothing,C1,142,84,0,415,1,0.998,1.0,0.9882352941176471,0.9940828402366864,0.9941176470588236
primary_44_SilentProbing_randomized_smoothing_C1,44,SilentProbing,randomized_smoothing,C1,143,81,0,415,4,0.992,1.0,0.9529411764705882,0.9759036144578312,0.9764705882352941
primary_44_SurrogateTransfer_afp_Base,44,SurrogateTransfer,afp,Base,0,73,0,414,13,0.974,1.0,0.8488372093023255,0.9182389937106918,0.9244186046511628
primary_44_SurrogateTransfer_afp_Base,44,SurrogateTransfer,afp,Base,1,65,0,414,21,0.958,1.0,0.7558139534883721,0.8609271523178808,0.877906976744186
primary_44_SurrogateTransfer_afp_Base,44,SurrogateTransfer,afp,Base,2,73,0,414,13,0.974,1.0,0.8488372093023255,0.9182389937106918,0.9244186046511628
primary_44_SurrogateTransfer_afp_Base,44,SurrogateTransfer,afp,Base,3,67,0,414,19,0.962,1.0,0.7790697674418605,0.8758169934640523,0.8895348837209303
primary_44_SurrogateTransfer_afp_Base,44,SurrogateTransfer,afp,Base,4,73,0,414,13,0.974,1.0,0.8488372093023255,0.9182389937106918,0.9244186046511628
primary_44_SurrogateTransfer_afp_Base,44,SurrogateTransfer,afp,Base,5,73,0,414,13,0.974,1.0,0.8488372093023255,0.9182389937106918,0.9244186046511628
primary_44_SurrogateTransfer_afp_Base,44,SurrogateTransfer,afp,Base,6,73,0,414,13,0.974,1.0,0.8488372093023255,0.9182389937106918,0.9244186046511628
primary_44_SurrogateTransfer_afp_Base,44,SurrogateTransfer,afp,Base,7,71,0,414,15,0.97,1.0,0.8255813953488372,0.9044585987261146,0.9127906976744187
primary_44_SurrogateTransfer_afp_Base,44,SurrogateTransfer,afp,Base,8,70,0,414,16,0.968,1.0,0.813953488372093,0.8974358974358974,0.9069767441860466
primary_44_SurrogateTransfer_afp_Base,44,SurrogateTransfer,afp,Base,9,66,0,414,20,0.96,1.0,0.7674418604651163,0.868421052631579,0.8837209302325582
primary_44_SurrogateTransfer_afp_Base,44,SurrogateTransfer,afp,Base,10,71,0,414,15,0.97,1.0,0.8255813953488372,0.9044585987261146,0.9127906976744187
primary_44_SurrogateTransfer_afp_Base,44,SurrogateTransfer,afp,Base,11,65,0,414,21,0.958,1.0,0.7558139534883721,0.8609271523178808,0.877906976744186
primary_44_SurrogateTransfer_afp_Base,44,SurrogateTransfer,afp,Base,12,72,0,414,14,0.972,1.0,0.8372093023255814,0.9113924050632911,0.9186046511627908
primary_44_SurrogateTransfer_afp_Base,44,SurrogateTransfer,afp,Base,13,76,0,414,10,0.98,1.0,0.8837209302325582,0.9382716049382717,0.9418604651162791
primary_44_SurrogateTransfer_afp_Base,44,SurrogateTransfer,afp,Base,14,75,1,413,11,0.976,0.9868421052631579,0.872093023255814,0.925925925925926,0.9348387821593079
primary_44_SurrogateTransfer_afp_Base,44,SurrogateTransfer,afp,Base,15,72,0,414,14,0.972,1.0,0.8372093023255814,0.9113924050632911,0.9186046511627908
primary_44_SurrogateTransfer_afp_Base,44,SurrogateTransfer,afp,Base,16,68,1,413,18,0.962,0.9855072463768116,0.7906976744186046,0.8774193548387097,0.8941411077407033
primary_44_SurrogateTransfer_afp_Base,44,SurrogateTransfer,afp,Base,17,78,0,415,7,0.986,1.0,0.9176470588235294,0.9570552147239264,0.9588235294117646
primary_44_SurrogateTransfer_afp_Base,44,SurrogateTransfer,afp,Base,18,68,0,415,17,0.966,1.0,0.8,0.888888888888889,0.9
primary_44_SurrogateTransfer_afp_Base,44,SurrogateTransfer,afp,Base,19,72,0,415,13,0.974,1.0,0.8470588235294118,0.9171974522292993,0.9235294117647059
primary_44_SurrogateTransfer_afp_Base,44,SurrogateTransfer,afp,Base,20,64,0,415,21,0.958,1.0,0.7529411764705882,0.8590604026845637,0.8764705882352941
primary_44_SurrogateTransfer_afp_Base,44,SurrogateTransfer,afp,Base,21,64,0,415,21,0.958,1.0,0.7529411764705882,0.8590604026845637,0.8764705882352941
primary_44_SurrogateTransfer_afp_Base,44,SurrogateTransfer,afp,Base,22,71,0,415,14,0.972,1.0,0.8352941176470589,0.9102564102564102,0.9176470588235295
primary_44_SurrogateTransfer_afp_Base,44,SurrogateTransfer,afp,Base,23,72,0,415,13,0.974,1.0,0.8470588235294118,0.9171974522292993,0.9235294117647059
primary_44_SurrogateTransfer_afp_Base,44,SurrogateTransfer,afp,Base,24,69,0,415,16,0.968,1.0,0.8117647058823529,0.8961038961038961,0.9058823529411765
primary_44_SurrogateTransfer_afp_Base,44,SurrogateTransfer,afp,Base,25,69,0,415,16,0.968,1.0,0.8117647058823529,0.8961038961038961,0.9058823529411765
primary_44_SurrogateTransfer_afp_Base,44,SurrogateTransfer,afp,Base,26,63,0,415,22,0.956,1.0,0.7411764705882353,0.8513513513513514,0.8705882352941177
primary_44_SurrogateTransfer_afp_Base,44,SurrogateTransfer,afp,Base,27,59,0,415,26,0.948,1.0,0.6941176470588235,0.8194444444444444,0.8470588235294118
primary_44_SurrogateTransfer_afp_Base,44,SurrogateTransfer,afp,Base,28,70,0,415,15,0.97,1.0,0.8235294117647058,0.9032258064516129,0.9117647058823529
primary_44_SurrogateTransfer_afp_Base,44,SurrogateTransfer,afp,Base,29,66,0,415,19,0.962,1.0,0.7764705882352941,0.8741721854304636,0.888235294117647
primary_44_SurrogateTransfer_afp_Base,44,SurrogateTransfer,afp,Base,30,70,0,415,15,0.97,1.0,0.8235294117647058,0.9032258064516129,0.9117647058823529
primary_44_SurrogateTransfer_afp_Base,44,SurrogateTransfer,afp,Base,31,65,0,415,20,0.96,1.0,0.7647058823529411,0.8666666666666666,0.8823529411764706
primary_44_SurrogateTransfer_afp_Base,44,SurrogateTransfer,afp,Base,32,68,0,415,17,0.966,1.0,0.8,0.888888888888889,0.9
primary_44_SurrogateTransfer_afp_Base,44,SurrogateTransfer,afp,Base,33,65,0,415,20,0.96,1.0,0.7647058823529411,0.8666666666666666,0.8823529411764706
primary_44_SurrogateTransfer_afp_Base,44,SurrogateTransfer,afp,Base,34,67,1,414,18,0.962,0.9852941176470589,0.788235294117647,0.8758169934640523,0.8929128277817151
primary_44_SurrogateTransfer_afp_Base,44,SurrogateTransfer,afp,Base,35,64,0,415,21,0.958,1.0,0.7529411764705882,0.8590604026845637,0.8764705882352941
primary_44_SurrogateTransfer_afp_Base,44,SurrogateTransfer,afp,Base,36,70,0,415,15,0.97,1.0,0.8235294117647058,0.9032258064516129,0.9117647058823529
primary_44_SurrogateTransfer_afp_Base,44,SurrogateTransfer,afp,Base,37,74,0,415,11,0.978,1.0,0.8705882352941177,0.9308176100628931,0.9352941176470588
primary_44_SurrogateTransfer_afp_Base,44,SurrogateTransfer,afp,Base,38,68,0,415,17,0.966,1.0,0.8,0.888888888888889,0.9
primary_44_SurrogateTransfer_afp_Base,44,SurrogateTransfer,afp,Base,39,67,0,415,18,0.964,1.0,0.788235294117647,0.8815789473684211,0.8941176470588235
primary_44_SurrogateTransfer_afp_Base,44,SurrogateTransfer,afp,Base,40,75,0,415,10,0.98,1.0,0.8823529411764706,0.9375,0.9411764705882353
primary_44_SurrogateTransfer_afp_Base,44,SurrogateTransfer,afp,Base,41,71,0,415,14,0.972,1.0,0.8352941176470589,0.9102564102564102,0.9176470588235295
primary_44_SurrogateTransfer_afp_Base,44,SurrogateTransfer,afp,Base,42,70,0,415,15,0.97,1.0,0.8235294117647058,0.9032258064516129,0.9117647058823529
primary_44_SurrogateTransfer_afp_Base,44,SurrogateTransfer,afp,Base,43,67,0,415,18,0.964,1.0,0.788235294117647,0.8815789473684211,0.8941176470588235
primary_44_SurrogateTransfer_afp_Base,44,SurrogateTransfer,afp,Base,44,64,0,415,21,0.958,1.0,0.7529411764705882,0.8590604026845637,0.8764705882352941
primary_44_SurrogateTransfer_afp_Base,44,SurrogateTransfer,afp,Base,45,71,0,415,14,0.972,1.0,0.8352941176470589,0.9102564102564102,0.9176470588235295
primary_44_SurrogateTransfer_afp_Base,44,SurrogateTransfer,afp,Base,46,70,0,415,15,0.97,1.0,0.8235294117647058,0.9032258064516129,0.9117647058823529
primary_44_SurrogateTransfer_afp_Base,44,SurrogateTransfer,afp,Base,47,68,0,415,17,0.966,1.0,0.8,0.888888888888889,0.9
primary_44_SurrogateTransfer_afp_Base,44,SurrogateTransfer,afp,Base,48,71,0,415,14,0.972,1.0,0.8352941176470589,0.9102564102564102,0.9176470588235295
primary_44_SurrogateTransfer_afp_Base,44,SurrogateTransfer,afp,Base,49,69,0,415,16,0.968,1.0,0.8117647058823529,0.8961038961038961,0.9058823529411765
primary_44_SurrogateTransfer_afp_Base,44,SurrogateTransfer,afp,Base,50,72,0,415,13,0.974,1.0,0.8470588235294118,0.9171974522292993,0.9235294117647059
primary_44_SurrogateTransfer_afp_Base,44,SurrogateTransfer,afp,Base,51,73,0,415,12,0.976,1.0,0.8588235294117647,0.9240506329113923,0.9294117647058824
primary_44_SurrogateTransfer_afp_Base,44,SurrogateTransfer,afp,Base,52,62,0,415,23,0.954,1.0,0.7294117647058823,0.8435374149659863,0.8647058823529412
primary_44_SurrogateTransfer_afp_Base,44,SurrogateTransfer,afp,Base,53,60,0,415,25,0.95,1.0,0.7058823529411765,0.8275862068965517,0.8529411764705883
primary_44_SurrogateTransfer_afp_Base,44,SurrogateTransfer,afp,Base,54,65,0,415,20,0.96,1.0,0.7647058823529411,0.8666666666666666,0.8823529411764706
primary_44_SurrogateTransfer_afp_Base,44,SurrogateTransfer,afp,Base,55,66,0,415,19,0.962,1.0,0.7764705882352941,0.8741721854304636,0.888235294117647
primary_44_SurrogateTransfer_afp_Base,44,SurrogateTransfer,afp,Base,56,68,0,415,17,0.966,1.0,0.8,0.888888888888889,0.9
primary_44_SurrogateTransfer_afp_Base,44,SurrogateTransfer,afp,Base,57,68,0,415,17,0.966,1.0,0.8,0.888888888888889,0.9
primary_44_SurrogateTransfer_afp_Base,44,SurrogateTransfer,afp,Base,58,70,0,415,15,0.97,1.0,0.8235294117647058,0.9032258064516129,0.9117647058823529
primary_44_SurrogateTransfer_afp_Base,44,SurrogateTransfer,afp,Base,59,70,0,415,15,0.97,1.0,0.8235294117647058,0.9032258064516129,0.9117647058823529
primary_44_SurrogateTransfer_afp_Base,44,SurrogateTransfer,afp,Base,60,65,0,415,20,0.96,1.0,0.7647058823529411,0.8666666666666666,0.8823529411764706
primary_44_SurrogateTransfer_afp_Base,44,SurrogateTransfer,afp,Base,61,68,0,415,17,0.966,1.0,0.8,0.888888888888889,0.9
primary_44_SurrogateTransfer_afp_Base,44,SurrogateTransfer,afp,Base,62,68,0,415,17,0.966,1.0,0.8,0.888888888888889,0.9
primary_44_SurrogateTransfer_afp_Base,44,SurrogateTransfer,afp,Base,63,65,0,415,20,0.96,1.0,0.7647058823529411,0.8666666666666666,0.8823529411764706
primary_44_SurrogateTransfer_afp_Base,44,SurrogateTransfer,afp,Base,64,68,0,415,17,0.966,1.0,0.8,0.888888888888889,0.9
primary_44_SurrogateTransfer_afp_Base,44,SurrogateTransfer,afp,Base,65,64,0,415,21,0.958,1.0,0.7529411764705882,0.8590604026845637,0.8764705882352941
primary_44_SurrogateTransfer_afp_Base,44,SurrogateTransfer,afp,Base,66,67,0,415,18,0.964,1.0,0.788235294117647,0.8815789473684211,0.8941176470588235
primary_44_SurrogateTransfer_afp_Base,44,SurrogateTransfer,afp,Base,67,67,0,415,18,0.964,1.0,0.788235294117647,0.8815789473684211,0.8941176470588235
primary_44_SurrogateTransfer_afp_Base,44,SurrogateTransfer,afp,Base,68,67,0,415,18,0.964,1.0,0.788235294117647,0.8815789473684211,0.8941176470588235
primary_44_SurrogateTransfer_afp_Base,44,SurrogateTransfer,afp,Base,69,65,1,414,20,0.958,0.9848484848484849,0.7647058823529411,0.8609271523178808,0.8811481218993622
primary_44_SurrogateTransfer_afp_Base,44,SurrogateTransfer,afp,Base,70,70,0,415,15,0.97,1.0,0.8235294117647058,0.9032258064516129,0.9117647058823529
primary_44_SurrogateTransfer_afp_Base,44,SurrogateTransfer,afp,Base,71,66,0,415,19,0.962,1.0,0.7764705882352941,0.8741721854304636,0.888235294117647
primary_44_SurrogateTransfer_afp_Base,44,SurrogateTransfer,afp,Base,72,67,0,415,18,0.964,1.0,0.788235294117647,0.8815789473684211,0.8941176470588235
primary_44_SurrogateTransfer_afp_Base,44,SurrogateTransfer,afp,Base,73,67,0,415,18,0.964,1.0,0.788235294117647,0.8815789473684211,0.8941176470588235
primary_44_SurrogateTransfer_afp_Base,44,SurrogateTransfer,afp,Base,74,75,0,415,10,0.98,1.0,0.8823529411764706,0.9375,0.9411764705882353
primary_44_SurrogateTransfer_afp_Base,44,SurrogateTransfer,afp,Base,75,67,0,415,18,0.964,1.0,0.788235294117647,0.8815789473684211,0.8941176470588235
primary_44_SurrogateTransfer_afp_Base,44,SurrogateTransfer,afp,Base,76,70,0,415,15,0.97,1.0,0.8235294117647058,0.9032258064516129,0.9117647058823529
primary_44_SurrogateTransfer_afp_Base,44,SurrogateTransfer,afp,Base,77,71,0,415,14,0.972,1.0,0.8352941176470589,0.9102564102564102,0.9176470588235295
primary_44_SurrogateTransfer_afp_Base,44,SurrogateTransfer,afp,Base,78,70,0,415,15,0.97,1.0,0.8235294117647058,0.9032258064516129,0.9117647058823529
primary_44_SurrogateTransfer_afp_Base,44,SurrogateTransfer,afp,Base,79,70,0,415,15,0.97,1.0,0.8235294117647058,0.9032258064516129,0.9117647058823529
primary_44_SurrogateTransfer_afp_Base,44,SurrogateTransfer,afp,Base,80,64,0,415,21,0.958,1.0,0.7529411764705882,0.8590604026845637,0.8764705882352941
primary_44_SurrogateTransfer_afp_Base,44,SurrogateTransfer,afp,Base,81,67,0,415,18,0.964,1.0,0.788235294117647,0.8815789473684211,0.8941176470588235
primary_44_SurrogateTransfer_afp_Base,44,SurrogateTransfer,afp,Base,82,70,0,415,15,0.97,1.0,0.8235294117647058,0.9032258064516129,0.9117647058823529
primary_44_SurrogateTransfer_afp_Base,44,SurrogateTransfer,afp,Base,83,62,0,415,23,0.954,1.0,0.7294117647058823,0.8435374149659863,0.8647058823529412
primary_44_SurrogateTransfer_afp_Base,44,SurrogateTransfer,afp,Base,84,69,0,415,16,0.968,1.0,0.8117647058823529,0.8961038961038961,0.9058823529411765
primary_44_SurrogateTransfer_afp_Base,44,SurrogateTransfer,afp,Base,85,68,0,415,17,0.966,1.0,0.8,0.888888888888889,0.9
primary_44_SurrogateTransfer_afp_Base,44,SurrogateTransfer,afp,Base,86,69,1,414,16,0.966,0.9857142857142858,0.8117647058823529,0.8903225806451613,0.904677533664068
primary_44_SurrogateTransfer_afp_Base,44,SurrogateTransfer,afp,Base,87,65,0,415,20,0.96,1.0,0.7647058823529411,0.8666666666666666,0.8823529411764706
primary_44_SurrogateTransfer_afp_Base,44,SurrogateTransfer,afp,Base,88,64,0,415,21,0.958,1.0,0.7529411764705882,0.8590604026845637,0.8764705882352941
primary_44_SurrogateTransfer_afp_Base,44,SurrogateTransfer,afp,Base,89,72,0,415,13,0.974,1.0,0.8470588235294118,0.9171974522292993,0.9235294117647059
primary_44_SurrogateTransfer_afp_Base,44,SurrogateTransfer,afp,Base,90,71,1,414,14,0.97,0.9861111111111112,0.8352941176470589,0.9044585987261147,0.916442239546421
primary_44_SurrogateTransfer_afp_Base,44,SurrogateTransfer,afp,Base,91,62,0,415,23,0.954,1.0,0.7294117647058823,0.8435374149659863,0.8647058823529412
primary_44_SurrogateTransfer_afp_Base,44,SurrogateTransfer,afp,Base,92,66,0,415,19,0.962,1.0,0.7764705882352941,0.8741721854304636,0.888235294117647
primary_44_SurrogateTransfer_afp_Base,44,SurrogateTransfer,afp,Base,93,74,0,415,11,0.978,1.0,0.8705882352941177,0.9308176100628931,0.9352941176470588
primary_44_SurrogateTransfer_afp_Base,44,SurrogateTransfer,afp,Base,94,69,0,415,16,0.968,1.0,0.8117647058823529,0.8961038961038961,0.9058823529411765
primary_44_SurrogateTransfer_afp_Base,44,SurrogateTransfer,afp,Base,95,72,0,415,13,0.974,1.0,0.8470588235294118,0.9171974522292993,0.9235294117647059
primary_44_SurrogateTransfer_afp_Base,44,SurrogateTransfer,afp,Base,96,64,0,415,21,0.958,1.0,0.7529411764705882,0.8590604026845637,0.8764705882352941
primary_44_SurrogateTransfer_afp_Base,44,SurrogateTransfer,afp,Base,97,64,0,415,21,0.958,1.0,0.7529411764705882,0.8590604026845637,0.8764705882352941
primary_44_SurrogateTransfer_afp_Base,44,SurrogateTransfer,afp,Base,98,70,0,415,15,0.97,1.0,0.8235294117647058,0.9032258064516129,0.9117647058823529
primary_44_SurrogateTransfer_afp_Base,44,SurrogateTransfer,afp,Base,99,67,0,415,18,0.964,1.0,0.788235294117647,0.8815789473684211,0.8941176470588235
primary_44_SurrogateTransfer_afp_Base,44,SurrogateTransfer,afp,Base,100,76,0,415,9,0.982,1.0,0.8941176470588236,0.9440993788819877,0.9470588235294117
primary_44_SurrogateTransfer_afp_Base,44,SurrogateTransfer,afp,Base,101,67,0,415,18,0.964,1.0,0.788235294117647,0.8815789473684211,0.8941176470588235
primary_44_SurrogateTransfer_afp_Base,44,SurrogateTransfer,afp,Base,102,69,0,415,16,0.968,1.0,0.8117647058823529,0.8961038961038961,0.9058823529411765
primary_44_SurrogateTransfer_afp_Base,44,SurrogateTransfer,afp,Base,103,71,0,415,14,0.972,1.0,0.8352941176470589,0.9102564102564102,0.9176470588235295
primary_44_SurrogateTransfer_afp_Base,44,SurrogateTransfer,afp,Base,104,72,0,415,13,0.974,1.0,0.8470588235294118,0.9171974522292993,0.9235294117647059
primary_44_SurrogateTransfer_afp_Base,44,SurrogateTransfer,afp,Base,105,72,0,415,13,0.974,1.0,0.8470588235294118,0.9171974522292993,0.9235294117647059
primary_44_SurrogateTransfer_afp_Base,44,SurrogateTransfer,afp,Base,106,69,0,415,16,0.968,1.0,0.8117647058823529,0.8961038961038961,0.9058823529411765
primary_44_SurrogateTransfer_afp_Base,44,SurrogateTransfer,afp,Base,107,64,0,415,21,0.958,1.0,0.7529411764705882,0.8590604026845637,0.8764705882352941
primary_44_SurrogateTransfer_afp_Base,44,SurrogateTransfer,afp,Base,108,71,0,415,14,0.972,1.0,0.8352941176470589,0.9102564102564102,0.9176470588235295
primary_44_SurrogateTransfer_afp_Base,44,SurrogateTransfer,afp,Base,109,65,0,415,20,0.96,1.0,0.7647058823529411,0.8666666666666666,0.8823529411764706
primary_44_SurrogateTransfer_afp_Base,44,SurrogateTransfer,afp,Base,110,63,1,414,22,0.954,0.984375,0.7411764705882353,0.8456375838926175,0.8693834160170093
primary_44_SurrogateTransfer_afp_Base,44,SurrogateTransfer,afp,Base,111,71,0,415,14,0.972,1.0,0.8352941176470589,0.9102564102564102,0.9176470588235295
primary_44_SurrogateTransfer_afp_Base,44,SurrogateTransfer,afp,Base,112,72,0,415,13,0.974,1.0,0.8470588235294118,0.9171974522292993,0.9235294117647059
primary_44_SurrogateTransfer_afp_Base,44,SurrogateTransfer,afp,Base,113,69,0,415,16,0.968,1.0,0.8117647058823529,0.8961038961038961,0.9058823529411765
primary_44_SurrogateTransfer_afp_Base,44,SurrogateTransfer,afp,Base,114,64,0,415,21,0.958,1.0,0.7529411764705882,0.8590604026845637,0.8764705882352941
primary_44_SurrogateTransfer_afp_Base,44,SurrogateTransfer,afp,Base,115,67,0,415,18,0.964,1.0,0.788235294117647,0.8815789473684211,0.8941176470588235
primary_44_SurrogateTransfer_afp_Base,44,SurrogateTransfer,afp,Base,116,63,0,415,22,0.956,1.0,0.7411764705882353,0.8513513513513514,0.8705882352941177
primary_44_SurrogateTransfer_afp_Base,44,SurrogateTransfer,afp,Base,117,70,0,415,15,0.97,1.0,0.8235294117647058,0.9032258064516129,0.9117647058823529
primary_44_SurrogateTransfer_afp_Base,44,SurrogateTransfer,afp,Base,118,70,0,415,15,0.97,1.0,0.8235294117647058,0.9032258064516129,0.9117647058823529
primary_44_SurrogateTransfer_afp_Base,44,SurrogateTransfer,afp,Base,119,70,0,415,15,0.97,1.0,0.8235294117647058,0.9032258064516129,0.9117647058823529
primary_44_SurrogateTransfer_afp_Base,44,SurrogateTransfer,afp,Base,120,76,0,415,9,0.982,1.0,0.8941176470588236,0.9440993788819877,0.9470588235294117
primary_44_SurrogateTransfer_afp_Base,44,SurrogateTransfer,afp,Base,121,71,0,415,14,0.972,1.0,0.8352941176470589,0.9102564102564102,0.9176470588235295
primary_44_SurrogateTransfer_afp_Base,44,SurrogateTransfer,afp,Base,122,72,0,415,13,0.974,1.0,0.8470588235294118,0.9171974522292993,0.9235294117647059
primary_44_SurrogateTransfer_afp_Base,44,SurrogateTransfer,afp,Base,123,64,0,415,21,0.958,1.0,0.7529411764705882,0.8590604026845637,0.8764705882352941
primary_44_SurrogateTransfer_afp_Base,44,SurrogateTransfer,afp,Base,124,66,0,415,19,0.962,1.0,0.7764705882352941,0.8741721854304636,0.888235294117647
primary_44_SurrogateTransfer_afp_Base,44,SurrogateTransfer,afp,Base,125,70,0,415,15,0.97,1.0,0.8235294117647058,0.9032258064516129,0.9117647058823529
primary_44_SurrogateTransfer_afp_Base,44,SurrogateTransfer,afp,Base,126,75,0,415,10,0.98,1.0,0.8823529411764706,0.9375,0.9411764705882353
primary_44_SurrogateTransfer_afp_Base,44,SurrogateTransfer,afp,Base,127,66,0,415,19,0.962,1.0,0.7764705882352941,0.8741721854304636,0.888235294117647
primary_44_SurrogateTransfer_afp_Base,44,SurrogateTransfer,afp,Base,128,69,0,415,16,0.968,1.0,0.8117647058823529,0.8961038961038961,0.9058823529411765
primary_44_SurrogateTransfer_afp_Base,44,SurrogateTransfer,afp,Base,129,69,0,415,16,0.968,1.0,0.8117647058823529,0.8961038961038961,0.9058823529411765
primary_44_SurrogateTransfer_afp_Base,44,SurrogateTransfer,afp,Base,130,76,0,415,9,0.982,1.0,0.8941176470588236,0.9440993788819877,0.9470588235294117
primary_44_SurrogateTransfer_afp_Base,44,SurrogateTransfer,afp,Base,131,63,0,415,22,0.956,1.0,0.7411764705882353,0.8513513513513514,0.8705882352941177
primary_44_SurrogateTransfer_afp_Base,44,SurrogateTransfer,afp,Base,132,65,0,415,20,0.96,1.0,0.7647058823529411,0.8666666666666666,0.8823529411764706
primary_44_SurrogateTransfer_afp_Base,44,SurrogateTransfer,afp,Base,133,68,0,415,17,0.966,1.0,0.8,0.888888888888889,0.9
primary_44_SurrogateTransfer_afp_Base,44,SurrogateTransfer,afp,Base,134,61,0,415,24,0.952,1.0,0.7176470588235294,0.8356164383561643,0.8588235294117648
primary_44_SurrogateTransfer_afp_Base,44,SurrogateTransfer,afp,Base,135,68,0,415,17,0.966,1.0,0.8,0.888888888888889,0.9
primary_44_SurrogateTransfer_afp_Base,44,SurrogateTransfer,afp,Base,136,72,0,415,13,0.974,1.0,0.8470588235294118,0.9171974522292993,0.9235294117647059
primary_44_SurrogateTransfer_afp_Base,44,SurrogateTransfer,afp,Base,137,67,0,415,18,0.964,1.0,0.788235294117647,0.8815789473684211,0.8941176470588235
primary_44_SurrogateTransfer_afp_Base,44,SurrogateTransfer,afp,Base,138,67,0,415,18,0.964,1.0,0.788235294117647,0.8815789473684211,0.8941176470588235
primary_44_SurrogateTransfer_afp_Base,44,SurrogateTransfer,afp,Base,139,67,0,415,18,0.964,1.0,0.788235294117647,0.8815789473684211,0.8941176470588235
primary_44_SurrogateTransfer_afp_Base,44,SurrogateTransfer,afp,Base,140,67,0,415,18,0.964,1.0,0.788235294117647,0.8815789473684211,0.8941176470588235
primary_44_SurrogateTransfer_afp_Base,44,SurrogateTransfer,afp,Base,141,67,0,415,18,0.964,1.0,0.788235294117647,0.8815789473684211,0.8941176470588235
primary_44_SurrogateTransfer_afp_Base,44,SurrogateTransfer,afp,Base,142,69,0,415,16,0.968,1.0,0.8117647058823529,0.8961038961038961,0.9058823529411765
primary_44_SurrogateTransfer_afp_Base,44,SurrogateTransfer,afp,Base,143,74,0,415,11,0.978,1.0,0.8705882352941177,0.9308176100628931,0.9352941176470588
primary_44_SurrogateTransfer_afp_C1,44,SurrogateTransfer,afp,C1,0,73,0,414,13,0.974,1.0,0.8488372093023255,0.9182389937106918,0.9244186046511628
primary_44_SurrogateTransfer_afp_C1,44,SurrogateTransfer,afp,C1,1,71,0,414,15,0.97,1.0,0.8255813953488372,0.9044585987261146,0.9127906976744187
primary_44_SurrogateTransfer_afp_C1,44,SurrogateTransfer,afp,C1,2,80,0,414,6,0.988,1.0,0.9302325581395349,0.963855421686747,0.9651162790697674
primary_44_SurrogateTransfer_afp_C1,44,SurrogateTransfer,afp,C1,3,76,0,414,10,0.98,1.0,0.8837209302325582,0.9382716049382717,0.9418604651162791
primary_44_SurrogateTransfer_afp_C1,44,SurrogateTransfer,afp,C1,4,81,0,414,5,0.99,1.0,0.9418604651162791,0.970059880239521,0.9709302325581395
primary_44_SurrogateTransfer_afp_C1,44,SurrogateTransfer,afp,C1,5,81,0,414,5,0.99,1.0,0.9418604651162791,0.970059880239521,0.9709302325581395
primary_44_SurrogateTransfer_afp_C1,44,SurrogateTransfer,afp,C1,6,79,0,414,7,0.986,1.0,0.9186046511627907,0.9575757575757576,0.9593023255813953
primary_44_SurrogateTransfer_afp_C1,44,SurrogateTransfer,afp,C1,7,78,0,414,8,0.984,1.0,0.9069767441860465,0.951219512195122,0.9534883720930232
primary_44_SurrogateTransfer_afp_C1,44,SurrogateTransfer,afp,C1,8,79,0,414,7,0.986,1.0,0.9186046511627907,0.9575757575757576,0.9593023255813953
primary_44_SurrogateTransfer_afp_C1,44,SurrogateTransfer,afp,C1,9,82,0,414,4,0.992,1.0,0.9534883720930233,0.9761904761904763,0.9767441860465116
primary_44_SurrogateTransfer_afp_C1,44,SurrogateTransfer,afp,C1,10,80,1,413,6,0.986,0.9876543209876543,0.9302325581395349,0.9580838323353293,0.9639085496011683
primary_44_SurrogateTransfer_afp_C1,44,SurrogateTransfer,afp,C1,11,80,0,414,6,0.988,1.0,0.9302325581395349,0.963855421686747,0.9651162790697674
primary_44_SurrogateTransfer_afp_C1,44,SurrogateTransfer,afp,C1,12,82,0,414,4,0.992,1.0,0.9534883720930233,0.9761904761904763,0.9767441860465116
primary_44_SurrogateTransfer_afp_C1,44,SurrogateTransfer,afp,C1,13,81,0,414,5,0.99,1.0,0.9418604651162791,0.970059880239521,0.9709302325581395
primary_44_SurrogateTransfer_afp_C1,44,SurrogateTransfer,afp,C1,14,83,1,413,3,0.992,0.9880952380952381,0.9651162790697675,0.9764705882352942,0.9813504100662847
primary_44_SurrogateTransfer_afp_C1,44,SurrogateTransfer,afp,C1,15,80,0,414,6,0.988,1.0,0.9302325581395349,0.963855421686747,0.9651162790697674
primary_44_SurrogateTransfer_afp_C1,44,SurrogateTransfer,afp,C1,16,77,1,413,9,0.98,0.9871794871794872,0.8953488372093024,0.9390243902439025,0.9464666891360521
primary_44_SurrogateTransfer_afp_C1,44,SurrogateTransfer,afp,C1,17,84,0,415,1,0.998,1.0,0.9882352941176471,0.9940828402366864,0.9941176470588236
primary_44_SurrogateTransfer_afp_C1,44,SurrogateTransfer,afp,C1,18,80,0,415,5,0.99,1.0,0.9411764705882353,0.9696969696969697,0.9705882352941176
primary_44_SurrogateTransfer_afp_C1,44,SurrogateTransfer,afp,C1,19,84,0,415,1,0.998,1.0,0.9882352941176471,0.9940828402366864,0.9941176470588236
primary_44_SurrogateTransfer_afp_C1,44,SurrogateTransfer,afp,C1,20,75,1,414,10,0.978,0.9868421052631579,0.8823529411764706,0.9316770186335402,0.9399716513111269
primary_44_SurrogateTransfer_afp_C1,44,SurrogateTransfer,afp,C1,21,76,1,414,9,0.98,0.987012987012987,0.8941176470588236,0.9382716049382716,0.9458540042523034
primary_44_SurrogateTransfer_afp_C1,44,SurrogateTransfer,afp,C1,22,78,0,415,7,0.986,1.0,0.9176470588235294,0.9570552147239264,0.9588235294117646
primary_44_SurrogateTransfer_afp_C1,44,SurrogateTransfer,afp,C1,23,81,0,415,4,0.992,1.0,0.9529411764705882,0.9759036144578312,0.9764705882352941
primary_44_SurrogateTransfer_afp_C1,44,SurrogateTransfer,afp,C1,24,80,1,414,5,0.988,0.9876543209876543,0.9411764705882353,0.963855421686747,0.9693834160170092
primary_44_SurrogateTransfer_afp_C1,44,SurrogateTransfer,afp,C1,25,77,0,415,8,0.984,1.0,0.9058823529411765,0.9506172839506173,0.9529411764705882
primary_44_SurrogateTransfer_afp_C1,44,SurrogateTransfer,afp,C1,26,77,0,415,8,0.984,1.0,0.9058823529411765,0.9506172839506173,0.9529411764705882
primary_44_SurrogateTransfer_afp_C1,44,SurrogateTransfer,afp,C1,27,77,0,415,8,0.984,1.0,0.9058823529411765,0.9506172839506173,0.9529411764705882
primary_44_SurrogateTransfer_afp_C1,44,SurrogateTransfer,afp,C1,28,79,0,415,6,0.988,1.0,0.9294117647058824,0.9634146341463414,0.9647058823529412
primary_44_SurrogateTransfer_afp_C1,44,SurrogateTransfer,afp,C1,29,80,0,415,5,0.99,1.0,0.9411764705882353,0.9696969696969697,0.9705882352941176
primary_44_SurrogateTransfer_afp_C1,44,SurrogateTransfer,afp,C1,30,79,0,415,6,0.988,1.0,0.9294117647058824,0.9634146341463414,0.9647058823529412
primary_44_SurrogateTransfer_afp_C1,44,SurrogateTransfer,afp,C1,31,78,1,414,7,0.984,0.9873417721518988,0.9176470588235294,0.9512195121951219,0.9576187101346563
primary_44_SurrogateTransfer_afp_C1,44,SurrogateTransfer,afp,C1,32,80,0,415,5,0.99,1.0,0.9411764705882353,0.9696969696969697,0.9705882352941176
primary_44_SurrogateTransfer_afp_C1,44,SurrogateTransfer,afp,C1,33,81,0,415,4,0.992,1.0,0.9529411764705882,0.9759036144578312,0.9764705882352941
primary_44_SurrogateTransfer_afp_C1,44,SurrogateTransfer,afp,C1,34,79,1,414,6,0.986,0.9875,0.9294117647058824,0.9575757575757576,0.9635010630758327
primary_44_SurrogateTransfer_afp_C1,44,SurrogateTransfer,afp,C1,35,75,0,415,10,0.98,1.0,0.8823529411764706,0.9375,0.9411764705882353
primary_44_SurrogateTransfer_afp_C1,44,SurrogateTransfer,afp,C1,36,79,0,415,6,0.988,1.0,0.9294117647058824,0.9634146341463414,0.9647058823529412
primary_44_SurrogateTransfer_afp_C1,44,SurrogateTransfer,afp,C1,37,81,1,414,4,0.99,0.9878048780487805,0.9529411764705882,0.9700598802395209,0.9752657689581856
primary_44_SurrogateTransfer_afp_C1,44,SurrogateTransfer,afp,C1,38,81,0,415,4,0.992,1.0,0.9529411764705882,0.9759036144578312,0.9764705882352941
primary_44_SurrogateTransfer_afp_C1,44,SurrogateTransfer,afp,C1,39,81,0,415,4,0.992,1.0,0.9529411764705882,0.9759036144578312,0.9764705882352941
primary_44_SurrogateTransfer_afp_C1,44,SurrogateTransfer,afp,C1,40,82,0,415,3,0.994,1.0,0.9647058823529412,0.9820359281437125,0.9823529411764707
primary_44_SurrogateTransfer_afp_C1,44,SurrogateTransfer,afp,C1,41,82,0,415,3,0.994,1.0,0.9647058823529412,0.9820359281437125,0.9823529411764707
primary_44_SurrogateTransfer_afp_C1,44,SurrogateTransfer,afp,C1,42,81,0,415,4,0.992,1.0,0.9529411764705882,0.9759036144578312,0.9764705882352941
primary_44_SurrogateTransfer_afp_C1,44,SurrogateTransfer,afp,C1,43,79,1,414,6,0.986,0.9875,0.9294117647058824,0.9575757575757576,0.9635010630758327
primary_44_SurrogateTransfer_afp_C1,44,SurrogateTransfer,afp,C1,44,79,0,415,6,0.988,1.0,0.9294117647058824,0.9634146341463414,0.9647058823529412
primary_44_SurrogateTransfer_afp_C1,44,SurrogateTransfer,afp,C1,45,81,0,415,4,0.992,1.0,0.9529411764705882,0.9759036144578312,0.9764705882352941
primary_44_SurrogateTransfer_afp_C1,44,SurrogateTransfer,afp,C1,46,81,3,412,4,0.986,0.9642857142857143,0.9529411764705882,0.9585798816568047,0.9728561304039688
primary_44_SurrogateTransfer_afp_C1,44,SurrogateTransfer,afp,C1,47,76,0,415,9,0.982,1.0,0.8941176470588236,0.9440993788819877,0.9470588235294117
primary_44_SurrogateTransfer_afp_C1,44,SurrogateTransfer,afp,C1,48,81,0,415,4,0.992,1.0,0.9529411764705882,0.9759036144578312,0.9764705882352941
primary_44_SurrogateTransfer_afp_C1,44,SurrogateTransfer,afp,C1,49,77,0,415,8,0.984,1.0,0.9058823529411765,0.9506172839506173,0.9529411764705882
primary_44_SurrogateTransfer_afp_C1,44,SurrogateTransfer,afp,C1,50,81,0,415,4,0.992,1.0,0.9529411764705882,0.9759036144578312,0.9764705882352941
primary_44_SurrogateTransfer_afp_C1,44,SurrogateTransfer,afp,C1,51,80,2,413,5,0.986,0.975609756097561,0.9411764705882353,0.9580838323353293,0.9681785967399008
primary_44_SurrogateTransfer_afp_C1,44,SurrogateTransfer,afp,C1,52,80,0,415,5,0.99,1.0,0.9411764705882353,0.9696969696969697,0.9705882352941176
primary_44_SurrogateTransfer_afp_C1,44,SurrogateTransfer,afp,C1,53,77,1,414,8,0.982,0.9871794871794872,0.9058823529411765,0.9447852760736197,0.9517363571934798
primary_44_SurrogateTransfer_afp_C1,44,SurrogateTransfer,afp,C1,54,82,0,415,3,0.994,1.0,0.9647058823529412,0.9820359281437125,0.9823529411764707
primary_44_SurrogateTransfer_afp_C1,44,SurrogateTransfer,afp,C1,55,78,0,415,7,0.986,1.0,0.9176470588235294,0.9570552147239264,0.9588235294117646
primary_44_SurrogateTransfer_afp_C1,44,SurrogateTransfer,afp,C1,56,78,0,415,7,0.986,1.0,0.9176470588235294,0.9570552147239264,0.9588235294117646
primary_44_SurrogateTransfer_afp_C1,44,SurrogateTransfer,afp,C1,57,81,1,414,4,0.99,0.9878048780487805,0.9529411764705882,0.9700598802395209,0.9752657689581856
primary_44_SurrogateTransfer_afp_C1,44,SurrogateTransfer,afp,C1,58,82,2,413,3,0.99,0.9761904761904762,0.9647058823529412,0.9704142011834319,0.9799433026222537
primary_44_SurrogateTransfer_afp_C1,44,SurrogateTransfer,afp,C1,59,78,0,415,7,0.986,1.0,0.9176470588235294,0.9570552147239264,0.9588235294117646
primary_44_SurrogateTransfer_afp_C1,44,SurrogateTransfer,afp,C1,60,81,0,415,4,0.992,1.0,0.9529411764705882,0.9759036144578312,0.9764705882352941
primary_44_SurrogateTransfer_afp_C1,44,SurrogateTransfer,afp,C1,61,77,0,415,8,0.984,1.0,0.9058823529411765,0.9506172839506173,0.9529411764705882
primary_44_SurrogateTransfer_afp_C1,44,SurrogateTransfer,afp,C1,62,81,0,415,4,0.992,1.0,0.9529411764705882,0.9759036144578312,0.9764705882352941
primary_44_SurrogateTransfer_afp_C1,44,SurrogateTransfer,afp,C1,63,77,0,415,8,0.984,1.0,0.9058823529411765,0.9506172839506173,0.9529411764705882
primary_44_SurrogateTransfer_afp_C1,44,SurrogateTransfer,afp,C1,64,77,0,415,8,0.984,1.0,0.9058823529411765,0.9506172839506173,0.9529411764705882
primary_44_SurrogateTransfer_afp_C1,44,SurrogateTransfer,afp,C1,65,78,0,415,7,0.986,1.0,0.9176470588235294,0.9570552147239264,0.9588235294117646
primary_44_SurrogateTransfer_afp_C1,44,SurrogateTransfer,afp,C1,66,81,1,414,4,0.99,0.9878048780487805,0.9529411764705882,0.9700598802395209,0.9752657689581856
primary_44_SurrogateTransfer_afp_C1,44,SurrogateTransfer,afp,C1,67,81,0,415,4,0.992,1.0,0.9529411764705882,0.9759036144578312,0.9764705882352941
primary_44_SurrogateTransfer_afp_C1,44,SurrogateTransfer,afp,C1,68,79,0,415,6,0.988,1.0,0.9294117647058824,0.9634146341463414,0.9647058823529412
primary_44_SurrogateTransfer_afp_C1,44,SurrogateTransfer,afp,C1,69,80,2,413,5,0.986,0.975609756097561,0.9411764705882353,0.9580838323353293,0.9681785967399008
primary_44_SurrogateTransfer_afp_C1,44,SurrogateTransfer,afp,C1,70,82,0,415,3,0.994,1.0,0.9647058823529412,0.9820359281437125,0.9823529411764707
primary_44_SurrogateTransfer_afp_C1,44,SurrogateTransfer,afp,C1,71,77,0,415,8,0.984,1.0,0.9058823529411765,0.9506172839506173,0.9529411764705882
primary_44_SurrogateTransfer_afp_C1,44,SurrogateTransfer,afp,C1,72,78,0,415,7,0.986,1.0,0.9176470588235294,0.9570552147239264,0.9588235294117646
primary_44_SurrogateTransfer_afp_C1,44,SurrogateTransfer,afp,C1,73,77,1,414,8,0.982,0.9871794871794872,0.9058823529411765,0.9447852760736197,0.9517363571934798
primary_44_SurrogateTransfer_afp_C1,44,SurrogateTransfer,afp,C1,74,82,0,415,3,0.994,1.0,0.9647058823529412,0.9820359281437125,0.9823529411764707
primary_44_SurrogateTransfer_afp_C1,44,SurrogateTransfer,afp,C1,75,78,0,415,7,0.986,1.0,0.9176470588235294,0.9570552147239264,0.9588235294117646
primary_44_SurrogateTransfer_afp_C1,44,SurrogateTransfer,afp,C1,76,82,1,414,3,0.992,0.9879518072289156,0.9647058823529412,0.9761904761904762,0.9811481218993622
primary_44_SurrogateTransfer_afp_C1,44,SurrogateTransfer,afp,C1,77,80,0,415,5,0.99,1.0,0.9411764705882353,0.9696969696969697,0.9705882352941176
primary_44_SurrogateTransfer_afp_C1,44,SurrogateTransfer,afp,C1,78,83,0,415,2,0.996,1.0,0.9764705882352941,0.988095238095238,0.9882352941176471
primary_44_SurrogateTransfer_afp_C1,44,SurrogateTransfer,afp,C1,79,81,0,415,4,0.992,1.0,0.9529411764705882,0.9759036144578312,0.9764705882352941
primary_44_SurrogateTransfer_afp_C1,44,SurrogateTransfer,afp,C1,80,79,0,415,6,0.988,1.0,0.9294117647058824,0.9634146341463414,0.9647058823529412
primary_44_SurrogateTransfer_afp_C1,44,SurrogateTransfer,afp,C1,81,76,0,415,9,0.982,1.0,0.8941176470588236,0.9440993788819877,0.9470588235294117
primary_44_SurrogateTransfer_afp_C1,44,SurrogateTransfer,afp,C1,82,80,0,415,5,0.99,1.0,0.9411764705882353,0.9696969696969697,0.9705882352941176
primary_44_SurrogateTransfer_afp_C1,44,SurrogateTransfer,afp,C1,83,78,0,415,7,0.986,1.0,0.9176470588235294,0.9570552147239264,0.9588235294117646
primary_44_SurrogateTransfer_afp_C1,44,SurrogateTransfer,afp,C1,84,79,0,415,6,0.988,1.0,0.9294117647058824,0.9634146341463414,0.9647058823529412
primary_44_SurrogateTransfer_afp_C1,44,SurrogateTransfer,afp,C1,85,82,1,414,3,0.992,0.9879518072289156,0.9647058823529412,0.9761904761904762,0.9811481218993622
primary_44_SurrogateTransfer_afp_C1,44,SurrogateTransfer,afp,C1,86,76,2,413,9,0.978,0.9743589743589743,0.8941176470588236,0.9325153374233129,0.9446491849751949
primary_44_SurrogateTransfer_afp_C1,44,SurrogateTransfer,afp,C1,87,78,0,415,7,0.986,1.0,0.9176470588235294,0.9570552147239264,0.9588235294117646
primary_44_SurrogateTransfer_afp_C1,44,SurrogateTransfer,afp,C1,88,81,0,415,4,0.992,1.0,0.9529411764705882,0.9759036144578312,0.9764705882352941
primary_44_SurrogateTransfer_afp_C1,44,SurrogateTransfer,afp,C1,89,79,1,414,6,0.986,0.9875,0.9294117647058824,0.9575757575757576,0.9635010630758327
primary_44_SurrogateTransfer_afp_C1,44,SurrogateTransfer,afp,C1,90,82,1,414,3,0.992,0.9879518072289156,0.9647058823529412,0.9761904761904762,0.9811481218993622
primary_44_SurrogateTransfer_afp_C1,44,SurrogateTransfer,afp,C1,91,80,2,413,5,0.986,0.975609756097561,0.9411764705882353,0.9580838323353293,0.9681785967399008
primary_44_SurrogateTransfer_afp_C1,44,SurrogateTransfer,afp,C1,92,80,0,415,5,0.99,1.0,0.9411764705882353,0.9696969696969697,0.9705882352941176
primary_44_SurrogateTransfer_afp_C1,44,SurrogateTransfer,afp,C1,93,79,0,415,6,0.988,1.0,0.9294117647058824,0.9634146341463414,0.9647058823529412
primary_44_SurrogateTransfer_afp_C1,44,SurrogateTransfer,afp,C1,94,82,0,415,3,0.994,1.0,0.9647058823529412,0.9820359281437125,0.9823529411764707
primary_44_SurrogateTransfer_afp_C1,44,SurrogateTransfer,afp,C1,95,82,1,414,3,0.992,0.9879518072289156,0.9647058823529412,0.9761904761904762,0.9811481218993622
primary_44_SurrogateTransfer_afp_C1,44,SurrogateTransfer,afp,C1,96,84,0,415,1,0.998,1.0,0.9882352941176471,0.9940828402366864,0.9941176470588236
primary_44_SurrogateTransfer_afp_C1,44,SurrogateTransfer,afp,C1,97,76,1,414,9,0.98,0.987012987012987,0.8941176470588236,0.9382716049382716,0.9458540042523034
primary_44_SurrogateTransfer_afp_C1,44,SurrogateTransfer,afp,C1,98,80,0,415,5,0.99,1.0,0.9411764705882353,0.9696969696969697,0.9705882352941176
primary_44_SurrogateTransfer_afp_C1,44,SurrogateTransfer,afp,C1,99,82,1,414,3,0.992,0.9879518072289156,0.9647058823529412,0.9761904761904762,0.9811481218993622
primary_44_SurrogateTransfer_afp_C1,44,SurrogateTransfer,afp,C1,100,81,1,414,4,0.99,0.9878048780487805,0.9529411764705882,0.9700598802395209,0.9752657689581856
primary_44_SurrogateTransfer_afp_C1,44,SurrogateTransfer,afp,C1,101,81,0,415,4,0.992,1.0,0.9529411764705882,0.9759036144578312,0.9764705882352941
primary_44_SurrogateTransfer_afp_C1,44,SurrogateTransfer,afp,C1,102,82,0,415,3,0.994,1.0,0.9647058823529412,0.9820359281437125,0.9823529411764707
primary_44_SurrogateTransfer_afp_C1,44,SurrogateTransfer,afp,C1,103,81,0,415,4,0.992,1.0,0.9529411764705882,0.9759036144578312,0.9764705882352941
primary_44_SurrogateTransfer_afp_C1,44,SurrogateTransfer,afp,C1,104,82,0,415,3,0.994,1.0,0.9647058823529412,0.9820359281437125,0.9823529411764707
primary_44_SurrogateTransfer_afp_C1,44,SurrogateTransfer,afp,C1,105,82,0,415,3,0.994,1.0,0.9647058823529412,0.9820359281437125,0.9823529411764707
primary_44_SurrogateTransfer_afp_C1,44,SurrogateTransfer,afp,C1,106,79,0,415,6,0.988,1.0,0.9294117647058824,0.9634146341463414,0.9647058823529412
primary_44_SurrogateTransfer_afp_C1,44,SurrogateTransfer,afp,C1,107,79,0,415,6,0.988,1.0,0.9294117647058824,0.9634146341463414,0.9647058823529412
primary_44_SurrogateTransfer_afp_C1,44,SurrogateTransfer,afp,C1,108,81,0,415,4,0.992,1.0,0.9529411764705882,0.9759036144578312,0.9764705882352941
primary_44_SurrogateTransfer_afp_C1,44,SurrogateTransfer,afp,C1,109,78,0,415,7,0.986,1.0,0.9176470588235294,0.9570552147239264,0.9588235294117646
primary_44_SurrogateTransfer_afp_C1,44,SurrogateTransfer,afp,C1,110,78,1,414,7,0.984,0.9873417721518988,0.9176470588235294,0.9512195121951219,0.9576187101346563
primary_44_SurrogateTransfer_afp_C1,44,SurrogateTransfer,afp,C1,111,84,1,414,1,0.996,0.9882352941176471,0.9882352941176471,0.9882352941176471,0.9929128277817152
primary_44_SurrogateTransfer_afp_C1,44,SurrogateTransfer,afp,C1,112,81,1,414,4,0.99,0.9878048780487805,0.9529411764705882,0.9700598802395209,0.9752657689581856
primary_44_SurrogateTransfer_afp_C1,44,SurrogateTransfer,afp,C1,113,79,1,414,6,0.986,0.9875,0.9294117647058824,0.9575757575757576,0.9635010630758327
primary_44_SurrogateTransfer_afp_C1,44,SurrogateTransfer,afp,C1,114,80,0,415,5,0.99,1.0,0.9411764705882353,0.9696969696969697,0.9705882352941176
primary_44_SurrogateTransfer_afp_C1,44,SurrogateTransfer,afp,C1,115,78,0,415,7,0.986,1.0,0.9176470588235294,0.9570552147239264,0.9588235294117646
primary_44_SurrogateTransfer_afp_C1,44,SurrogateTransfer,afp,C1,116,78,1,414,7,0.984,0.9873417721518988,0.9176470588235294,0.9512195121951219,0.9576187101346563
primary_44_SurrogateTransfer_afp_C1,44,SurrogateTransfer,afp,C1,117,80,0,415,5,0.99,1.0,0.9411764705882353,0.9696969696969697,0.9705882352941176
primary_44_SurrogateTransfer_afp_C1,44,SurrogateTransfer,afp,C1,118,78,1,414,7,0.984,0.9873417721518988,0.9176470588235294,0.9512195121951219,0.9576187101346563
primary_44_SurrogateTransfer_afp_C1,44,SurrogateTransfer,afp,C1,119,80,0,415,5,0.99,1.0,0.9411764705882353,0.9696969696969697,0.9705882352941176
primary_44_SurrogateTransfer_afp_C1,44,SurrogateTransfer,afp,C1,120,82,0,415,3,0.994,1.0,0.9647058823529412,0.9820359281437125,0.9823529411764707
primary_44_SurrogateTransfer_afp_C1,44,SurrogateTransfer,afp,C1,121,81,0,415,4,0.992,1.0,0.9529411764705882,0.9759036144578312,0.9764705882352941
primary_44_SurrogateTransfer_afp_C1,44,SurrogateTransfer,afp,C1,122,80,0,415,5,0.99,1.0,0.9411764705882353,0.9696969696969697,0.9705882352941176
primary_44_SurrogateTransfer_afp_C1,44,SurrogateTransfer,afp,C1,123,76,0,415,9,0.982,1.0,0.8941176470588236,0.9440993788819877,0.9470588235294117
primary_44_SurrogateTransfer_afp_C1,44,SurrogateTransfer,afp,C1,124,80,1,414,5,0.988,0.9876543209876543,0.9411764705882353,0.963855421686747,0.9693834160170092
primary_44_SurrogateTransfer_afp_C1,44,SurrogateTransfer,afp,C1,125,82,2,413,3,0.99,0.9761904761904762,0.9647058823529412,0.9704142011834319,0.9799433026222537
primary_44_SurrogateTransfer_afp_C1,44,SurrogateTransfer,afp,C1,126,83,0,415,2,0.996,1.0,0.9764705882352941,0.988095238095238,0.9882352941176471
primary_44_SurrogateTransfer_afp_C1,44,SurrogateTransfer,afp,C1,127,77,0,415,8,0.984,1.0,0.9058823529411765,0.9506172839506173,0.9529411764705882
primary_44_SurrogateTransfer_afp_C1,44,SurrogateTransfer,afp,C1,128,83,0,415,2,0.996,1.0,0.9764705882352941,0.988095238095238,0.9882352941176471
primary_44_SurrogateTransfer_afp_C1,44,SurrogateTransfer,afp,C1,129,79,0,415,6,0.988,1.0,0.9294117647058824,0.9634146341463414,0.9647058823529412
primary_44_SurrogateTransfer_afp_C1,44,SurrogateTransfer,afp,C1,130,83,0,415,2,0.996,1.0,0.9764705882352941,0.988095238095238,0.9882352941176471
primary_44_SurrogateTransfer_afp_C1,44,SurrogateTransfer,afp,C1,131,80,1,414,5,0.988,0.9876543209876543,0.9411764705882353,0.963855421686747,0.9693834160170092
primary_44_SurrogateTransfer_afp_C1,44,SurrogateTransfer,afp,C1,132,78,0,415,7,0.986,1.0,0.9176470588235294,0.9570552147239264,0.9588235294117646
primary_44_SurrogateTransfer_afp_C1,44,SurrogateTransfer,afp,C1,133,81,1,414,4,0.99,0.9878048780487805,0.9529411764705882,0.9700598802395209,0.9752657689581856
primary_44_SurrogateTransfer_afp_C1,44,SurrogateTransfer,afp,C1,134,78,0,415,7,0.986,1.0,0.9176470588235294,0.9570552147239264,0.9588235294117646
primary_44_SurrogateTransfer_afp_C1,44,SurrogateTransfer,afp,C1,135,83,0,415,2,0.996,1.0,0.9764705882352941,0.988095238095238,0.9882352941176471
primary_44_SurrogateTransfer_afp_C1,44,SurrogateTransfer,afp,C1,136,82,0,415,3,0.994,1.0,0.9647058823529412,0.9820359281437125,0.9823529411764707
primary_44_SurrogateTransfer_afp_C1,44,SurrogateTransfer,afp,C1,137,79,2,413,6,0.984,0.9753086419753086,0.9294117647058824,0.9518072289156626,0.9622962437987244
primary_44_SurrogateTransfer_afp_C1,44,SurrogateTransfer,afp,C1,138,82,0,415,3,0.994,1.0,0.9647058823529412,0.9820359281437125,0.9823529411764707
primary_44_SurrogateTransfer_afp_C1,44,SurrogateTransfer,afp,C1,139,78,1,414,7,0.984,0.9873417721518988,0.9176470588235294,0.9512195121951219,0.9576187101346563
primary_44_SurrogateTransfer_afp_C1,44,SurrogateTransfer,afp,C1,140,79,0,415,6,0.988,1.0,0.9294117647058824,0.9634146341463414,0.9647058823529412
primary_44_SurrogateTransfer_afp_C1,44,SurrogateTransfer,afp,C1,141,78,0,415,7,0.986,1.0,0.9176470588235294,0.9570552147239264,0.9588235294117646
primary_44_SurrogateTransfer_afp_C1,44,SurrogateTransfer,afp,C1,142,84,0,415,1,0.998,1.0,0.9882352941176471,0.9940828402366864,0.9941176470588236
primary_44_SurrogateTransfer_afp_C1,44,SurrogateTransfer,afp,C1,143,81,0,415,4,0.992,1.0,0.9529411764705882,0.9759036144578312,0.9764705882352941
primary_44_SurrogateTransfer_feature_squeezing_Base,44,SurrogateTransfer,feature_squeezing,Base,0,80,0,414,6,0.988,1.0,0.9302325581395349,0.963855421686747,0.9651162790697674
primary_44_SurrogateTransfer_feature_squeezing_Base,44,SurrogateTransfer,feature_squeezing,Base,1,78,0,414,8,0.984,1.0,0.9069767441860465,0.951219512195122,0.9534883720930232
primary_44_SurrogateTransfer_feature_squeezing_Base,44,SurrogateTransfer,feature_squeezing,Base,2,82,1,413,4,0.99,0.9879518072289156,0.9534883720930233,0.9704142011834319,0.9755364565779125
primary_44_SurrogateTransfer_feature_squeezing_Base,44,SurrogateTransfer,feature_squeezing,Base,3,83,0,414,3,0.994,1.0,0.9651162790697675,0.9822485207100593,0.9825581395348837
primary_44_SurrogateTransfer_feature_squeezing_Base,44,SurrogateTransfer,feature_squeezing,Base,4,84,0,414,2,0.996,1.0,0.9767441860465116,0.988235294117647,0.9883720930232558
primary_44_SurrogateTransfer_feature_squeezing_Base,44,SurrogateTransfer,feature_squeezing,Base,5,82,1,413,4,0.99,0.9879518072289156,0.9534883720930233,0.9704142011834319,0.9755364565779125
primary_44_SurrogateTransfer_feature_squeezing_Base,44,SurrogateTransfer,feature_squeezing,Base,6,81,0,414,5,0.99,1.0,0.9418604651162791,0.970059880239521,0.9709302325581395
primary_44_SurrogateTransfer_feature_squeezing_Base,44,SurrogateTransfer,feature_squeezing,Base,7,79,0,414,7,0.986,1.0,0.9186046511627907,0.9575757575757576,0.9593023255813953
primary_44_SurrogateTransfer_feature_squeezing_Base,44,SurrogateTransfer,feature_squeezing,Base,8,80,0,414,6,0.988,1.0,0.9302325581395349,0.963855421686747,0.9651162790697674
primary_44_SurrogateTransfer_feature_squeezing_Base,44,SurrogateTransfer,feature_squeezing,Base,9,84,0,414,2,0.996,1.0,0.9767441860465116,0.988235294117647,0.9883720930232558
primary_44_SurrogateTransfer_feature_squeezing_Base,44,SurrogateTransfer,feature_squeezing,Base,10,81,0,414,5,0.99,1.0,0.9418604651162791,0.970059880239521,0.9709302325581395
primary_44_SurrogateTransfer_feature_squeezing_Base,44,SurrogateTransfer,feature_squeezing,Base,11,80,0,414,6,0.988,1.0,0.9302325581395349,0.963855421686747,0.9651162790697674
primary_44_SurrogateTransfer_feature_squeezing_Base,44,SurrogateTransfer,feature_squeezing,Base,12,83,0,414,3,0.994,1.0,0.9651162790697675,0.9822485207100593,0.9825581395348837
primary_44_SurrogateTransfer_feature_squeezing_Base,44,SurrogateTransfer,feature_squeezing,Base,13,83,0,414,3,0.994,1.0,0.9651162790697675,0.9822485207100593,0.9825581395348837
primary_44_SurrogateTransfer_feature_squeezing_Base,44,SurrogateTransfer,feature_squeezing,Base,14,83,1,413,3,0.992,0.9880952380952381,0.9651162790697675,0.9764705882352942,0.9813504100662847
primary_44_SurrogateTransfer_feature_squeezing_Base,44,SurrogateTransfer,feature_squeezing,Base,15,81,0,414,5,0.99,1.0,0.9418604651162791,0.970059880239521,0.9709302325581395
primary_44_SurrogateTransfer_feature_squeezing_Base,44,SurrogateTransfer,feature_squeezing,Base,16,78,0,414,8,0.984,1.0,0.9069767441860465,0.951219512195122,0.9534883720930232
primary_44_SurrogateTransfer_feature_squeezing_Base,44,SurrogateTransfer,feature_squeezing,Base,17,84,0,415,1,0.998,1.0,0.9882352941176471,0.9940828402366864,0.9941176470588236
primary_44_SurrogateTransfer_feature_squeezing_Base,44,SurrogateTransfer,feature_squeezing,Base,18,80,0,415,5,0.99,1.0,0.9411764705882353,0.9696969696969697,0.9705882352941176
primary_44_SurrogateTransfer_feature_squeezing_Base,44,SurrogateTransfer,feature_squeezing,Base,19,83,0,415,2,0.996,1.0,0.9764705882352941,0.988095238095238,0.9882352941176471
primary_44_SurrogateTransfer_feature_squeezing_Base,44,SurrogateTransfer,feature_squeezing,Base,20,74,0,415,11,0.978,1.0,0.8705882352941177,0.9308176100628931,0.9352941176470588
primary_44_SurrogateTransfer_feature_squeezing_Base,44,SurrogateTransfer,feature_squeezing,Base,21,75,0,415,10,0.98,1.0,0.8823529411764706,0.9375,0.9411764705882353
primary_44_SurrogateTransfer_feature_squeezing_Base,44,SurrogateTransfer,feature_squeezing,Base,22,76,0,415,9,0.982,1.0,0.8941176470588236,0.9440993788819877,0.9470588235294117
primary_44_SurrogateTransfer_feature_squeezing_Base,44,SurrogateTransfer,feature_squeezing,Base,23,81,0,415,4,0.992,1.0,0.9529411764705882,0.9759036144578312,0.9764705882352941
primary_44_SurrogateTransfer_feature_squeezing_Base,44,SurrogateTransfer,feature_squeezing,Base,24,80,0,415,5,0.99,1.0,0.9411764705882353,0.9696969696969697,0.9705882352941176
primary_44_SurrogateTransfer_feature_squeezing_Base,44,SurrogateTransfer,feature_squeezing,Base,25,77,0,415,8,0.984,1.0,0.9058823529411765,0.9506172839506173,0.9529411764705882
primary_44_SurrogateTransfer_feature_squeezing_Base,44,SurrogateTransfer,feature_squeezing,Base,26,76,0,415,9,0.982,1.0,0.8941176470588236,0.9440993788819877,0.9470588235294117
primary_44_SurrogateTransfer_feature_squeezing_Base,44,SurrogateTransfer,feature_squeezing,Base,27,76,0,415,9,0.982,1.0,0.8941176470588236,0.9440993788819877,0.9470588235294117
primary_44_SurrogateTransfer_feature_squeezing_Base,44,SurrogateTransfer,feature_squeezing,Base,28,79,0,415,6,0.988,1.0,0.9294117647058824,0.9634146341463414,0.9647058823529412
primary_44_SurrogateTransfer_feature_squeezing_Base,44,SurrogateTransfer,feature_squeezing,Base,29,80,0,415,5,0.99,1.0,0.9411764705882353,0.9696969696969697,0.9705882352941176
primary_44_SurrogateTransfer_feature_squeezing_Base,44,SurrogateTransfer,feature_squeezing,Base,30,79,0,415,6,0.988,1.0,0.9294117647058824,0.9634146341463414,0.9647058823529412
primary_44_SurrogateTransfer_feature_squeezing_Base,44,SurrogateTransfer,feature_squeezing,Base,31,77,0,415,8,0.984,1.0,0.9058823529411765,0.9506172839506173,0.9529411764705882
primary_44_SurrogateTransfer_feature_squeezing_Base,44,SurrogateTransfer,feature_squeezing,Base,32,78,0,415,7,0.986,1.0,0.9176470588235294,0.9570552147239264,0.9588235294117646
primary_44_SurrogateTransfer_feature_squeezing_Base,44,SurrogateTransfer,feature_squeezing,Base,33,81,0,415,4,0.992,1.0,0.9529411764705882,0.9759036144578312,0.9764705882352941
primary_44_SurrogateTransfer_feature_squeezing_Base,44,SurrogateTransfer,feature_squeezing,Base,34,78,1,414,7,0.984,0.9873417721518988,0.9176470588235294,0.9512195121951219,0.9576187101346563
primary_44_SurrogateTransfer_feature_squeezing_Base,44,SurrogateTransfer,feature_squeezing,Base,35,74,0,415,11,0.978,1.0,0.8705882352941177,0.9308176100628931,0.9352941176470588
primary_44_SurrogateTransfer_feature_squeezing_Base,44,SurrogateTransfer,feature_squeezing,Base,36,79,0,415,6,0.988,1.0,0.9294117647058824,0.9634146341463414,0.9647058823529412
primary_44_SurrogateTransfer_feature_squeezing_Base,44,SurrogateTransfer,feature_squeezing,Base,37,80,1,414,5,0.988,0.9876543209876543,0.9411764705882353,0.963855421686747,0.9693834160170092
primary_44_SurrogateTransfer_feature_squeezing_Base,44,SurrogateTransfer,feature_squeezing,Base,38,81,0,415,4,0.992,1.0,0.9529411764705882,0.9759036144578312,0.9764705882352941
primary_44_SurrogateTransfer_feature_squeezing_Base,44,SurrogateTransfer,feature_squeezing,Base,39,79,0,415,6,0.988,1.0,0.9294117647058824,0.9634146341463414,0.9647058823529412
primary_44_SurrogateTransfer_feature_squeezing_Base,44,SurrogateTransfer,feature_squeezing,Base,40,82,0,415,3,0.994,1.0,0.9647058823529412,0.9820359281437125,0.9823529411764707
primary_44_SurrogateTransfer_feature_squeezing_Base,44,SurrogateTransfer,feature_squeezing,Base,41,80,0,415,5,0.99,1.0,0.9411764705882353,0.9696969696969697,0.9705882352941176
primary_44_SurrogateTransfer_feature_squeezing_Base,44,SurrogateTransfer,feature_squeezing,Base,42,80,0,415,5,0.99,1.0,0.9411764705882353,0.9696969696969697,0.9705882352941176
primary_44_SurrogateTransfer_feature_squeezing_Base,44,SurrogateTransfer,feature_squeezing,Base,43,77,1,414,8,0.982,0.9871794871794872,0.9058823529411765,0.9447852760736197,0.9517363571934798
primary_44_SurrogateTransfer_feature_squeezing_Base,44,SurrogateTransfer,feature_squeezing,Base,44,79,0,415,6,0.988,1.0,0.9294117647058824,0.9634146341463414,0.9647058823529412
primary_44_SurrogateTransfer_feature_squeezing_Base,44,SurrogateTransfer,feature_squeezing,Base,45,81,0,415,4,0.992,1.0,0.9529411764705882,0.9759036144578312,0.9764705882352941
primary_44_SurrogateTransfer_feature_squeezing_Base,44,SurrogateTransfer,feature_squeezing,Base,46,81,1,414,4,0.99,0.9878048780487805,0.9529411764705882,0.9700598802395209,0.9752657689581856
primary_44_SurrogateTransfer_feature_squeezing_Base,44,SurrogateTransfer,feature_squeezing,Base,47,75,0,415,10,0.98,1.0,0.8823529411764706,0.9375,0.9411764705882353
primary_44_SurrogateTransfer_feature_squeezing_Base,44,SurrogateTransfer,feature_squeezing,Base,48,81,0,415,4,0.992,1.0,0.9529411764705882,0.9759036144578312,0.9764705882352941
primary_44_SurrogateTransfer_feature_squeezing_Base,44,SurrogateTransfer,feature_squeezing,Base,49,77,0,415,8,0.984,1.0,0.9058823529411765,0.9506172839506173,0.9529411764705882
primary_44_SurrogateTransfer_feature_squeezing_Base,44,SurrogateTransfer,feature_squeezing,Base,50,79,0,415,6,0.988,1.0,0.9294117647058824,0.9634146341463414,0.9647058823529412
primary_44_SurrogateTransfer_feature_squeezing_Base,44,SurrogateTransfer,feature_squeezing,Base,51,80,1,414,5,0.988,0.9876543209876543,0.9411764705882353,0.963855421686747,0.9693834160170092
primary_44_SurrogateTransfer_feature_squeezing_Base,44,SurrogateTransfer,feature_squeezing,Base,52,79,0,415,6,0.988,1.0,0.9294117647058824,0.9634146341463414,0.9647058823529412
primary_44_SurrogateTransfer_feature_squeezing_Base,44,SurrogateTransfer,feature_squeezing,Base,53,76,0,415,9,0.982,1.0,0.8941176470588236,0.9440993788819877,0.9470588235294117
primary_44_SurrogateTransfer_feature_squeezing_Base,44,SurrogateTransfer,feature_squeezing,Base,54,82,0,415,3,0.994,1.0,0.9647058823529412,0.9820359281437125,0.9823529411764707
primary_44_SurrogateTransfer_feature_squeezing_Base,44,SurrogateTransfer,feature_squeezing,Base,55,78,0,415,7,0.986,1.0,0.9176470588235294,0.9570552147239264,0.9588235294117646
primary_44_SurrogateTransfer_feature_squeezing_Base,44,SurrogateTransfer,feature_squeezing,Base,56,78,0,415,7,0.986,1.0,0.9176470588235294,0.9570552147239264,0.9588235294117646
primary_44_SurrogateTransfer_feature_squeezing_Base,44,SurrogateTransfer,feature_squeezing,Base,57,81,0,415,4,0.992,1.0,0.9529411764705882,0.9759036144578312,0.9764705882352941
primary_44_SurrogateTransfer_feature_squeezing_Base,44,SurrogateTransfer,feature_squeezing,Base,58,82,0,415,3,0.994,1.0,0.9647058823529412,0.9820359281437125,0.9823529411764707
primary_44_SurrogateTransfer_feature_squeezing_Base,44,SurrogateTransfer,feature_squeezing,Base,59,77,0,415,8,0.984,1.0,0.9058823529411765,0.9506172839506173,0.9529411764705882
primary_44_SurrogateTransfer_feature_squeezing_Base,44,SurrogateTransfer,feature_squeezing,Base,60,79,0,415,6,0.988,1.0,0.9294117647058824,0.9634146341463414,0.9647058823529412
primary_44_SurrogateTransfer_feature_squeezing_Base,44,SurrogateTransfer,feature_squeezing,Base,61,77,0,415,8,0.984,1.0,0.9058823529411765,0.9506172839506173,0.9529411764705882
primary_44_SurrogateTransfer_feature_squeezing_Base,44,SurrogateTransfer,feature_squeezing,Base,62,81,0,415,4,0.992,1.0,0.9529411764705882,0.9759036144578312,0.9764705882352941
primary_44_SurrogateTransfer_feature_squeezing_Base,44,SurrogateTransfer,feature_squeezing,Base,63,76,0,415,9,0.982,1.0,0.8941176470588236,0.9440993788819877,0.9470588235294117
primary_44_SurrogateTransfer_feature_squeezing_Base,44,SurrogateTransfer,feature_squeezing,Base,64,77,0,415,8,0.984,1.0,0.9058823529411765,0.9506172839506173,0.9529411764705882
primary_44_SurrogateTransfer_feature_squeezing_Base,44,SurrogateTransfer,feature_squeezing,Base,65,77,0,415,8,0.984,1.0,0.9058823529411765,0.9506172839506173,0.9529411764705882
primary_44_SurrogateTransfer_feature_squeezing_Base,44,SurrogateTransfer,feature_squeezing,Base,66,79,0,415,6,0.988,1.0,0.9294117647058824,0.9634146341463414,0.9647058823529412
primary_44_SurrogateTransfer_feature_squeezing_Base,44,SurrogateTransfer,feature_squeezing,Base,67,81,0,415,4,0.992,1.0,0.9529411764705882,0.9759036144578312,0.9764705882352941
primary_44_SurrogateTransfer_feature_squeezing_Base,44,SurrogateTransfer,feature_squeezing,Base,68,79,0,415,6,0.988,1.0,0.9294117647058824,0.9634146341463414,0.9647058823529412
primary_44_SurrogateTransfer_feature_squeezing_Base,44,SurrogateTransfer,feature_squeezing,Base,69,76,1,414,9,0.98,0.987012987012987,0.8941176470588236,0.9382716049382716,0.9458540042523034
primary_44_SurrogateTransfer_feature_squeezing_Base,44,SurrogateTransfer,feature_squeezing,Base,70,82,0,415,3,0.994,1.0,0.9647058823529412,0.9820359281437125,0.9823529411764707
primary_44_SurrogateTransfer_feature_squeezing_Base,44,SurrogateTransfer,feature_squeezing,Base,71,77,0,415,8,0.984,1.0,0.9058823529411765,0.9506172839506173,0.9529411764705882
primary_44_SurrogateTransfer_feature_squeezing_Base,44,SurrogateTransfer,feature_squeezing,Base,72,78,0,415,7,0.986,1.0,0.9176470588235294,0.9570552147239264,0.9588235294117646
primary_44_SurrogateTransfer_feature_squeezing_Base,44,SurrogateTransfer,feature_squeezing,Base,73,77,0,415,8,0.984,1.0,0.9058823529411765,0.9506172839506173,0.9529411764705882
primary_44_SurrogateTransfer_feature_squeezing_Base,44,SurrogateTransfer,feature_squeezing,Base,74,82,0,415,3,0.994,1.0,0.9647058823529412,0.9820359281437125,0.9823529411764707
primary_44_SurrogateTransfer_feature_squeezing_Base,44,SurrogateTransfer,feature_squeezing,Base,75,78,0,415,7,0.986,1.0,0.9176470588235294,0.9570552147239264,0.9588235294117646
primary_44_SurrogateTransfer_feature_squeezing_Base,44,SurrogateTransfer,feature_squeezing,Base,76,82,1,414,3,0.992,0.9879518072289156,0.9647058823529412,0.9761904761904762,0.9811481218993622
primary_44_SurrogateTransfer_feature_squeezing_Base,44,SurrogateTransfer,feature_squeezing,Base,77,80,0,415,5,0.99,1.0,0.9411764705882353,0.9696969696969697,0.9705882352941176
primary_44_SurrogateTransfer_feature_squeezing_Base,44,SurrogateTransfer,feature_squeezing,Base,78,79,0,415,6,0.988,1.0,0.9294117647058824,0.9634146341463414,0.9647058823529412
primary_44_SurrogateTransfer_feature_squeezing_Base,44,SurrogateTransfer,feature_squeezing,Base,79,80,0,415,5,0.99,1.0,0.9411764705882353,0.9696969696969697,0.9705882352941176
primary_44_SurrogateTransfer_feature_squeezing_Base,44,SurrogateTransfer,feature_squeezing,Base,80,77,0,415,8,0.984,1.0,0.9058823529411765,0.9506172839506173,0.9529411764705882
primary_44_SurrogateTransfer_feature_squeezing_Base,44,SurrogateTransfer,feature_squeezing,Base,81,75,0,415,10,0.98,1.0,0.8823529411764706,0.9375,0.9411764705882353
primary_44_SurrogateTransfer_feature_squeezing_Base,44,SurrogateTransfer,feature_squeezing,Base,82,79,0,415,6,0.988,1.0,0.9294117647058824,0.9634146341463414,0.9647058823529412
primary_44_SurrogateTransfer_feature_squeezing_Base,44,SurrogateTransfer,feature_squeezing,Base,83,76,0,415,9,0.982,1.0,0.8941176470588236,0.9440993788819877,0.9470588235294117
primary_44_SurrogateTransfer_feature_squeezing_Base,44,SurrogateTransfer,feature_squeezing,Base,84,79,0,415,6,0.988,1.0,0.9294117647058824,0.9634146341463414,0.9647058823529412
primary_44_SurrogateTransfer_feature_squeezing_Base,44,SurrogateTransfer,feature_squeezing,Base,85,81,0,415,4,0.992,1.0,0.9529411764705882,0.9759036144578312,0.9764705882352941
primary_44_SurrogateTransfer_feature_squeezing_Base,44,SurrogateTransfer,feature_squeezing,Base,86,75,1,414,10,0.978,0.9868421052631579,0.8823529411764706,0.9316770186335402,0.9399716513111269
primary_44_SurrogateTransfer_feature_squeezing_Base,44,SurrogateTransfer,feature_squeezing,Base,87,78,0,415,7,0.986,1.0,0.9176470588235294,0.9570552147239264,0.9588235294117646
primary_44_SurrogateTransfer_feature_squeezing_Base,44,SurrogateTransfer,feature_squeezing,Base,88,81,0,415,4,0.992,1.0,0.9529411764705882,0.9759036144578312,0.9764705882352941
primary_44_SurrogateTransfer_feature_squeezing_Base,44,SurrogateTransfer,feature_squeezing,Base,89,79,0,415,6,0.988,1.0,0.9294117647058824,0.9634146341463414,0.9647058823529412
primary_44_SurrogateTransfer_feature_squeezing_Base,44,SurrogateTransfer,feature_squeezing,Base,90,80,1,414,5,0.988,0.9876543209876543,0.9411764705882353,0.963855421686747,0.9693834160170092
primary_44_SurrogateTransfer_feature_squeezing_Base,44,SurrogateTransfer,feature_squeezing,Base,91,80,0,415,5,0.99,1.0,0.9411764705882353,0.9696969696969697,0.9705882352941176
primary_44_SurrogateTransfer_feature_squeezing_Base,44,SurrogateTransfer,feature_squeezing,Base,92,79,0,415,6,0.988,1.0,0.9294117647058824,0.9634146341463414,0.9647058823529412
primary_44_SurrogateTransfer_feature_squeezing_Base,44,SurrogateTransfer,feature_squeezing,Base,93,78,0,415,7,0.986,1.0,0.9176470588235294,0.9570552147239264,0.9588235294117646
primary_44_SurrogateTransfer_feature_squeezing_Base,44,SurrogateTransfer,feature_squeezing,Base,94,81,0,415,4,0.992,1.0,0.9529411764705882,0.9759036144578312,0.9764705882352941
primary_44_SurrogateTransfer_feature_squeezing_Base,44,SurrogateTransfer,feature_squeezing,Base,95,81,0,415,4,0.992,1.0,0.9529411764705882,0.9759036144578312,0.9764705882352941
primary_44_SurrogateTransfer_feature_squeezing_Base,44,SurrogateTransfer,feature_squeezing,Base,96,84,0,415,1,0.998,1.0,0.9882352941176471,0.9940828402366864,0.9941176470588236
primary_44_SurrogateTransfer_feature_squeezing_Base,44,SurrogateTransfer,feature_squeezing,Base,97,74,1,414,11,0.976,0.9866666666666667,0.8705882352941177,0.925,0.9340892983699505
primary_44_SurrogateTransfer_feature_squeezing_Base,44,SurrogateTransfer,feature_squeezing,Base,98,79,0,415,6,0.988,1.0,0.9294117647058824,0.9634146341463414,0.9647058823529412
primary_44_SurrogateTransfer_feature_squeezing_Base,44,SurrogateTransfer,feature_squeezing,Base,99,80,0,415,5,0.99,1.0,0.9411764705882353,0.9696969696969697,0.9705882352941176
primary_44_SurrogateTransfer_feature_squeezing_Base,44,SurrogateTransfer,feature_squeezing,Base,100,81,0,415,4,0.992,1.0,0.9529411764705882,0.9759036144578312,0.9764705882352941
primary_44_SurrogateTransfer_feature_squeezing_Base,44,SurrogateTransfer,feature_squeezing,Base,101,80,0,415,5,0.99,1.0,0.9411764705882353,0.9696969696969697,0.9705882352941176
primary_44_SurrogateTransfer_feature_squeezing_Base,44,SurrogateTransfer,feature_squeezing,Base,102,81,0,415,4,0.992,1.0,0.9529411764705882,0.9759036144578312,0.9764705882352941
primary_44_SurrogateTransfer_feature_squeezing_Base,44,SurrogateTransfer,feature_squeezing,Base,103,81,0,415,4,0.992,1.0,0.9529411764705882,0.9759036144578312,0.9764705882352941
primary_44_SurrogateTransfer_feature_squeezing_Base,44,SurrogateTransfer,feature_squeezing,Base,104,80,0,415,5,0.99,1.0,0.9411764705882353,0.9696969696969697,0.9705882352941176
primary_44_SurrogateTransfer_feature_squeezing_Base,44,SurrogateTransfer,feature_squeezing,Base,105,81,0,415,4,0.992,1.0,0.9529411764705882,0.9759036144578312,0.9764705882352941
primary_44_SurrogateTransfer_feature_squeezing_Base,44,SurrogateTransfer,feature_squeezing,Base,106,78,0,415,7,0.986,1.0,0.9176470588235294,0.9570552147239264,0.9588235294117646
primary_44_SurrogateTransfer_feature_squeezing_Base,44,SurrogateTransfer,feature_squeezing,Base,107,78,0,415,7,0.986,1.0,0.9176470588235294,0.9570552147239264,0.9588235294117646
primary_44_SurrogateTransfer_feature_squeezing_Base,44,SurrogateTransfer,feature_squeezing,Base,108,81,0,415,4,0.992,1.0,0.9529411764705882,0.9759036144578312,0.9764705882352941
primary_44_SurrogateTransfer_feature_squeezing_Base,44,SurrogateTransfer,feature_squeezing,Base,109,77,0,415,8,0.984,1.0,0.9058823529411765,0.9506172839506173,0.9529411764705882
primary_44_SurrogateTransfer_feature_squeezing_Base,44,SurrogateTransfer,feature_squeezing,Base,110,77,1,414,8,0.982,0.9871794871794872,0.9058823529411765,0.9447852760736197,0.9517363571934798
primary_44_SurrogateTransfer_feature_squeezing_Base,44,SurrogateTransfer,feature_squeezing,Base,111,83,0,415,2,0.996,1.0,0.9764705882352941,0.988095238095238,0.9882352941176471
primary_44_SurrogateTransfer_feature_squeezing_Base,44,SurrogateTransfer,feature_squeezing,Base,112,81,1,414,4,0.99,0.9878048780487805,0.9529411764705882,0.9700598802395209,0.9752657689581856
primary_44_SurrogateTransfer_feature_squeezing_Base,44,SurrogateTransfer,feature_squeezing,Base,113,79,0,415,6,0.988,1.0,0.9294117647058824,0.9634146341463414,0.9647058823529412
primary_44_SurrogateTransfer_feature_squeezing_Base,44,SurrogateTransfer,feature_squeezing,Base,114,78,0,415,7,0.986,1.0,0.9176470588235294,0.9570552147239264,0.9588235294117646
primary_44_SurrogateTransfer_feature_squeezing_Base,44,SurrogateTransfer,feature_squeezing,Base,115,77,0,415,8,0.984,1.0,0.9058823529411765,0.9506172839506173,0.9529411764705882
primary_44_SurrogateTransfer_feature_squeezing_Base,44,SurrogateTransfer,feature_squeezing,Base,116,77,0,415,8,0.984,1.0,0.9058823529411765,0.9506172839506173,0.9529411764705882
primary_44_SurrogateTransfer_feature_squeezing_Base,44,SurrogateTransfer,feature_squeezing,Base,117,80,1,414,5,0.988,0.9876543209876543,0.9411764705882353,0.963855421686747,0.9693834160170092
primary_44_SurrogateTransfer_feature_squeezing_Base,44,SurrogateTransfer,feature_squeezing,Base,118,78,0,415,7,0.986,1.0,0.9176470588235294,0.9570552147239264,0.9588235294117646
primary_44_SurrogateTransfer_feature_squeezing_Base,44,SurrogateTransfer,feature_squeezing,Base,119,80,0,415,5,0.99,1.0,0.9411764705882353,0.9696969696969697,0.9705882352941176
primary_44_SurrogateTransfer_feature_squeezing_Base,44,SurrogateTransfer,feature_squeezing,Base,120,81,0,415,4,0.992,1.0,0.9529411764705882,0.9759036144578312,0.9764705882352941
primary_44_SurrogateTransfer_feature_squeezing_Base,44,SurrogateTransfer,feature_squeezing,Base,121,81,0,415,4,0.992,1.0,0.9529411764705882,0.9759036144578312,0.9764705882352941
primary_44_SurrogateTransfer_feature_squeezing_Base,44,SurrogateTransfer,feature_squeezing,Base,122,80,0,415,5,0.99,1.0,0.9411764705882353,0.9696969696969697,0.9705882352941176
primary_44_SurrogateTransfer_feature_squeezing_Base,44,SurrogateTransfer,feature_squeezing,Base,123,75,0,415,10,0.98,1.0,0.8823529411764706,0.9375,0.9411764705882353
primary_44_SurrogateTransfer_feature_squeezing_Base,44,SurrogateTransfer,feature_squeezing,Base,124,78,0,415,7,0.986,1.0,0.9176470588235294,0.9570552147239264,0.9588235294117646
primary_44_SurrogateTransfer_feature_squeezing_Base,44,SurrogateTransfer,feature_squeezing,Base,125,79,0,415,6,0.988,1.0,0.9294117647058824,0.9634146341463414,0.9647058823529412
primary_44_SurrogateTransfer_feature_squeezing_Base,44,SurrogateTransfer,feature_squeezing,Base,126,82,0,415,3,0.994,1.0,0.9647058823529412,0.9820359281437125,0.9823529411764707
primary_44_SurrogateTransfer_feature_squeezing_Base,44,SurrogateTransfer,feature_squeezing,Base,127,75,0,415,10,0.98,1.0,0.8823529411764706,0.9375,0.9411764705882353
primary_44_SurrogateTransfer_feature_squeezing_Base,44,SurrogateTransfer,feature_squeezing,Base,128,82,0,415,3,0.994,1.0,0.9647058823529412,0.9820359281437125,0.9823529411764707
primary_44_SurrogateTransfer_feature_squeezing_Base,44,SurrogateTransfer,feature_squeezing,Base,129,79,0,415,6,0.988,1.0,0.9294117647058824,0.9634146341463414,0.9647058823529412
primary_44_SurrogateTransfer_feature_squeezing_Base,44,SurrogateTransfer,feature_squeezing,Base,130,83,0,415,2,0.996,1.0,0.9764705882352941,0.988095238095238,0.9882352941176471
primary_44_SurrogateTransfer_feature_squeezing_Base,44,SurrogateTransfer,feature_squeezing,Base,131,78,0,415,7,0.986,1.0,0.9176470588235294,0.9570552147239264,0.9588235294117646
primary_44_SurrogateTransfer_feature_squeezing_Base,44,SurrogateTransfer,feature_squeezing,Base,132,78,0,415,7,0.986,1.0,0.9176470588235294,0.9570552147239264,0.9588235294117646
primary_44_SurrogateTransfer_feature_squeezing_Base,44,SurrogateTransfer,feature_squeezing,Base,133,81,0,415,4,0.992,1.0,0.9529411764705882,0.9759036144578312,0.9764705882352941
primary_44_SurrogateTransfer_feature_squeezing_Base,44,SurrogateTransfer,feature_squeezing,Base,134,77,0,415,8,0.984,1.0,0.9058823529411765,0.9506172839506173,0.9529411764705882
primary_44_SurrogateTransfer_feature_squeezing_Base,44,SurrogateTransfer,feature_squeezing,Base,135,83,0,415,2,0.996,1.0,0.9764705882352941,0.988095238095238,0.9882352941176471
primary_44_SurrogateTransfer_feature_squeezing_Base,44,SurrogateTransfer,feature_squeezing,Base,136,80,0,415,5,0.99,1.0,0.9411764705882353,0.9696969696969697,0.9705882352941176
primary_44_SurrogateTransfer_feature_squeezing_Base,44,SurrogateTransfer,feature_squeezing,Base,137,78,0,415,7,0.986,1.0,0.9176470588235294,0.9570552147239264,0.9588235294117646
primary_44_SurrogateTransfer_feature_squeezing_Base,44,SurrogateTransfer,feature_squeezing,Base,138,81,0,415,4,0.992,1.0,0.9529411764705882,0.9759036144578312,0.9764705882352941
primary_44_SurrogateTransfer_feature_squeezing_Base,44,SurrogateTransfer,feature_squeezing,Base,139,78,0,415,7,0.986,1.0,0.9176470588235294,0.9570552147239264,0.9588235294117646
primary_44_SurrogateTransfer_feature_squeezing_Base,44,SurrogateTransfer,feature_squeezing,Base,140,77,0,415,8,0.984,1.0,0.9058823529411765,0.9506172839506173,0.9529411764705882
primary_44_SurrogateTransfer_feature_squeezing_Base,44,SurrogateTransfer,feature_squeezing,Base,141,77,0,415,8,0.984,1.0,0.9058823529411765,0.9506172839506173,0.9529411764705882
primary_44_SurrogateTransfer_feature_squeezing_Base,44,SurrogateTransfer,feature_squeezing,Base,142,84,0,415,1,0.998,1.0,0.9882352941176471,0.9940828402366864,0.9941176470588236
primary_44_SurrogateTransfer_feature_squeezing_Base,44,SurrogateTransfer,feature_squeezing,Base,143,80,0,415,5,0.99,1.0,0.9411764705882353,0.9696969696969697,0.9705882352941176
primary_44_SurrogateTransfer_feature_squeezing_C1,44,SurrogateTransfer,feature_squeezing,C1,0,80,0,414,6,0.988,1.0,0.9302325581395349,0.963855421686747,0.9651162790697674
primary_44_SurrogateTransfer_feature_squeezing_C1,44,SurrogateTransfer,feature_squeezing,C1,1,79,0,414,7,0.986,1.0,0.9186046511627907,0.9575757575757576,0.9593023255813953
primary_44_SurrogateTransfer_feature_squeezing_C1,44,SurrogateTransfer,feature_squeezing,C1,2,83,1,413,3,0.992,0.9880952380952381,0.9651162790697675,0.9764705882352942,0.9813504100662847
primary_44_SurrogateTransfer_feature_squeezing_C1,44,SurrogateTransfer,feature_squeezing,C1,3,84,0,414,2,0.996,1.0,0.9767441860465116,0.988235294117647,0.9883720930232558
primary_44_SurrogateTransfer_feature_squeezing_C1,44,SurrogateTransfer,feature_squeezing,C1,4,84,1,413,2,0.994,0.9882352941176471,0.9767441860465116,0.9824561403508771,0.9871643635546568
primary_44_SurrogateTransfer_feature_squeezing_C1,44,SurrogateTransfer,feature_squeezing,C1,5,83,0,414,3,0.994,1.0,0.9651162790697675,0.9822485207100593,0.9825581395348837
primary_44_SurrogateTransfer_feature_squeezing_C1,44,SurrogateTransfer,feature_squeezing,C1,6,82,0,414,4,0.992,1.0,0.9534883720930233,0.9761904761904763,0.9767441860465116
primary_44_SurrogateTransfer_feature_squeezing_C1,44,SurrogateTransfer,feature_squeezing,C1,7,81,1,413,5,0.988,0.9878048780487805,0.9418604651162791,0.9642857142857143,0.9697225030895404
primary_44_SurrogateTransfer_feature_squeezing_C1,44,SurrogateTransfer,feature_squeezing,C1,8,81,1,413,5,0.988,0.9878048780487805,0.9418604651162791,0.9642857142857143,0.9697225030895404
primary_44_SurrogateTransfer_feature_squeezing_C1,44,SurrogateTransfer,feature_squeezing,C1,9,84,0,414,2,0.996,1.0,0.9767441860465116,0.988235294117647,0.9883720930232558
primary_44_SurrogateTransfer_feature_squeezing_C1,44,SurrogateTransfer,feature_squeezing,C1,10,81,1,413,5,0.988,0.9878048780487805,0.9418604651162791,0.9642857142857143,0.9697225030895404
primary_44_SurrogateTransfer_feature_squeezing_C1,44,SurrogateTransfer,feature_squeezing,C1,11,80,0,414,6,0.988,1.0,0.9302325581395349,0.963855421686747,0.9651162790697674
primary_44_SurrogateTransfer_feature_squeezing_C1,44,SurrogateTransfer,feature_squeezing,C1,12,83,0,414,3,0.994,1.0,0.9651162790697675,0.9822485207100593,0.9825581395348837
primary_44_SurrogateTransfer_feature_squeezing_C1,44,SurrogateTransfer,feature_squeezing,C1,13,84,0,414,2,0.996,1.0,0.9767441860465116,0.988235294117647,0.9883720930232558
primary_44_SurrogateTransfer_feature_squeezing_C1,44,SurrogateTransfer,feature_squeezing,C1,14,84,1,413,2,0.994,0.9882352941176471,0.9767441860465116,0.9824561403508771,0.9871643635546568
primary_44_SurrogateTransfer_feature_squeezing_C1,44,SurrogateTransfer,feature_squeezing,C1,15,83,0,414,3,0.994,1.0,0.9651162790697675,0.9822485207100593,0.9825581395348837
primary_44_SurrogateTransfer_feature_squeezing_C1,44,SurrogateTransfer,feature_squeezing,C1,16,78,0,414,8,0.984,1.0,0.9069767441860465,0.951219512195122,0.9534883720930232
primary_44_SurrogateTransfer_feature_squeezing_C1,44,SurrogateTransfer,feature_squeezing,C1,17,84,0,415,1,0.998,1.0,0.9882352941176471,0.9940828402366864,0.9941176470588236
primary_44_SurrogateTransfer_feature_squeezing_C1,44,SurrogateTransfer,feature_squeezing,C1,18,80,0,415,5,0.99,1.0,0.9411764705882353,0.9696969696969697,0.9705882352941176
primary_44_SurrogateTransfer_feature_squeezing_C1,44,SurrogateTransfer,feature_squeezing,C1,19,83,0,415,2,0.996,1.0,0.9764705882352941,0.988095238095238,0.9882352941176471
primary_44_SurrogateTransfer_feature_squeezing_C1,44,SurrogateTransfer,feature_squeezing,C1,20,74,0,415,11,0.978,1.0,0.8705882352941177,0.9308176100628931,0.9352941176470588
primary_44_SurrogateTransfer_feature_squeezing_C1,44,SurrogateTransfer,feature_squeezing,C1,21,76,1,414,9,0.98,0.987012987012987,0.8941176470588236,0.9382716049382716,0.9458540042523034
primary_44_SurrogateTransfer_feature_squeezing_C1,44,SurrogateTransfer,feature_squeezing,C1,22,78,0,415,7,0.986,1.0,0.9176470588235294,0.9570552147239264,0.9588235294117646
primary_44_SurrogateTransfer_feature_squeezing_C1,44,SurrogateTransfer,feature_squeezing,C1,23,81,0,415,4,0.992,1.0,0.9529411764705882,0.9759036144578312,0.9764705882352941
primary_44_SurrogateTransfer_feature_squeezing_C1,44,SurrogateTransfer,feature_squeezing,C1,24,80,1,414,5,0.988,0.9876543209876543,0.9411764705882353,0.963855421686747,0.9693834160170092
primary_44_SurrogateTransfer_feature_squeezing_C1,44,SurrogateTransfer,feature_squeezing,C1,25,77,0,415,8,0.984,1.0,0.9058823529411765,0.9506172839506173,0.9529411764705882
primary_44_SurrogateTransfer_feature_squeezing_C1,44,SurrogateTransfer,feature_squeezing,C1,26,77,0,415,8,0.984,1.0,0.9058823529411765,0.9506172839506173,0.9529411764705882
primary_44_SurrogateTransfer_feature_squeezing_C1,44,SurrogateTransfer,feature_squeezing,C1,27,77,0,415,8,0.984,1.0,0.9058823529411765,0.9506172839506173,0.9529411764705882
primary_44_SurrogateTransfer_feature_squeezing_C1,44,SurrogateTransfer,feature_squeezing,C1,28,79,0,415,6,0.988,1.0,0.9294117647058824,0.9634146341463414,0.9647058823529412
primary_44_SurrogateTransfer_feature_squeezing_C1,44,SurrogateTransfer,feature_squeezing,C1,29,80,0,415,5,0.99,1.0,0.9411764705882353,0.9696969696969697,0.9705882352941176
primary_44_SurrogateTransfer_feature_squeezing_C1,44,SurrogateTransfer,feature_squeezing,C1,30,79,0,415,6,0.988,1.0,0.9294117647058824,0.9634146341463414,0.9647058823529412
primary_44_SurrogateTransfer_feature_squeezing_C1,44,SurrogateTransfer,feature_squeezing,C1,31,78,1,414,7,0.984,0.9873417721518988,0.9176470588235294,0.9512195121951219,0.9576187101346563
primary_44_SurrogateTransfer_feature_squeezing_C1,44,SurrogateTransfer,feature_squeezing,C1,32,80,0,415,5,0.99,1.0,0.9411764705882353,0.9696969696969697,0.9705882352941176
primary_44_SurrogateTransfer_feature_squeezing_C1,44,SurrogateTransfer,feature_squeezing,C1,33,81,0,415,4,0.992,1.0,0.9529411764705882,0.9759036144578312,0.9764705882352941
primary_44_SurrogateTransfer_feature_squeezing_C1,44,SurrogateTransfer,feature_squeezing,C1,34,79,1,414,6,0.986,0.9875,0.9294117647058824,0.9575757575757576,0.9635010630758327
primary_44_SurrogateTransfer_feature_squeezing_C1,44,SurrogateTransfer,feature_squeezing,C1,35,75,0,415,10,0.98,1.0,0.8823529411764706,0.9375,0.9411764705882353
primary_44_SurrogateTransfer_feature_squeezing_C1,44,SurrogateTransfer,feature_squeezing,C1,36,80,0,415,5,0.99,1.0,0.9411764705882353,0.9696969696969697,0.9705882352941176
primary_44_SurrogateTransfer_feature_squeezing_C1,44,SurrogateTransfer,feature_squeezing,C1,37,81,1,414,4,0.99,0.9878048780487805,0.9529411764705882,0.9700598802395209,0.9752657689581856
primary_44_SurrogateTransfer_feature_squeezing_C1,44,SurrogateTransfer,feature_squeezing,C1,38,81,0,415,4,0.992,1.0,0.9529411764705882,0.9759036144578312,0.9764705882352941
primary_44_SurrogateTransfer_feature_squeezing_C1,44,SurrogateTransfer,feature_squeezing,C1,39,81,0,415,4,0.992,1.0,0.9529411764705882,0.9759036144578312,0.9764705882352941
primary_44_SurrogateTransfer_feature_squeezing_C1,44,SurrogateTransfer,feature_squeezing,C1,40,82,0,415,3,0.994,1.0,0.9647058823529412,0.9820359281437125,0.9823529411764707
primary_44_SurrogateTransfer_feature_squeezing_C1,44,SurrogateTransfer,feature_squeezing,C1,41,82,0,415,3,0.994,1.0,0.9647058823529412,0.9820359281437125,0.9823529411764707
primary_44_SurrogateTransfer_feature_squeezing_C1,44,SurrogateTransfer,feature_squeezing,C1,42,81,0,415,4,0.992,1.0,0.9529411764705882,0.9759036144578312,0.9764705882352941
primary_44_SurrogateTransfer_feature_squeezing_C1,44,SurrogateTransfer,feature_squeezing,C1,43,78,1,414,7,0.984,0.9873417721518988,0.9176470588235294,0.9512195121951219,0.9576187101346563
primary_44_SurrogateTransfer_feature_squeezing_C1,44,SurrogateTransfer,feature_squeezing,C1,44,79,0,415,6,0.988,1.0,0.9294117647058824,0.9634146341463414,0.9647058823529412
primary_44_SurrogateTransfer_feature_squeezing_C1,44,SurrogateTransfer,feature_squeezing,C1,45,81,0,415,4,0.992,1.0,0.9529411764705882,0.9759036144578312,0.9764705882352941
primary_44_SurrogateTransfer_feature_squeezing_C1,44,SurrogateTransfer,feature_squeezing,C1,46,81,1,414,4,0.99,0.9878048780487805,0.9529411764705882,0.9700598802395209,0.9752657689581856
primary_44_SurrogateTransfer_feature_squeezing_C1,44,SurrogateTransfer,feature_squeezing,C1,47,76,0,415,9,0.982,1.0,0.8941176470588236,0.9440993788819877,0.9470588235294117
primary_44_SurrogateTransfer_feature_squeezing_C1,44,SurrogateTransfer,feature_squeezing,C1,48,81,0,415,4,0.992,1.0,0.9529411764705882,0.9759036144578312,0.9764705882352941
primary_44_SurrogateTransfer_feature_squeezing_C1,44,SurrogateTransfer,feature_squeezing,C1,49,77,0,415,8,0.984,1.0,0.9058823529411765,0.9506172839506173,0.9529411764705882
primary_44_SurrogateTransfer_feature_squeezing_C1,44,SurrogateTransfer,feature_squeezing,C1,50,81,0,415,4,0.992,1.0,0.9529411764705882,0.9759036144578312,0.9764705882352941
primary_44_SurrogateTransfer_feature_squeezing_C1,44,SurrogateTransfer,feature_squeezing,C1,51,80,1,414,5,0.988,0.9876543209876543,0.9411764705882353,0.963855421686747,0.9693834160170092
primary_44_SurrogateTransfer_feature_squeezing_C1,44,SurrogateTransfer,feature_squeezing,C1,52,80,1,414,5,0.988,0.9876543209876543,0.9411764705882353,0.963855421686747,0.9693834160170092
primary_44_SurrogateTransfer_feature_squeezing_C1,44,SurrogateTransfer,feature_squeezing,C1,53,77,1,414,8,0.982,0.9871794871794872,0.9058823529411765,0.9447852760736197,0.9517363571934798
primary_44_SurrogateTransfer_feature_squeezing_C1,44,SurrogateTransfer,feature_squeezing,C1,54,82,0,415,3,0.994,1.0,0.9647058823529412,0.9820359281437125,0.9823529411764707
primary_44_SurrogateTransfer_feature_squeezing_C1,44,SurrogateTransfer,feature_squeezing,C1,55,78,0,415,7,0.986,1.0,0.9176470588235294,0.9570552147239264,0.9588235294117646
primary_44_SurrogateTransfer_feature_squeezing_C1,44,SurrogateTransfer,feature_squeezing,C1,56,78,0,415,7,0.986,1.0,0.9176470588235294,0.9570552147239264,0.9588235294117646
primary_44_SurrogateTransfer_feature_squeezing_C1,44,SurrogateTransfer,feature_squeezing,C1,57,81,0,415,4,0.992,1.0,0.9529411764705882,0.9759036144578312,0.9764705882352941
primary_44_SurrogateTransfer_feature_squeezing_C1,44,SurrogateTransfer,feature_squeezing,C1,58,82,1,414,3,0.992,0.9879518072289156,0.9647058823529412,0.9761904761904762,0.9811481218993622
primary_44_SurrogateTransfer_feature_squeezing_C1,44,SurrogateTransfer,feature_squeezing,C1,59,78,0,415,7,0.986,1.0,0.9176470588235294,0.9570552147239264,0.9588235294117646
primary_44_SurrogateTransfer_feature_squeezing_C1,44,SurrogateTransfer,feature_squeezing,C1,60,81,0,415,4,0.992,1.0,0.9529411764705882,0.9759036144578312,0.9764705882352941
primary_44_SurrogateTransfer_feature_squeezing_C1,44,SurrogateTransfer,feature_squeezing,C1,61,78,0,415,7,0.986,1.0,0.9176470588235294,0.9570552147239264,0.9588235294117646
primary_44_SurrogateTransfer_feature_squeezing_C1,44,SurrogateTransfer,feature_squeezing,C1,62,81,0,415,4,0.992,1.0,0.9529411764705882,0.9759036144578312,0.9764705882352941
primary_44_SurrogateTransfer_feature_squeezing_C1,44,SurrogateTransfer,feature_squeezing,C1,63,77,0,415,8,0.984,1.0,0.9058823529411765,0.9506172839506173,0.9529411764705882
primary_44_SurrogateTransfer_feature_squeezing_C1,44,SurrogateTransfer,feature_squeezing,C1,64,77,0,415,8,0.984,1.0,0.9058823529411765,0.9506172839506173,0.9529411764705882
primary_44_SurrogateTransfer_feature_squeezing_C1,44,SurrogateTransfer,feature_squeezing,C1,65,78,0,415,7,0.986,1.0,0.9176470588235294,0.9570552147239264,0.9588235294117646
primary_44_SurrogateTransfer_feature_squeezing_C1,44,SurrogateTransfer,feature_squeezing,C1,66,80,0,415,5,0.99,1.0,0.9411764705882353,0.9696969696969697,0.9705882352941176
primary_44_SurrogateTransfer_feature_squeezing_C1,44,SurrogateTransfer,feature_squeezing,C1,67,81,0,415,4,0.992,1.0,0.9529411764705882,0.9759036144578312,0.9764705882352941
primary_44_SurrogateTransfer_feature_squeezing_C1,44,SurrogateTransfer,feature_squeezing,C1,68,79,0,415,6,0.988,1.0,0.9294117647058824,0.9634146341463414,0.9647058823529412
primary_44_SurrogateTransfer_feature_squeezing_C1,44,SurrogateTransfer,feature_squeezing,C1,69,80,1,414,5,0.988,0.9876543209876543,0.9411764705882353,0.963855421686747,0.9693834160170092
primary_44_SurrogateTransfer_feature_squeezing_C1,44,SurrogateTransfer,feature_squeezing,C1,70,82,0,415,3,0.994,1.0,0.9647058823529412,0.9820359281437125,0.9823529411764707
primary_44_SurrogateTransfer_feature_squeezing_C1,44,SurrogateTransfer,feature_squeezing,C1,71,77,0,415,8,0.984,1.0,0.9058823529411765,0.9506172839506173,0.9529411764705882
primary_44_SurrogateTransfer_feature_squeezing_C1,44,SurrogateTransfer,feature_squeezing,C1,72,78,0,415,7,0.986,1.0,0.9176470588235294,0.9570552147239264,0.9588235294117646
primary_44_SurrogateTransfer_feature_squeezing_C1,44,SurrogateTransfer,feature_squeezing,C1,73,77,0,415,8,0.984,1.0,0.9058823529411765,0.9506172839506173,0.9529411764705882
primary_44_SurrogateTransfer_feature_squeezing_C1,44,SurrogateTransfer,feature_squeezing,C1,74,82,0,415,3,0.994,1.0,0.9647058823529412,0.9820359281437125,0.9823529411764707
primary_44_SurrogateTransfer_feature_squeezing_C1,44,SurrogateTransfer,feature_squeezing,C1,75,78,0,415,7,0.986,1.0,0.9176470588235294,0.9570552147239264,0.9588235294117646
primary_44_SurrogateTransfer_feature_squeezing_C1,44,SurrogateTransfer,feature_squeezing,C1,76,82,0,415,3,0.994,1.0,0.9647058823529412,0.9820359281437125,0.9823529411764707
primary_44_SurrogateTransfer_feature_squeezing_C1,44,SurrogateTransfer,feature_squeezing,C1,77,80,0,415,5,0.99,1.0,0.9411764705882353,0.9696969696969697,0.9705882352941176
primary_44_SurrogateTransfer_feature_squeezing_C1,44,SurrogateTransfer,feature_squeezing,C1,78,83,0,415,2,0.996,1.0,0.9764705882352941,0.988095238095238,0.9882352941176471
primary_44_SurrogateTransfer_feature_squeezing_C1,44,SurrogateTransfer,feature_squeezing,C1,79,81,0,415,4,0.992,1.0,0.9529411764705882,0.9759036144578312,0.9764705882352941
primary_44_SurrogateTransfer_feature_squeezing_C1,44,SurrogateTransfer,feature_squeezing,C1,80,78,0,415,7,0.986,1.0,0.9176470588235294,0.9570552147239264,0.9588235294117646
primary_44_SurrogateTransfer_feature_squeezing_C1,44,SurrogateTransfer,feature_squeezing,C1,81,76,0,415,9,0.982,1.0,0.8941176470588236,0.9440993788819877,0.9470588235294117
primary_44_SurrogateTransfer_feature_squeezing_C1,44,SurrogateTransfer,feature_squeezing,C1,82,79,0,415,6,0.988,1.0,0.9294117647058824,0.9634146341463414,0.9647058823529412
primary_44_SurrogateTransfer_feature_squeezing_C1,44,SurrogateTransfer,feature_squeezing,C1,83,78,0,415,7,0.986,1.0,0.9176470588235294,0.9570552147239264,0.9588235294117646
primary_44_SurrogateTransfer_feature_squeezing_C1,44,SurrogateTransfer,feature_squeezing,C1,84,79,0,415,6,0.988,1.0,0.9294117647058824,0.9634146341463414,0.9647058823529412
primary_44_SurrogateTransfer_feature_squeezing_C1,44,SurrogateTransfer,feature_squeezing,C1,85,82,1,414,3,0.992,0.9879518072289156,0.9647058823529412,0.9761904761904762,0.9811481218993622
primary_44_SurrogateTransfer_feature_squeezing_C1,44,SurrogateTransfer,feature_squeezing,C1,86,76,1,414,9,0.98,0.987012987012987,0.8941176470588236,0.9382716049382716,0.9458540042523034
primary_44_SurrogateTransfer_feature_squeezing_C1,44,SurrogateTransfer,feature_squeezing,C1,87,78,0,415,7,0.986,1.0,0.9176470588235294,0.9570552147239264,0.9588235294117646
primary_44_SurrogateTransfer_feature_squeezing_C1,44,SurrogateTransfer,feature_squeezing,C1,88,81,0,415,4,0.992,1.0,0.9529411764705882,0.9759036144578312,0.9764705882352941
primary_44_SurrogateTransfer_feature_squeezing_C1,44,SurrogateTransfer,feature_squeezing,C1,89,79,1,414,6,0.986,0.9875,0.9294117647058824,0.9575757575757576,0.9635010630758327
primary_44_SurrogateTransfer_feature_squeezing_C1,44,SurrogateTransfer,feature_squeezing,C1,90,81,1,414,4,0.99,0.9878048780487805,0.9529411764705882,0.9700598802395209,0.9752657689581856
primary_44_SurrogateTransfer_feature_squeezing_C1,44,SurrogateTransfer,feature_squeezing,C1,91,80,1,414,5,0.988,0.9876543209876543,0.9411764705882353,0.963855421686747,0.9693834160170092
primary_44_SurrogateTransfer_feature_squeezing_C1,44,SurrogateTransfer,feature_squeezing,C1,92,80,0,415,5,0.99,1.0,0.9411764705882353,0.9696969696969697,0.9705882352941176
primary_44_SurrogateTransfer_feature_squeezing_C1,44,SurrogateTransfer,feature_squeezing,C1,93,79,0,415,6,0.988,1.0,0.9294117647058824,0.9634146341463414,0.9647058823529412
primary_44_SurrogateTransfer_feature_squeezing_C1,44,SurrogateTransfer,feature_squeezing,C1,94,81,0,415,4,0.992,1.0,0.9529411764705882,0.9759036144578312,0.9764705882352941
primary_44_SurrogateTransfer_feature_squeezing_C1,44,SurrogateTransfer,feature_squeezing,C1,95,81,0,415,4,0.992,1.0,0.9529411764705882,0.9759036144578312,0.9764705882352941
primary_44_SurrogateTransfer_feature_squeezing_C1,44,SurrogateTransfer,feature_squeezing,C1,96,84,0,415,1,0.998,1.0,0.9882352941176471,0.9940828402366864,0.9941176470588236
primary_44_SurrogateTransfer_feature_squeezing_C1,44,SurrogateTransfer,feature_squeezing,C1,97,75,1,414,10,0.978,0.9868421052631579,0.8823529411764706,0.9316770186335402,0.9399716513111269
primary_44_SurrogateTransfer_feature_squeezing_C1,44,SurrogateTransfer,feature_squeezing,C1,98,80,0,415,5,0.99,1.0,0.9411764705882353,0.9696969696969697,0.9705882352941176
primary_44_SurrogateTransfer_feature_squeezing_C1,44,SurrogateTransfer,feature_squeezing,C1,99,81,0,415,4,0.992,1.0,0.9529411764705882,0.9759036144578312,0.9764705882352941
primary_44_SurrogateTransfer_feature_squeezing_C1,44,SurrogateTransfer,feature_squeezing,C1,100,81,0,415,4,0.992,1.0,0.9529411764705882,0.9759036144578312,0.9764705882352941
primary_44_SurrogateTransfer_feature_squeezing_C1,44,SurrogateTransfer,feature_squeezing,C1,101,81,0,415,4,0.992,1.0,0.9529411764705882,0.9759036144578312,0.9764705882352941
primary_44_SurrogateTransfer_feature_squeezing_C1,44,SurrogateTransfer,feature_squeezing,C1,102,82,0,415,3,0.994,1.0,0.9647058823529412,0.9820359281437125,0.9823529411764707
primary_44_SurrogateTransfer_feature_squeezing_C1,44,SurrogateTransfer,feature_squeezing,C1,103,81,0,415,4,0.992,1.0,0.9529411764705882,0.9759036144578312,0.9764705882352941
primary_44_SurrogateTransfer_feature_squeezing_C1,44,SurrogateTransfer,feature_squeezing,C1,104,81,0,415,4,0.992,1.0,0.9529411764705882,0.9759036144578312,0.9764705882352941
primary_44_SurrogateTransfer_feature_squeezing_C1,44,SurrogateTransfer,feature_squeezing,C1,105,82,0,415,3,0.994,1.0,0.9647058823529412,0.9820359281437125,0.9823529411764707
primary_44_SurrogateTransfer_feature_squeezing_C1,44,SurrogateTransfer,feature_squeezing,C1,106,79,0,415,6,0.988,1.0,0.9294117647058824,0.9634146341463414,0.9647058823529412
primary_44_SurrogateTransfer_feature_squeezing_C1,44,SurrogateTransfer,feature_squeezing,C1,107,79,0,415,6,0.988,1.0,0.9294117647058824,0.9634146341463414,0.9647058823529412
primary_44_SurrogateTransfer_feature_squeezing_C1,44,SurrogateTransfer,feature_squeezing,C1,108,81,0,415,4,0.992,1.0,0.9529411764705882,0.9759036144578312,0.9764705882352941
primary_44_SurrogateTransfer_feature_squeezing_C1,44,SurrogateTransfer,feature_squeezing,C1,109,78,0,415,7,0.986,1.0,0.9176470588235294,0.9570552147239264,0.9588235294117646
primary_44_SurrogateTransfer_feature_squeezing_C1,44,SurrogateTransfer,feature_squeezing,C1,110,78,1,414,7,0.984,0.9873417721518988,0.9176470588235294,0.9512195121951219,0.9576187101346563
primary_44_SurrogateTransfer_feature_squeezing_C1,44,SurrogateTransfer,feature_squeezing,C1,111,84,0,415,1,0.998,1.0,0.9882352941176471,0.9940828402366864,0.9941176470588236
primary_44_SurrogateTransfer_feature_squeezing_C1,44,SurrogateTransfer,feature_squeezing,C1,112,81,1,414,4,0.99,0.9878048780487805,0.9529411764705882,0.9700598802395209,0.9752657689581856
primary_44_SurrogateTransfer_feature_squeezing_C1,44,SurrogateTransfer,feature_squeezing,C1,113,79,1,414,6,0.986,0.9875,0.9294117647058824,0.9575757575757576,0.9635010630758327
primary_44_SurrogateTransfer_feature_squeezing_C1,44,SurrogateTransfer,feature_squeezing,C1,114,79,0,415,6,0.988,1.0,0.9294117647058824,0.9634146341463414,0.9647058823529412
primary_44_SurrogateTransfer_feature_squeezing_C1,44,SurrogateTransfer,feature_squeezing,C1,115,77,0,415,8,0.984,1.0,0.9058823529411765,0.9506172839506173,0.9529411764705882
primary_44_SurrogateTransfer_feature_squeezing_C1,44,SurrogateTransfer,feature_squeezing,C1,116,78,0,415,7,0.986,1.0,0.9176470588235294,0.9570552147239264,0.9588235294117646
primary_44_SurrogateTransfer_feature_squeezing_C1,44,SurrogateTransfer,feature_squeezing,C1,117,80,0,415,5,0.99,1.0,0.9411764705882353,0.9696969696969697,0.9705882352941176
primary_44_SurrogateTransfer_feature_squeezing_C1,44,SurrogateTransfer,feature_squeezing,C1,118,78,1,414,7,0.984,0.9873417721518988,0.9176470588235294,0.9512195121951219,0.9576187101346563
primary_44_SurrogateTransfer_feature_squeezing_C1,44,SurrogateTransfer,feature_squeezing,C1,119,80,0,415,5,0.99,1.0,0.9411764705882353,0.9696969696969697,0.9705882352941176
primary_44_SurrogateTransfer_feature_squeezing_C1,44,SurrogateTransfer,feature_squeezing,C1,120,81,0,415,4,0.992,1.0,0.9529411764705882,0.9759036144578312,0.9764705882352941
primary_44_SurrogateTransfer_feature_squeezing_C1,44,SurrogateTransfer,feature_squeezing,C1,121,81,0,415,4,0.992,1.0,0.9529411764705882,0.9759036144578312,0.9764705882352941
primary_44_SurrogateTransfer_feature_squeezing_C1,44,SurrogateTransfer,feature_squeezing,C1,122,80,0,415,5,0.99,1.0,0.9411764705882353,0.9696969696969697,0.9705882352941176
primary_44_SurrogateTransfer_feature_squeezing_C1,44,SurrogateTransfer,feature_squeezing,C1,123,76,0,415,9,0.982,1.0,0.8941176470588236,0.9440993788819877,0.9470588235294117
primary_44_SurrogateTransfer_feature_squeezing_C1,44,SurrogateTransfer,feature_squeezing,C1,124,80,0,415,5,0.99,1.0,0.9411764705882353,0.9696969696969697,0.9705882352941176
primary_44_SurrogateTransfer_feature_squeezing_C1,44,SurrogateTransfer,feature_squeezing,C1,125,80,1,414,5,0.988,0.9876543209876543,0.9411764705882353,0.963855421686747,0.9693834160170092
primary_44_SurrogateTransfer_feature_squeezing_C1,44,SurrogateTransfer,feature_squeezing,C1,126,83,0,415,2,0.996,1.0,0.9764705882352941,0.988095238095238,0.9882352941176471
primary_44_SurrogateTransfer_feature_squeezing_C1,44,SurrogateTransfer,feature_squeezing,C1,127,77,0,415,8,0.984,1.0,0.9058823529411765,0.9506172839506173,0.9529411764705882
primary_44_SurrogateTransfer_feature_squeezing_C1,44,SurrogateTransfer,feature_squeezing,C1,128,83,0,415,2,0.996,1.0,0.9764705882352941,0.988095238095238,0.9882352941176471
primary_44_SurrogateTransfer_feature_squeezing_C1,44,SurrogateTransfer,feature_squeezing,C1,129,79,0,415,6,0.988,1.0,0.9294117647058824,0.9634146341463414,0.9647058823529412
primary_44_SurrogateTransfer_feature_squeezing_C1,44,SurrogateTransfer,feature_squeezing,C1,130,83,0,415,2,0.996,1.0,0.9764705882352941,0.988095238095238,0.9882352941176471
primary_44_SurrogateTransfer_feature_squeezing_C1,44,SurrogateTransfer,feature_squeezing,C1,131,80,0,415,5,0.99,1.0,0.9411764705882353,0.9696969696969697,0.9705882352941176
primary_44_SurrogateTransfer_feature_squeezing_C1,44,SurrogateTransfer,feature_squeezing,C1,132,78,0,415,7,0.986,1.0,0.9176470588235294,0.9570552147239264,0.9588235294117646
primary_44_SurrogateTransfer_feature_squeezing_C1,44,SurrogateTransfer,feature_squeezing,C1,133,81,0,415,4,0.992,1.0,0.9529411764705882,0.9759036144578312,0.9764705882352941
primary_44_SurrogateTransfer_feature_squeezing_C1,44,SurrogateTransfer,feature_squeezing,C1,134,78,0,415,7,0.986,1.0,0.9176470588235294,0.9570552147239264,0.9588235294117646
primary_44_SurrogateTransfer_feature_squeezing_C1,44,SurrogateTransfer,feature_squeezing,C1,135,83,0,415,2,0.996,1.0,0.9764705882352941,0.988095238095238,0.9882352941176471
primary_44_SurrogateTransfer_feature_squeezing_C1,44,SurrogateTransfer,feature_squeezing,C1,136,82,0,415,3,0.994,1.0,0.9647058823529412,0.9820359281437125,0.9823529411764707
primary_44_SurrogateTransfer_feature_squeezing_C1,44,SurrogateTransfer,feature_squeezing,C1,137,79,1,414,6,0.986,0.9875,0.9294117647058824,0.9575757575757576,0.9635010630758327
primary_44_SurrogateTransfer_feature_squeezing_C1,44,SurrogateTransfer,feature_squeezing,C1,138,82,0,415,3,0.994,1.0,0.9647058823529412,0.9820359281437125,0.9823529411764707
primary_44_SurrogateTransfer_feature_squeezing_C1,44,SurrogateTransfer,feature_squeezing,C1,139,78,0,415,7,0.986,1.0,0.9176470588235294,0.9570552147239264,0.9588235294117646
primary_44_SurrogateTransfer_feature_squeezing_C1,44,SurrogateTransfer,feature_squeezing,C1,140,78,0,415,7,0.986,1.0,0.9176470588235294,0.9570552147239264,0.9588235294117646
primary_44_SurrogateTransfer_feature_squeezing_C1,44,SurrogateTransfer,feature_squeezing,C1,141,77,0,415,8,0.984,1.0,0.9058823529411765,0.9506172839506173,0.9529411764705882
primary_44_SurrogateTransfer_feature_squeezing_C1,44,SurrogateTransfer,feature_squeezing,C1,142,84,0,415,1,0.998,1.0,0.9882352941176471,0.9940828402366864,0.9941176470588236
primary_44_SurrogateTransfer_feature_squeezing_C1,44,SurrogateTransfer,feature_squeezing,C1,143,81,0,415,4,0.992,1.0,0.9529411764705882,0.9759036144578312,0.9764705882352941
primary_44_SurrogateTransfer_randomized_smoothing_Base,44,SurrogateTransfer,randomized_smoothing,Base,0,70,0,414,16,0.968,1.0,0.813953488372093,0.8974358974358974,0.9069767441860466
primary_44_SurrogateTransfer_randomized_smoothing_Base,44,SurrogateTransfer,randomized_smoothing,Base,1,65,0,414,21,0.958,1.0,0.7558139534883721,0.8609271523178808,0.877906976744186
primary_44_SurrogateTransfer_randomized_smoothing_Base,44,SurrogateTransfer,randomized_smoothing,Base,2,72,1,413,14,0.97,0.9863013698630136,0.8372093023255814,0.9056603773584905,0.9173969216941917
primary_44_SurrogateTransfer_randomized_smoothing_Base,44,SurrogateTransfer,randomized_smoothing,Base,3,67,0,414,19,0.962,1.0,0.7790697674418605,0.8758169934640523,0.8895348837209303
primary_44_SurrogateTransfer_randomized_smoothing_Base,44,SurrogateTransfer,randomized_smoothing,Base,4,74,0,414,12,0.976,1.0,0.8604651162790697,0.9249999999999999,0.9302325581395349
primary_44_SurrogateTransfer_randomized_smoothing_Base,44,SurrogateTransfer,randomized_smoothing,Base,5,72,0,414,14,0.972,1.0,0.8372093023255814,0.9113924050632911,0.9186046511627908
primary_44_SurrogateTransfer_randomized_smoothing_Base,44,SurrogateTransfer,randomized_smoothing,Base,6,74,0,414,12,0.976,1.0,0.8604651162790697,0.9249999999999999,0.9302325581395349
primary_44_SurrogateTransfer_randomized_smoothing_Base,44,SurrogateTransfer,randomized_smoothing,Base,7,69,0,414,17,0.966,1.0,0.8023255813953488,0.8903225806451612,0.9011627906976745
primary_44_SurrogateTransfer_randomized_smoothing_Base,44,SurrogateTransfer,randomized_smoothing,Base,8,69,0,414,17,0.966,1.0,0.8023255813953488,0.8903225806451612,0.9011627906976745
primary_44_SurrogateTransfer_randomized_smoothing_Base,44,SurrogateTransfer,randomized_smoothing,Base,9,71,0,414,15,0.97,1.0,0.8255813953488372,0.9044585987261146,0.9127906976744187
primary_44_SurrogateTransfer_randomized_smoothing_Base,44,SurrogateTransfer,randomized_smoothing,Base,10,71,0,414,15,0.97,1.0,0.8255813953488372,0.9044585987261146,0.9127906976744187
primary_44_SurrogateTransfer_randomized_smoothing_Base,44,SurrogateTransfer,randomized_smoothing,Base,11,67,0,414,19,0.962,1.0,0.7790697674418605,0.8758169934640523,0.8895348837209303
primary_44_SurrogateTransfer_randomized_smoothing_Base,44,SurrogateTransfer,randomized_smoothing,Base,12,72,0,414,14,0.972,1.0,0.8372093023255814,0.9113924050632911,0.9186046511627908
primary_44_SurrogateTransfer_randomized_smoothing_Base,44,SurrogateTransfer,randomized_smoothing,Base,13,77,0,414,9,0.982,1.0,0.8953488372093024,0.9447852760736196,0.9476744186046512
primary_44_SurrogateTransfer_randomized_smoothing_Base,44,SurrogateTransfer,randomized_smoothing,Base,14,75,0,414,11,0.978,1.0,0.872093023255814,0.9316770186335404,0.936046511627907
primary_44_SurrogateTransfer_randomized_smoothing_Base,44,SurrogateTransfer,randomized_smoothing,Base,15,72,0,414,14,0.972,1.0,0.8372093023255814,0.9113924050632911,0.9186046511627908
primary_44_SurrogateTransfer_randomized_smoothing_Base,44,SurrogateTransfer,randomized_smoothing,Base,16,67,0,414,19,0.962,1.0,0.7790697674418605,0.8758169934640523,0.8895348837209303
primary_44_SurrogateTransfer_randomized_smoothing_Base,44,SurrogateTransfer,randomized_smoothing,Base,17,78,0,415,7,0.986,1.0,0.9176470588235294,0.9570552147239264,0.9588235294117646
primary_44_SurrogateTransfer_randomized_smoothing_Base,44,SurrogateTransfer,randomized_smoothing,Base,18,67,0,415,18,0.964,1.0,0.788235294117647,0.8815789473684211,0.8941176470588235
primary_44_SurrogateTransfer_randomized_smoothing_Base,44,SurrogateTransfer,randomized_smoothing,Base,19,73,0,415,12,0.976,1.0,0.8588235294117647,0.9240506329113923,0.9294117647058824
primary_44_SurrogateTransfer_randomized_smoothing_Base,44,SurrogateTransfer,randomized_smoothing,Base,20,65,0,415,20,0.96,1.0,0.7647058823529411,0.8666666666666666,0.8823529411764706
primary_44_SurrogateTransfer_randomized_smoothing_Base,44,SurrogateTransfer,randomized_smoothing,Base,21,68,0,415,17,0.966,1.0,0.8,0.888888888888889,0.9
primary_44_SurrogateTransfer_randomized_smoothing_Base,44,SurrogateTransfer,randomized_smoothing,Base,22,71,0,415,14,0.972,1.0,0.8352941176470589,0.9102564102564102,0.9176470588235295
primary_44_SurrogateTransfer_randomized_smoothing_Base,44,SurrogateTransfer,randomized_smoothing,Base,23,70,0,415,15,0.97,1.0,0.8235294117647058,0.9032258064516129,0.9117647058823529
primary_44_SurrogateTransfer_randomized_smoothing_Base,44,SurrogateTransfer,randomized_smoothing,Base,24,69,0,415,16,0.968,1.0,0.8117647058823529,0.8961038961038961,0.9058823529411765
primary_44_SurrogateTransfer_randomized_smoothing_Base,44,SurrogateTransfer,randomized_smoothing,Base,25,70,0,415,15,0.97,1.0,0.8235294117647058,0.9032258064516129,0.9117647058823529
primary_44_SurrogateTransfer_randomized_smoothing_Base,44,SurrogateTransfer,randomized_smoothing,Base,26,61,0,415,24,0.952,1.0,0.7176470588235294,0.8356164383561643,0.8588235294117648
primary_44_SurrogateTransfer_randomized_smoothing_Base,44,SurrogateTransfer,randomized_smoothing,Base,27,62,0,415,23,0.954,1.0,0.7294117647058823,0.8435374149659863,0.8647058823529412
primary_44_SurrogateTransfer_randomized_smoothing_Base,44,SurrogateTransfer,randomized_smoothing,Base,28,71,0,415,14,0.972,1.0,0.8352941176470589,0.9102564102564102,0.9176470588235295
primary_44_SurrogateTransfer_randomized_smoothing_Base,44,SurrogateTransfer,randomized_smoothing,Base,29,66,0,415,19,0.962,1.0,0.7764705882352941,0.8741721854304636,0.888235294117647
primary_44_SurrogateTransfer_randomized_smoothing_Base,44,SurrogateTransfer,randomized_smoothing,Base,30,71,0,415,14,0.972,1.0,0.8352941176470589,0.9102564102564102,0.9176470588235295
primary_44_SurrogateTransfer_randomized_smoothing_Base,44,SurrogateTransfer,randomized_smoothing,Base,31,67,0,415,18,0.964,1.0,0.788235294117647,0.8815789473684211,0.8941176470588235
primary_44_SurrogateTransfer_randomized_smoothing_Base,44,SurrogateTransfer,randomized_smoothing,Base,32,66,0,415,19,0.962,1.0,0.7764705882352941,0.8741721854304636,0.888235294117647
primary_44_SurrogateTransfer_randomized_smoothing_Base,44,SurrogateTransfer,randomized_smoothing,Base,33,65,0,415,20,0.96,1.0,0.7647058823529411,0.8666666666666666,0.8823529411764706
primary_44_SurrogateTransfer_randomized_smoothing_Base,44,SurrogateTransfer,randomized_smoothing,Base,34,68,1,414,17,0.964,0.9855072463768116,0.8,0.8831168831168831,0.8987951807228916
primary_44_SurrogateTransfer_randomized_smoothing_Base,44,SurrogateTransfer,randomized_smoothing,Base,35,64,0,415,21,0.958,1.0,0.7529411764705882,0.8590604026845637,0.8764705882352941
primary_44_SurrogateTransfer_randomized_smoothing_Base,44,SurrogateTransfer,randomized_smoothing,Base,36,67,0,415,18,0.964,1.0,0.788235294117647,0.8815789473684211,0.8941176470588235
primary_44_SurrogateTransfer_randomized_smoothing_Base,44,SurrogateTransfer,randomized_smoothing,Base,37,74,0,415,11,0.978,1.0,0.8705882352941177,0.9308176100628931,0.9352941176470588
primary_44_SurrogateTransfer_randomized_smoothing_Base,44,SurrogateTransfer,randomized_smoothing,Base,38,69,0,415,16,0.968,1.0,0.8117647058823529,0.8961038961038961,0.9058823529411765
primary_44_SurrogateTransfer_randomized_smoothing_Base,44,SurrogateTransfer,randomized_smoothing,Base,39,64,0,415,21,0.958,1.0,0.7529411764705882,0.8590604026845637,0.8764705882352941
primary_44_SurrogateTransfer_randomized_smoothing_Base,44,SurrogateTransfer,randomized_smoothing,Base,40,76,0,415,9,0.982,1.0,0.8941176470588236,0.9440993788819877,0.9470588235294117
primary_44_SurrogateTransfer_randomized_smoothing_Base,44,SurrogateTransfer,randomized_smoothing,Base,41,72,0,415,13,0.974,1.0,0.8470588235294118,0.9171974522292993,0.9235294117647059
primary_44_SurrogateTransfer_randomized_smoothing_Base,44,SurrogateTransfer,randomized_smoothing,Base,42,68,0,415,17,0.966,1.0,0.8,0.888888888888889,0.9
primary_44_SurrogateTransfer_randomized_smoothing_Base,44,SurrogateTransfer,randomized_smoothing,Base,43,67,0,415,18,0.964,1.0,0.788235294117647,0.8815789473684211,0.8941176470588235
primary_44_SurrogateTransfer_randomized_smoothing_Base,44,SurrogateTransfer,randomized_smoothing,Base,44,63,0,415,22,0.956,1.0,0.7411764705882353,0.8513513513513514,0.8705882352941177
primary_44_SurrogateTransfer_randomized_smoothing_Base,44,SurrogateTransfer,randomized_smoothing,Base,45,73,0,415,12,0.976,1.0,0.8588235294117647,0.9240506329113923,0.9294117647058824
primary_44_SurrogateTransfer_randomized_smoothing_Base,44,SurrogateTransfer,randomized_smoothing,Base,46,72,0,415,13,0.974,1.0,0.8470588235294118,0.9171974522292993,0.9235294117647059
primary_44_SurrogateTransfer_randomized_smoothing_Base,44,SurrogateTransfer,randomized_smoothing,Base,47,67,0,415,18,0.964,1.0,0.788235294117647,0.8815789473684211,0.8941176470588235
primary_44_SurrogateTransfer_randomized_smoothing_Base,44,SurrogateTransfer,randomized_smoothing,Base,48,73,0,415,12,0.976,1.0,0.8588235294117647,0.9240506329113923,0.9294117647058824
primary_44_SurrogateTransfer_randomized_smoothing_Base,44,SurrogateTransfer,randomized_smoothing,Base,49,68,0,415,17,0.966,1.0,0.8,0.888888888888889,0.9
primary_44_SurrogateTransfer_randomized_smoothing_Base,44,SurrogateTransfer,randomized_smoothing,Base,50,71,0,415,14,0.972,1.0,0.8352941176470589,0.9102564102564102,0.9176470588235295
primary_44_SurrogateTransfer_randomized_smoothing_Base,44,SurrogateTransfer,randomized_smoothing,Base,51,70,0,415,15,0.97,1.0,0.8235294117647058,0.9032258064516129,0.9117647058823529
primary_44_SurrogateTransfer_randomized_smoothing_Base,44,SurrogateTransfer,randomized_smoothing,Base,52,67,0,415,18,0.964,1.0,0.788235294117647,0.8815789473684211,0.8941176470588235
primary_44_SurrogateTransfer_randomized_smoothing_Base,44,SurrogateTransfer,randomized_smoothing,Base,53,62,0,415,23,0.954,1.0,0.7294117647058823,0.8435374149659863,0.8647058823529412
primary_44_SurrogateTransfer_randomized_smoothing_Base,44,SurrogateTransfer,randomized_smoothing,Base,54,68,0,415,17,0.966,1.0,0.8,0.888888888888889,0.9
primary_44_SurrogateTransfer_randomized_smoothing_Base,44,SurrogateTransfer,randomized_smoothing,Base,55,65,0,415,20,0.96,1.0,0.7647058823529411,0.8666666666666666,0.8823529411764706
primary_44_SurrogateTransfer_randomized_smoothing_Base,44,SurrogateTransfer,randomized_smoothing,Base,56,69,0,415,16,0.968,1.0,0.8117647058823529,0.8961038961038961,0.9058823529411765
primary_44_SurrogateTransfer_randomized_smoothing_Base,44,SurrogateTransfer,randomized_smoothing,Base,57,68,0,415,17,0.966,1.0,0.8,0.888888888888889,0.9
primary_44_SurrogateTransfer_randomized_smoothing_Base,44,SurrogateTransfer,randomized_smoothing,Base,58,72,1,414,13,0.972,0.9863013698630136,0.8470588235294118,0.9113924050632911,0.9223245924875975
primary_44_SurrogateTransfer_randomized_smoothing_Base,44,SurrogateTransfer,randomized_smoothing,Base,59,69,0,415,16,0.968,1.0,0.8117647058823529,0.8961038961038961,0.9058823529411765
primary_44_SurrogateTransfer_randomized_smoothing_Base,44,SurrogateTransfer,randomized_smoothing,Base,60,64,0,415,21,0.958,1.0,0.7529411764705882,0.8590604026845637,0.8764705882352941
primary_44_SurrogateTransfer_randomized_smoothing_Base,44,SurrogateTransfer,randomized_smoothing,Base,61,68,0,415,17,0.966,1.0,0.8,0.888888888888889,0.9
primary_44_SurrogateTransfer_randomized_smoothing_Base,44,SurrogateTransfer,randomized_smoothing,Base,62,67,0,415,18,0.964,1.0,0.788235294117647,0.8815789473684211,0.8941176470588235
primary_44_SurrogateTransfer_randomized_smoothing_Base,44,SurrogateTransfer,randomized_smoothing,Base,63,68,0,415,17,0.966,1.0,0.8,0.888888888888889,0.9
primary_44_SurrogateTransfer_randomized_smoothing_Base,44,SurrogateTransfer,randomized_smoothing,Base,64,68,0,415,17,0.966,1.0,0.8,0.888888888888889,0.9
primary_44_SurrogateTransfer_randomized_smoothing_Base,44,SurrogateTransfer,randomized_smoothing,Base,65,65,0,415,20,0.96,1.0,0.7647058823529411,0.8666666666666666,0.8823529411764706
primary_44_SurrogateTransfer_randomized_smoothing_Base,44,SurrogateTransfer,randomized_smoothing,Base,66,67,0,415,18,0.964,1.0,0.788235294117647,0.8815789473684211,0.8941176470588235
primary_44_SurrogateTransfer_randomized_smoothing_Base,44,SurrogateTransfer,randomized_smoothing,Base,67,71,0,415,14,0.972,1.0,0.8352941176470589,0.9102564102564102,0.9176470588235295
primary_44_SurrogateTransfer_randomized_smoothing_Base,44,SurrogateTransfer,randomized_smoothing,Base,68,68,0,415,17,0.966,1.0,0.8,0.888888888888889,0.9
primary_44_SurrogateTransfer_randomized_smoothing_Base,44,SurrogateTransfer,randomized_smoothing,Base,69,67,1,414,18,0.962,0.9852941176470589,0.788235294117647,0.8758169934640523,0.8929128277817151
primary_44_SurrogateTransfer_randomized_smoothing_Base,44,SurrogateTransfer,randomized_smoothing,Base,70,70,0,415,15,0.97,1.0,0.8235294117647058,0.9032258064516129,0.9117647058823529
primary_44_SurrogateTransfer_randomized_smoothing_Base,44,SurrogateTransfer,randomized_smoothing,Base,71,69,0,415,16,0.968,1.0,0.8117647058823529,0.8961038961038961,0.9058823529411765
primary_44_SurrogateTransfer_randomized_smoothing_Base,44,SurrogateTransfer,randomized_smoothing,Base,72,69,0,415,16,0.968,1.0,0.8117647058823529,0.8961038961038961,0.9058823529411765
primary_44_SurrogateTransfer_randomized_smoothing_Base,44,SurrogateTransfer,randomized_smoothing,Base,73,68,0,415,17,0.966,1.0,0.8,0.888888888888889,0.9
primary_44_SurrogateTransfer_randomized_smoothing_Base,44,SurrogateTransfer,randomized_smoothing,Base,74,77,0,415,8,0.984,1.0,0.9058823529411765,0.9506172839506173,0.9529411764705882
primary_44_SurrogateTransfer_randomized_smoothing_Base,44,SurrogateTransfer,randomized_smoothing,Base,75,69,0,415,16,0.968,1.0,0.8117647058823529,0.8961038961038961,0.9058823529411765
primary_44_SurrogateTransfer_randomized_smoothing_Base,44,SurrogateTransfer,randomized_smoothing,Base,76,70,0,415,15,0.97,1.0,0.8235294117647058,0.9032258064516129,0.9117647058823529
primary_44_SurrogateTransfer_randomized_smoothing_Base,44,SurrogateTransfer,randomized_smoothing,Base,77,72,0,415,13,0.974,1.0,0.8470588235294118,0.9171974522292993,0.9235294117647059
primary_44_SurrogateTransfer_randomized_smoothing_Base,44,SurrogateTransfer,randomized_smoothing,Base,78,71,0,415,14,0.972,1.0,0.8352941176470589,0.9102564102564102,0.9176470588235295
primary_44_SurrogateTransfer_randomized_smoothing_Base,44,SurrogateTransfer,randomized_smoothing,Base,79,68,0,415,17,0.966,1.0,0.8,0.888888888888889,0.9
primary_44_SurrogateTransfer_randomized_smoothing_Base,44,SurrogateTransfer,randomized_smoothing,Base,80,66,0,415,19,0.962,1.0,0.7764705882352941,0.8741721854304636,0.888235294117647
primary_44_SurrogateTransfer_randomized_smoothing_Base,44,SurrogateTransfer,randomized_smoothing,Base,81,68,0,415,17,0.966,1.0,0.8,0.888888888888889,0.9
primary_44_SurrogateTransfer_randomized_smoothing_Base,44,SurrogateTransfer,randomized_smoothing,Base,82,70,0,415,15,0.97,1.0,0.8235294117647058,0.9032258064516129,0.9117647058823529
primary_44_SurrogateTransfer_randomized_smoothing_Base,44,SurrogateTransfer,randomized_smoothing,Base,83,63,0,415,22,0.956,1.0,0.7411764705882353,0.8513513513513514,0.8705882352941177
primary_44_SurrogateTransfer_randomized_smoothing_Base,44,SurrogateTransfer,randomized_smoothing,Base,84,72,0,415,13,0.974,1.0,0.8470588235294118,0.9171974522292993,0.9235294117647059
primary_44_SurrogateTransfer_randomized_smoothing_Base,44,SurrogateTransfer,randomized_smoothing,Base,85,67,0,415,18,0.964,1.0,0.788235294117647,0.8815789473684211,0.8941176470588235
primary_44_SurrogateTransfer_randomized_smoothing_Base,44,SurrogateTransfer,randomized_smoothing,Base,86,69,1,414,16,0.966,0.9857142857142858,0.8117647058823529,0.8903225806451613,0.904677533664068
primary_44_SurrogateTransfer_randomized_smoothing_Base,44,SurrogateTransfer,randomized_smoothing,Base,87,62,0,415,23,0.954,1.0,0.7294117647058823,0.8435374149659863,0.8647058823529412
primary_44_SurrogateTransfer_randomized_smoothing_Base,44,SurrogateTransfer,randomized_smoothing,Base,88,65,0,415,20,0.96,1.0,0.7647058823529411,0.8666666666666666,0.8823529411764706
primary_44_SurrogateTransfer_randomized_smoothing_Base,44,SurrogateTransfer,randomized_smoothing,Base,89,71,0,415,14,0.972,1.0,0.8352941176470589,0.9102564102564102,0.9176470588235295
primary_44_SurrogateTransfer_randomized_smoothing_Base,44,SurrogateTransfer,randomized_smoothing,Base,90,69,0,415,16,0.968,1.0,0.8117647058823529,0.8961038961038961,0.9058823529411765
primary_44_SurrogateTransfer_randomized_smoothing_Base,44,SurrogateTransfer,randomized_smoothing,Base,91,66,0,415,19,0.962,1.0,0.7764705882352941,0.8741721854304636,0.888235294117647
primary_44_SurrogateTransfer_randomized_smoothing_Base,44,SurrogateTransfer,randomized_smoothing,Base,92,65,0,415,20,0.96,1.0,0.7647058823529411,0.8666666666666666,0.8823529411764706
primary_44_SurrogateTransfer_randomized_smoothing_Base,44,SurrogateTransfer,randomized_smoothing,Base,93,72,0,415,13,0.974,1.0,0.8470588235294118,0.9171974522292993,0.9235294117647059
primary_44_SurrogateTransfer_randomized_smoothing_Base,44,SurrogateTransfer,randomized_smoothing,Base,94,67,0,415,18,0.964,1.0,0.788235294117647,0.8815789473684211,0.8941176470588235
primary_44_SurrogateTransfer_randomized_smoothing_Base,44,SurrogateTransfer,randomized_smoothing,Base,95,70,0,415,15,0.97,1.0,0.8235294117647058,0.9032258064516129,0.9117647058823529
primary_44_SurrogateTransfer_randomized_smoothing_Base,44,SurrogateTransfer,randomized_smoothing,Base,96,67,0,415,18,0.964,1.0,0.788235294117647,0.8815789473684211,0.8941176470588235
primary_44_SurrogateTransfer_randomized_smoothing_Base,44,SurrogateTransfer,randomized_smoothing,Base,97,64,0,415,21,0.958,1.0,0.7529411764705882,0.8590604026845637,0.8764705882352941
primary_44_SurrogateTransfer_randomized_smoothing_Base,44,SurrogateTransfer,randomized_smoothing,Base,98,72,0,415,13,0.974,1.0,0.8470588235294118,0.9171974522292993,0.9235294117647059
primary_44_SurrogateTransfer_randomized_smoothing_Base,44,SurrogateTransfer,randomized_smoothing,Base,99,62,0,415,23,0.954,1.0,0.7294117647058823,0.8435374149659863,0.8647058823529412
primary_44_SurrogateTransfer_randomized_smoothing_Base,44,SurrogateTransfer,randomized_smoothing,Base,100,75,0,415,10,0.98,1.0,0.8823529411764706,0.9375,0.9411764705882353
primary_44_SurrogateTransfer_randomized_smoothing_Base,44,SurrogateTransfer,randomized_smoothing,Base,101,68,0,415,17,0.966,1.0,0.8,0.888888888888889,0.9
primary_44_SurrogateTransfer_randomized_smoothing_Base,44,SurrogateTransfer,randomized_smoothing,Base,102,71,0,415,14,0.972,1.0,0.8352941176470589,0.9102564102564102,0.9176470588235295
primary_44_SurrogateTransfer_randomized_smoothing_Base,44,SurrogateTransfer,randomized_smoothing,Base,103,72,0,415,13,0.974,1.0,0.8470588235294118,0.9171974522292993,0.9235294117647059
primary_44_SurrogateTransfer_randomized_smoothing_Base,44,SurrogateTransfer,randomized_smoothing,Base,104,72,0,415,13,0.974,1.0,0.8470588235294118,0.9171974522292993,0.9235294117647059
primary_44_SurrogateTransfer_randomized_smoothing_Base,44,SurrogateTransfer,randomized_smoothing,Base,105,73,0,415,12,0.976,1.0,0.8588235294117647,0.9240506329113923,0.9294117647058824
primary_44_SurrogateTransfer_randomized_smoothing_Base,44,SurrogateTransfer,randomized_smoothing,Base,106,69,0,415,16,0.968,1.0,0.8117647058823529,0.8961038961038961,0.9058823529411765
primary_44_SurrogateTransfer_randomized_smoothing_Base,44,SurrogateTransfer,randomized_smoothing,Base,107,65,0,415,20,0.96,1.0,0.7647058823529411,0.8666666666666666,0.8823529411764706
primary_44_SurrogateTransfer_randomized_smoothing_Base,44,SurrogateTransfer,randomized_smoothing,Base,108,71,0,415,14,0.972,1.0,0.8352941176470589,0.9102564102564102,0.9176470588235295
primary_44_SurrogateTransfer_randomized_smoothing_Base,44,SurrogateTransfer,randomized_smoothing,Base,109,64,0,415,21,0.958,1.0,0.7529411764705882,0.8590604026845637,0.8764705882352941
primary_44_SurrogateTransfer_randomized_smoothing_Base,44,SurrogateTransfer,randomized_smoothing,Base,110,64,1,414,21,0.956,0.9846153846153847,0.7529411764705882,0.8533333333333333,0.8752657689581858
primary_44_SurrogateTransfer_randomized_smoothing_Base,44,SurrogateTransfer,randomized_smoothing,Base,111,71,0,415,14,0.972,1.0,0.8352941176470589,0.9102564102564102,0.9176470588235295
primary_44_SurrogateTransfer_randomized_smoothing_Base,44,SurrogateTransfer,randomized_smoothing,Base,112,71,1,414,14,0.97,0.9861111111111112,0.8352941176470589,0.9044585987261147,0.916442239546421
primary_44_SurrogateTransfer_randomized_smoothing_Base,44,SurrogateTransfer,randomized_smoothing,Base,113,69,0,415,16,0.968,1.0,0.8117647058823529,0.8961038961038961,0.9058823529411765
primary_44_SurrogateTransfer_randomized_smoothing_Base,44,SurrogateTransfer,randomized_smoothing,Base,114,68,0,415,17,0.966,1.0,0.8,0.888888888888889,0.9
primary_44_SurrogateTransfer_randomized_smoothing_Base,44,SurrogateTransfer,randomized_smoothing,Base,115,67,0,415,18,0.964,1.0,0.788235294117647,0.8815789473684211,0.8941176470588235
primary_44_SurrogateTransfer_randomized_smoothing_Base,44,SurrogateTransfer,randomized_smoothing,Base,116,62,0,415,23,0.954,1.0,0.7294117647058823,0.8435374149659863,0.8647058823529412
primary_44_SurrogateTransfer_randomized_smoothing_Base,44,SurrogateTransfer,randomized_smoothing,Base,117,70,0,415,15,0.97,1.0,0.8235294117647058,0.9032258064516129,0.9117647058823529
primary_44_SurrogateTransfer_randomized_smoothing_Base,44,SurrogateTransfer,randomized_smoothing,Base,118,71,0,415,14,0.972,1.0,0.8352941176470589,0.9102564102564102,0.9176470588235295
primary_44_SurrogateTransfer_randomized_smoothing_Base,44,SurrogateTransfer,randomized_smoothing,Base,119,72,0,415,13,0.974,1.0,0.8470588235294118,0.9171974522292993,0.9235294117647059
primary_44_SurrogateTransfer_randomized_smoothing_Base,44,SurrogateTransfer,randomized_smoothing,Base,120,77,0,415,8,0.984,1.0,0.9058823529411765,0.9506172839506173,0.9529411764705882
primary_44_SurrogateTransfer_randomized_smoothing_Base,44,SurrogateTransfer,randomized_smoothing,Base,121,71,0,415,14,0.972,1.0,0.8352941176470589,0.9102564102564102,0.9176470588235295
primary_44_SurrogateTransfer_randomized_smoothing_Base,44,SurrogateTransfer,randomized_smoothing,Base,122,74,0,415,11,0.978,1.0,0.8705882352941177,0.9308176100628931,0.9352941176470588
primary_44_SurrogateTransfer_randomized_smoothing_Base,44,SurrogateTransfer,randomized_smoothing,Base,123,67,0,415,18,0.964,1.0,0.788235294117647,0.8815789473684211,0.8941176470588235
primary_44_SurrogateTransfer_randomized_smoothing_Base,44,SurrogateTransfer,randomized_smoothing,Base,124,66,0,415,19,0.962,1.0,0.7764705882352941,0.8741721854304636,0.888235294117647
primary_44_SurrogateTransfer_randomized_smoothing_Base,44,SurrogateTransfer,randomized_smoothing,Base,125,71,0,415,14,0.972,1.0,0.8352941176470589,0.9102564102564102,0.9176470588235295
primary_44_SurrogateTransfer_randomized_smoothing_Base,44,SurrogateTransfer,randomized_smoothing,Base,126,75,0,415,10,0.98,1.0,0.8823529411764706,0.9375,0.9411764705882353
primary_44_SurrogateTransfer_randomized_smoothing_Base,44,SurrogateTransfer,randomized_smoothing,Base,127,65,0,415,20,0.96,1.0,0.7647058823529411,0.8666666666666666,0.8823529411764706
primary_44_SurrogateTransfer_randomized_smoothing_Base,44,SurrogateTransfer,randomized_smoothing,Base,128,72,0,415,13,0.974,1.0,0.8470588235294118,0.9171974522292993,0.9235294117647059
primary_44_SurrogateTransfer_randomized_smoothing_Base,44,SurrogateTransfer,randomized_smoothing,Base,129,68,0,415,17,0.966,1.0,0.8,0.888888888888889,0.9
primary_44_SurrogateTransfer_randomized_smoothing_Base,44,SurrogateTransfer,randomized_smoothing,Base,130,74,0,415,11,0.978,1.0,0.8705882352941177,0.9308176100628931,0.9352941176470588
primary_44_SurrogateTransfer_randomized_smoothing_Base,44,SurrogateTransfer,randomized_smoothing,Base,131,64,0,415,21,0.958,1.0,0.7529411764705882,0.8590604026845637,0.8764705882352941
primary_44_SurrogateTransfer_randomized_smoothing_Base,44,SurrogateTransfer,randomized_smoothing,Base,132,65,0,415,20,0.96,1.0,0.7647058823529411,0.8666666666666666,0.8823529411764706
primary_44_SurrogateTransfer_randomized_smoothing_Base,44,SurrogateTransfer,randomized_smoothing,Base,133,70,0,415,15,0.97,1.0,0.8235294117647058,0.9032258064516129,0.9117647058823529
primary_44_SurrogateTransfer_randomized_smoothing_Base,44,SurrogateTransfer,randomized_smoothing,Base,134,64,0,415,21,0.958,1.0,0.7529411764705882,0.8590604026845637,0.8764705882352941
primary_44_SurrogateTransfer_randomized_smoothing_Base,44,SurrogateTransfer,randomized_smoothing,Base,135,68,0,415,17,0.966,1.0,0.8,0.888888888888889,0.9
primary_44_SurrogateTransfer_randomized_smoothing_Base,44,SurrogateTransfer,randomized_smoothing,Base,136,71,0,415,14,0.972,1.0,0.8352941176470589,0.9102564102564102,0.9176470588235295
primary_44_SurrogateTransfer_randomized_smoothing_Base,44,SurrogateTransfer,randomized_smoothing,Base,137,70,0,415,15,0.97,1.0,0.8235294117647058,0.9032258064516129,0.9117647058823529
primary_44_SurrogateTransfer_randomized_smoothing_Base,44,SurrogateTransfer,randomized_smoothing,Base,138,71,0,415,14,0.972,1.0,0.8352941176470589,0.9102564102564102,0.9176470588235295
primary_44_SurrogateTransfer_randomized_smoothing_Base,44,SurrogateTransfer,randomized_smoothing,Base,139,68,0,415,17,0.966,1.0,0.8,0.888888888888889,0.9
primary_44_SurrogateTransfer_randomized_smoothing_Base,44,SurrogateTransfer,randomized_smoothing,Base,140,69,0,415,16,0.968,1.0,0.8117647058823529,0.8961038961038961,0.9058823529411765
primary_44_SurrogateTransfer_randomized_smoothing_Base,44,SurrogateTransfer,randomized_smoothing,Base,141,69,0,415,16,0.968,1.0,0.8117647058823529,0.8961038961038961,0.9058823529411765
primary_44_SurrogateTransfer_randomized_smoothing_Base,44,SurrogateTransfer,randomized_smoothing,Base,142,69,0,415,16,0.968,1.0,0.8117647058823529,0.8961038961038961,0.9058823529411765
primary_44_SurrogateTransfer_randomized_smoothing_Base,44,SurrogateTransfer,randomized_smoothing,Base,143,72,0,415,13,0.974,1.0,0.8470588235294118,0.9171974522292993,0.9235294117647059
primary_44_SurrogateTransfer_randomized_smoothing_C1,44,SurrogateTransfer,randomized_smoothing,C1,0,70,0,414,16,0.968,1.0,0.813953488372093,0.8974358974358974,0.9069767441860466
primary_44_SurrogateTransfer_randomized_smoothing_C1,44,SurrogateTransfer,randomized_smoothing,C1,1,71,0,414,15,0.97,1.0,0.8255813953488372,0.9044585987261146,0.9127906976744187
primary_44_SurrogateTransfer_randomized_smoothing_C1,44,SurrogateTransfer,randomized_smoothing,C1,2,80,1,413,6,0.986,0.9876543209876543,0.9302325581395349,0.9580838323353293,0.9639085496011683
primary_44_SurrogateTransfer_randomized_smoothing_C1,44,SurrogateTransfer,randomized_smoothing,C1,3,77,0,414,9,0.982,1.0,0.8953488372093024,0.9447852760736196,0.9476744186046512
primary_44_SurrogateTransfer_randomized_smoothing_C1,44,SurrogateTransfer,randomized_smoothing,C1,4,82,0,414,4,0.992,1.0,0.9534883720930233,0.9761904761904763,0.9767441860465116
primary_44_SurrogateTransfer_randomized_smoothing_C1,44,SurrogateTransfer,randomized_smoothing,C1,5,82,0,414,4,0.992,1.0,0.9534883720930233,0.9761904761904763,0.9767441860465116
primary_44_SurrogateTransfer_randomized_smoothing_C1,44,SurrogateTransfer,randomized_smoothing,C1,6,80,0,414,6,0.988,1.0,0.9302325581395349,0.963855421686747,0.9651162790697674
primary_44_SurrogateTransfer_randomized_smoothing_C1,44,SurrogateTransfer,randomized_smoothing,C1,7,79,0,414,7,0.986,1.0,0.9186046511627907,0.9575757575757576,0.9593023255813953
primary_44_SurrogateTransfer_randomized_smoothing_C1,44,SurrogateTransfer,randomized_smoothing,C1,8,78,0,414,8,0.984,1.0,0.9069767441860465,0.951219512195122,0.9534883720930232
primary_44_SurrogateTransfer_randomized_smoothing_C1,44,SurrogateTransfer,randomized_smoothing,C1,9,84,0,414,2,0.996,1.0,0.9767441860465116,0.988235294117647,0.9883720930232558
primary_44_SurrogateTransfer_randomized_smoothing_C1,44,SurrogateTransfer,randomized_smoothing,C1,10,81,1,413,5,0.988,0.9878048780487805,0.9418604651162791,0.9642857142857143,0.9697225030895404
primary_44_SurrogateTransfer_randomized_smoothing_C1,44,SurrogateTransfer,randomized_smoothing,C1,11,80,0,414,6,0.988,1.0,0.9302325581395349,0.963855421686747,0.9651162790697674
primary_44_SurrogateTransfer_randomized_smoothing_C1,44,SurrogateTransfer,randomized_smoothing,C1,12,83,0,414,3,0.994,1.0,0.9651162790697675,0.9822485207100593,0.9825581395348837
primary_44_SurrogateTransfer_randomized_smoothing_C1,44,SurrogateTransfer,randomized_smoothing,C1,13,84,0,414,2,0.996,1.0,0.9767441860465116,0.988235294117647,0.9883720930232558
primary_44_SurrogateTransfer_randomized_smoothing_C1,44,SurrogateTransfer,randomized_smoothing,C1,14,83,1,413,3,0.992,0.9880952380952381,0.9651162790697675,0.9764705882352942,0.9813504100662847
primary_44_SurrogateTransfer_randomized_smoothing_C1,44,SurrogateTransfer,randomized_smoothing,C1,15,82,0,414,4,0.992,1.0,0.9534883720930233,0.9761904761904763,0.9767441860465116
primary_44_SurrogateTransfer_randomized_smoothing_C1,44,SurrogateTransfer,randomized_smoothing,C1,16,78,1,413,8,0.982,0.9873417721518988,0.9069767441860465,0.9454545454545454,0.9522806426244241
primary_44_SurrogateTransfer_randomized_smoothing_C1,44,SurrogateTransfer,randomized_smoothing,C1,17,84,0,415,1,0.998,1.0,0.9882352941176471,0.9940828402366864,0.9941176470588236
primary_44_SurrogateTransfer_randomized_smoothing_C1,44,SurrogateTransfer,randomized_smoothing,C1,18,79,0,415,6,0.988,1.0,0.9294117647058824,0.9634146341463414,0.9647058823529412
primary_44_SurrogateTransfer_randomized_smoothing_C1,44,SurrogateTransfer,randomized_smoothing,C1,19,83,0,415,2,0.996,1.0,0.9764705882352941,0.988095238095238,0.9882352941176471
primary_44_SurrogateTransfer_randomized_smoothing_C1,44,SurrogateTransfer,randomized_smoothing,C1,20,75,0,415,10,0.98,1.0,0.8823529411764706,0.9375,0.9411764705882353
primary_44_SurrogateTransfer_randomized_smoothing_C1,44,SurrogateTransfer,randomized_smoothing,C1,21,76,1,414,9,0.98,0.987012987012987,0.8941176470588236,0.9382716049382716,0.9458540042523034
primary_44_SurrogateTransfer_randomized_smoothing_C1,44,SurrogateTransfer,randomized_smoothing,C1,22,78,0,415,7,0.986,1.0,0.9176470588235294,0.9570552147239264,0.9588235294117646
primary_44_SurrogateTransfer_randomized_smoothing_C1,44,SurrogateTransfer,randomized_smoothing,C1,23,81,0,415,4,0.992,1.0,0.9529411764705882,0.9759036144578312,0.9764705882352941
primary_44_SurrogateTransfer_randomized_smoothing_C1,44,SurrogateTransfer,randomized_smoothing,C1,24,80,0,415,5,0.99,1.0,0.9411764705882353,0.9696969696969697,0.9705882352941176
primary_44_SurrogateTransfer_randomized_smoothing_C1,44,SurrogateTransfer,randomized_smoothing,C1,25,77,0,415,8,0.984,1.0,0.9058823529411765,0.9506172839506173,0.9529411764705882
primary_44_SurrogateTransfer_randomized_smoothing_C1,44,SurrogateTransfer,randomized_smoothing,C1,26,77,0,415,8,0.984,1.0,0.9058823529411765,0.9506172839506173,0.9529411764705882
primary_44_SurrogateTransfer_randomized_smoothing_C1,44,SurrogateTransfer,randomized_smoothing,C1,27,77,0,415,8,0.984,1.0,0.9058823529411765,0.9506172839506173,0.9529411764705882
primary_44_SurrogateTransfer_randomized_smoothing_C1,44,SurrogateTransfer,randomized_smoothing,C1,28,79,0,415,6,0.988,1.0,0.9294117647058824,0.9634146341463414,0.9647058823529412
primary_44_SurrogateTransfer_randomized_smoothing_C1,44,SurrogateTransfer,randomized_smoothing,C1,29,80,0,415,5,0.99,1.0,0.9411764705882353,0.9696969696969697,0.9705882352941176
primary_44_SurrogateTransfer_randomized_smoothing_C1,44,SurrogateTransfer,randomized_smoothing,C1,30,79,0,415,6,0.988,1.0,0.9294117647058824,0.9634146341463414,0.9647058823529412
primary_44_SurrogateTransfer_randomized_smoothing_C1,44,SurrogateTransfer,randomized_smoothing,C1,31,78,1,414,7,0.984,0.9873417721518988,0.9176470588235294,0.9512195121951219,0.9576187101346563
primary_44_SurrogateTransfer_randomized_smoothing_C1,44,SurrogateTransfer,randomized_smoothing,C1,32,80,0,415,5,0.99,1.0,0.9411764705882353,0.9696969696969697,0.9705882352941176
primary_44_SurrogateTransfer_randomized_smoothing_C1,44,SurrogateTransfer,randomized_smoothing,C1,33,81,0,415,4,0.992,1.0,0.9529411764705882,0.9759036144578312,0.9764705882352941
primary_44_SurrogateTransfer_randomized_smoothing_C1,44,SurrogateTransfer,randomized_smoothing,C1,34,79,1,414,6,0.986,0.9875,0.9294117647058824,0.9575757575757576,0.9635010630758327
primary_44_SurrogateTransfer_randomized_smoothing_C1,44,SurrogateTransfer,randomized_smoothing,C1,35,75,0,415,10,0.98,1.0,0.8823529411764706,0.9375,0.9411764705882353
primary_44_SurrogateTransfer_randomized_smoothing_C1,44,SurrogateTransfer,randomized_smoothing,C1,36,79,0,415,6,0.988,1.0,0.9294117647058824,0.9634146341463414,0.9647058823529412
primary_44_SurrogateTransfer_randomized_smoothing_C1,44,SurrogateTransfer,randomized_smoothing,C1,37,81,1,414,4,0.99,0.9878048780487805,0.9529411764705882,0.9700598802395209,0.9752657689581856
primary_44_SurrogateTransfer_randomized_smoothing_C1,44,SurrogateTransfer,randomized_smoothing,C1,38,81,0,415,4,0.992,1.0,0.9529411764705882,0.9759036144578312,0.9764705882352941
primary_44_SurrogateTransfer_randomized_smoothing_C1,44,SurrogateTransfer,randomized_smoothing,C1,39,81,0,415,4,0.992,1.0,0.9529411764705882,0.9759036144578312,0.9764705882352941
primary_44_SurrogateTransfer_randomized_smoothing_C1,44,SurrogateTransfer,randomized_smoothing,C1,40,82,0,415,3,0.994,1.0,0.9647058823529412,0.9820359281437125,0.9823529411764707
primary_44_SurrogateTransfer_randomized_smoothing_C1,44,SurrogateTransfer,randomized_smoothing,C1,41,82,0,415,3,0.994,1.0,0.9647058823529412,0.9820359281437125,0.9823529411764707
primary_44_SurrogateTransfer_randomized_smoothing_C1,44,SurrogateTransfer,randomized_smoothing,C1,42,81,0,415,4,0.992,1.0,0.9529411764705882,0.9759036144578312,0.9764705882352941
primary_44_SurrogateTransfer_randomized_smoothing_C1,44,SurrogateTransfer,randomized_smoothing,C1,43,77,1,414,8,0.982,0.9871794871794872,0.9058823529411765,0.9447852760736197,0.9517363571934798
primary_44_SurrogateTransfer_randomized_smoothing_C1,44,SurrogateTransfer,randomized_smoothing,C1,44,79,0,415,6,0.988,1.0,0.9294117647058824,0.9634146341463414,0.9647058823529412
primary_44_SurrogateTransfer_randomized_smoothing_C1,44,SurrogateTransfer,randomized_smoothing,C1,45,81,1,414,4,0.99,0.9878048780487805,0.9529411764705882,0.9700598802395209,0.9752657689581856
primary_44_SurrogateTransfer_randomized_smoothing_C1,44,SurrogateTransfer,randomized_smoothing,C1,46,81,1,414,4,0.99,0.9878048780487805,0.9529411764705882,0.9700598802395209,0.9752657689581856
primary_44_SurrogateTransfer_randomized_smoothing_C1,44,SurrogateTransfer,randomized_smoothing,C1,47,76,0,415,9,0.982,1.0,0.8941176470588236,0.9440993788819877,0.9470588235294117
primary_44_SurrogateTransfer_randomized_smoothing_C1,44,SurrogateTransfer,randomized_smoothing,C1,48,81,0,415,4,0.992,1.0,0.9529411764705882,0.9759036144578312,0.9764705882352941
primary_44_SurrogateTransfer_randomized_smoothing_C1,44,SurrogateTransfer,randomized_smoothing,C1,49,77,1,414,8,0.982,0.9871794871794872,0.9058823529411765,0.9447852760736197,0.9517363571934798
primary_44_SurrogateTransfer_randomized_smoothing_C1,44,SurrogateTransfer,randomized_smoothing,C1,50,81,0,415,4,0.992,1.0,0.9529411764705882,0.9759036144578312,0.9764705882352941
primary_44_SurrogateTransfer_randomized_smoothing_C1,44,SurrogateTransfer,randomized_smoothing,C1,51,80,1,414,5,0.988,0.9876543209876543,0.9411764705882353,0.963855421686747,0.9693834160170092
primary_44_SurrogateTransfer_randomized_smoothing_C1,44,SurrogateTransfer,randomized_smoothing,C1,52,80,0,415,5,0.99,1.0,0.9411764705882353,0.9696969696969697,0.9705882352941176
primary_44_SurrogateTransfer_randomized_smoothing_C1,44,SurrogateTransfer,randomized_smoothing,C1,53,77,1,414,8,0.982,0.9871794871794872,0.9058823529411765,0.9447852760736197,0.9517363571934798
primary_44_SurrogateTransfer_randomized_smoothing_C1,44,SurrogateTransfer,randomized_smoothing,C1,54,82,0,415,3,0.994,1.0,0.9647058823529412,0.9820359281437125,0.9823529411764707
primary_44_SurrogateTransfer_randomized_smoothing_C1,44,SurrogateTransfer,randomized_smoothing,C1,55,78,0,415,7,0.986,1.0,0.9176470588235294,0.9570552147239264,0.9588235294117646
primary_44_SurrogateTransfer_randomized_smoothing_C1,44,SurrogateTransfer,randomized_smoothing,C1,56,78,0,415,7,0.986,1.0,0.9176470588235294,0.9570552147239264,0.9588235294117646
primary_44_SurrogateTransfer_randomized_smoothing_C1,44,SurrogateTransfer,randomized_smoothing,C1,57,81,0,415,4,0.992,1.0,0.9529411764705882,0.9759036144578312,0.9764705882352941
primary_44_SurrogateTransfer_randomized_smoothing_C1,44,SurrogateTransfer,randomized_smoothing,C1,58,82,2,413,3,0.99,0.9761904761904762,0.9647058823529412,0.9704142011834319,0.9799433026222537
primary_44_SurrogateTransfer_randomized_smoothing_C1,44,SurrogateTransfer,randomized_smoothing,C1,59,78,0,415,7,0.986,1.0,0.9176470588235294,0.9570552147239264,0.9588235294117646
primary_44_SurrogateTransfer_randomized_smoothing_C1,44,SurrogateTransfer,randomized_smoothing,C1,60,81,0,415,4,0.992,1.0,0.9529411764705882,0.9759036144578312,0.9764705882352941
primary_44_SurrogateTransfer_randomized_smoothing_C1,44,SurrogateTransfer,randomized_smoothing,C1,61,78,0,415,7,0.986,1.0,0.9176470588235294,0.9570552147239264,0.9588235294117646
primary_44_SurrogateTransfer_randomized_smoothing_C1,44,SurrogateTransfer,randomized_smoothing,C1,62,81,0,415,4,0.992,1.0,0.9529411764705882,0.9759036144578312,0.9764705882352941
primary_44_SurrogateTransfer_randomized_smoothing_C1,44,SurrogateTransfer,randomized_smoothing,C1,63,77,0,415,8,0.984,1.0,0.9058823529411765,0.9506172839506173,0.9529411764705882
primary_44_SurrogateTransfer_randomized_smoothing_C1,44,SurrogateTransfer,randomized_smoothing,C1,64,77,0,415,8,0.984,1.0,0.9058823529411765,0.9506172839506173,0.9529411764705882
primary_44_SurrogateTransfer_randomized_smoothing_C1,44,SurrogateTransfer,randomized_smoothing,C1,65,78,0,415,7,0.986,1.0,0.9176470588235294,0.9570552147239264,0.9588235294117646
primary_44_SurrogateTransfer_randomized_smoothing_C1,44,SurrogateTransfer,randomized_smoothing,C1,66,80,0,415,5,0.99,1.0,0.9411764705882353,0.9696969696969697,0.9705882352941176
primary_44_SurrogateTransfer_randomized_smoothing_C1,44,SurrogateTransfer,randomized_smoothing,C1,67,81,0,415,4,0.992,1.0,0.9529411764705882,0.9759036144578312,0.9764705882352941
primary_44_SurrogateTransfer_randomized_smoothing_C1,44,SurrogateTransfer,randomized_smoothing,C1,68,79,0,415,6,0.988,1.0,0.9294117647058824,0.9634146341463414,0.9647058823529412
primary_44_SurrogateTransfer_randomized_smoothing_C1,44,SurrogateTransfer,randomized_smoothing,C1,69,80,2,413,5,0.986,0.975609756097561,0.9411764705882353,0.9580838323353293,0.9681785967399008
primary_44_SurrogateTransfer_randomized_smoothing_C1,44,SurrogateTransfer,randomized_smoothing,C1,70,82,0,415,3,0.994,1.0,0.9647058823529412,0.9820359281437125,0.9823529411764707
primary_44_SurrogateTransfer_randomized_smoothing_C1,44,SurrogateTransfer,randomized_smoothing,C1,71,77,0,415,8,0.984,1.0,0.9058823529411765,0.9506172839506173,0.9529411764705882
primary_44_SurrogateTransfer_randomized_smoothing_C1,44,SurrogateTransfer,randomized_smoothing,C1,72,78,0,415,7,0.986,1.0,0.9176470588235294,0.9570552147239264,0.9588235294117646
primary_44_SurrogateTransfer_randomized_smoothing_C1,44,SurrogateTransfer,randomized_smoothing,C1,73,77,1,414,8,0.982,0.9871794871794872,0.9058823529411765,0.9447852760736197,0.9517363571934798
primary_44_SurrogateTransfer_randomized_smoothing_C1,44,SurrogateTransfer,randomized_smoothing,C1,74,82,0,415,3,0.994,1.0,0.9647058823529412,0.9820359281437125,0.9823529411764707
primary_44_SurrogateTransfer_randomized_smoothing_C1,44,SurrogateTransfer,randomized_smoothing,C1,75,78,0,415,7,0.986,1.0,0.9176470588235294,0.9570552147239264,0.9588235294117646
primary_44_SurrogateTransfer_randomized_smoothing_C1,44,SurrogateTransfer,randomized_smoothing,C1,76,82,1,414,3,0.992,0.9879518072289156,0.9647058823529412,0.9761904761904762,0.9811481218993622
primary_44_SurrogateTransfer_randomized_smoothing_C1,44,SurrogateTransfer,randomized_smoothing,C1,77,80,0,415,5,0.99,1.0,0.9411764705882353,0.9696969696969697,0.9705882352941176
primary_44_SurrogateTransfer_randomized_smoothing_C1,44,SurrogateTransfer,randomized_smoothing,C1,78,83,0,415,2,0.996,1.0,0.9764705882352941,0.988095238095238,0.9882352941176471
primary_44_SurrogateTransfer_randomized_smoothing_C1,44,SurrogateTransfer,randomized_smoothing,C1,79,81,0,415,4,0.992,1.0,0.9529411764705882,0.9759036144578312,0.9764705882352941
primary_44_SurrogateTransfer_randomized_smoothing_C1,44,SurrogateTransfer,randomized_smoothing,C1,80,79,0,415,6,0.988,1.0,0.9294117647058824,0.9634146341463414,0.9647058823529412
primary_44_SurrogateTransfer_randomized_smoothing_C1,44,SurrogateTransfer,randomized_smoothing,C1,81,76,0,415,9,0.982,1.0,0.8941176470588236,0.9440993788819877,0.9470588235294117
primary_44_SurrogateTransfer_randomized_smoothing_C1,44,SurrogateTransfer,randomized_smoothing,C1,82,80,0,415,5,0.99,1.0,0.9411764705882353,0.9696969696969697,0.9705882352941176
primary_44_SurrogateTransfer_randomized_smoothing_C1,44,SurrogateTransfer,randomized_smoothing,C1,83,78,0,415,7,0.986,1.0,0.9176470588235294,0.9570552147239264,0.9588235294117646
primary_44_SurrogateTransfer_randomized_smoothing_C1,44,SurrogateTransfer,randomized_smoothing,C1,84,79,0,415,6,0.988,1.0,0.9294117647058824,0.9634146341463414,0.9647058823529412
primary_44_SurrogateTransfer_randomized_smoothing_C1,44,SurrogateTransfer,randomized_smoothing,C1,85,82,1,414,3,0.992,0.9879518072289156,0.9647058823529412,0.9761904761904762,0.9811481218993622
primary_44_SurrogateTransfer_randomized_smoothing_C1,44,SurrogateTransfer,randomized_smoothing,C1,86,76,2,413,9,0.978,0.9743589743589743,0.8941176470588236,0.9325153374233129,0.9446491849751949
primary_44_SurrogateTransfer_randomized_smoothing_C1,44,SurrogateTransfer,randomized_smoothing,C1,87,78,0,415,7,0.986,1.0,0.9176470588235294,0.9570552147239264,0.9588235294117646
primary_44_SurrogateTransfer_randomized_smoothing_C1,44,SurrogateTransfer,randomized_smoothing,C1,88,81,0,415,4,0.992,1.0,0.9529411764705882,0.9759036144578312,0.9764705882352941
primary_44_SurrogateTransfer_randomized_smoothing_C1,44,SurrogateTransfer,randomized_smoothing,C1,89,79,1,414,6,0.986,0.9875,0.9294117647058824,0.9575757575757576,0.9635010630758327
primary_44_SurrogateTransfer_randomized_smoothing_C1,44,SurrogateTransfer,randomized_smoothing,C1,90,82,1,414,3,0.992,0.9879518072289156,0.9647058823529412,0.9761904761904762,0.9811481218993622
primary_44_SurrogateTransfer_randomized_smoothing_C1,44,SurrogateTransfer,randomized_smoothing,C1,91,80,1,414,5,0.988,0.9876543209876543,0.9411764705882353,0.963855421686747,0.9693834160170092
primary_44_SurrogateTransfer_randomized_smoothing_C1,44,SurrogateTransfer,randomized_smoothing,C1,92,80,0,415,5,0.99,1.0,0.9411764705882353,0.9696969696969697,0.9705882352941176
primary_44_SurrogateTransfer_randomized_smoothing_C1,44,SurrogateTransfer,randomized_smoothing,C1,93,79,0,415,6,0.988,1.0,0.9294117647058824,0.9634146341463414,0.9647058823529412
primary_44_SurrogateTransfer_randomized_smoothing_C1,44,SurrogateTransfer,randomized_smoothing,C1,94,82,0,415,3,0.994,1.0,0.9647058823529412,0.9820359281437125,0.9823529411764707
primary_44_SurrogateTransfer_randomized_smoothing_C1,44,SurrogateTransfer,randomized_smoothing,C1,95,82,1,414,3,0.992,0.9879518072289156,0.9647058823529412,0.9761904761904762,0.9811481218993622
primary_44_SurrogateTransfer_randomized_smoothing_C1,44,SurrogateTransfer,randomized_smoothing,C1,96,84,0,415,1,0.998,1.0,0.9882352941176471,0.9940828402366864,0.9941176470588236
primary_44_SurrogateTransfer_randomized_smoothing_C1,44,SurrogateTransfer,randomized_smoothing,C1,97,76,1,414,9,0.98,0.987012987012987,0.8941176470588236,0.9382716049382716,0.9458540042523034
primary_44_SurrogateTransfer_randomized_smoothing_C1,44,SurrogateTransfer,randomized_smoothing,C1,98,80,0,415,5,0.99,1.0,0.9411764705882353,0.9696969696969697,0.9705882352941176
primary_44_SurrogateTransfer_randomized_smoothing_C1,44,SurrogateTransfer,randomized_smoothing,C1,99,82,1,414,3,0.992,0.9879518072289156,0.9647058823529412,0.9761904761904762,0.9811481218993622
primary_44_SurrogateTransfer_randomized_smoothing_C1,44,SurrogateTransfer,randomized_smoothing,C1,100,81,1,414,4,0.99,0.9878048780487805,0.9529411764705882,0.9700598802395209,0.9752657689581856
primary_44_SurrogateTransfer_randomized_smoothing_C1,44,SurrogateTransfer,randomized_smoothing,C1,101,81,0,415,4,0.992,1.0,0.9529411764705882,0.9759036144578312,0.9764705882352941
primary_44_SurrogateTransfer_randomized_smoothing_C1,44,SurrogateTransfer,randomized_smoothing,C1,102,82,0,415,3,0.994,1.0,0.9647058823529412,0.9820359281437125,0.9823529411764707
primary_44_SurrogateTransfer_randomized_smoothing_C1,44,SurrogateTransfer,randomized_smoothing,C1,103,81,0,415,4,0.992,1.0,0.9529411764705882,0.9759036144578312,0.9764705882352941
primary_44_SurrogateTransfer_randomized_smoothing_C1,44,SurrogateTransfer,randomized_smoothing,C1,104,82,0,415,3,0.994,1.0,0.9647058823529412,0.9820359281437125,0.9823529411764707
primary_44_SurrogateTransfer_randomized_smoothing_C1,44,SurrogateTransfer,randomized_smoothing,C1,105,82,0,415,3,0.994,1.0,0.9647058823529412,0.9820359281437125,0.9823529411764707
primary_44_SurrogateTransfer_randomized_smoothing_C1,44,SurrogateTransfer,randomized_smoothing,C1,106,79,0,415,6,0.988,1.0,0.9294117647058824,0.9634146341463414,0.9647058823529412
primary_44_SurrogateTransfer_randomized_smoothing_C1,44,SurrogateTransfer,randomized_smoothing,C1,107,79,0,415,6,0.988,1.0,0.9294117647058824,0.9634146341463414,0.9647058823529412
primary_44_SurrogateTransfer_randomized_smoothing_C1,44,SurrogateTransfer,randomized_smoothing,C1,108,81,0,415,4,0.992,1.0,0.9529411764705882,0.9759036144578312,0.9764705882352941
primary_44_SurrogateTransfer_randomized_smoothing_C1,44,SurrogateTransfer,randomized_smoothing,C1,109,78,0,415,7,0.986,1.0,0.9176470588235294,0.9570552147239264,0.9588235294117646
primary_44_SurrogateTransfer_randomized_smoothing_C1,44,SurrogateTransfer,randomized_smoothing,C1,110,78,1,414,7,0.984,0.9873417721518988,0.9176470588235294,0.9512195121951219,0.9576187101346563
primary_44_SurrogateTransfer_randomized_smoothing_C1,44,SurrogateTransfer,randomized_smoothing,C1,111,84,1,414,1,0.996,0.9882352941176471,0.9882352941176471,0.9882352941176471,0.9929128277817152
primary_44_SurrogateTransfer_randomized_smoothing_C1,44,SurrogateTransfer,randomized_smoothing,C1,112,81,1,414,4,0.99,0.9878048780487805,0.9529411764705882,0.9700598802395209,0.9752657689581856
primary_44_SurrogateTransfer_randomized_smoothing_C1,44,SurrogateTransfer,randomized_smoothing,C1,113,79,1,414,6,0.986,0.9875,0.9294117647058824,0.9575757575757576,0.9635010630758327
primary_44_SurrogateTransfer_randomized_smoothing_C1,44,SurrogateTransfer,randomized_smoothing,C1,114,80,0,415,5,0.99,1.0,0.9411764705882353,0.9696969696969697,0.9705882352941176
primary_44_SurrogateTransfer_randomized_smoothing_C1,44,SurrogateTransfer,randomized_smoothing,C1,115,78,0,415,7,0.986,1.0,0.9176470588235294,0.9570552147239264,0.9588235294117646
primary_44_SurrogateTransfer_randomized_smoothing_C1,44,SurrogateTransfer,randomized_smoothing,C1,116,78,1,414,7,0.984,0.9873417721518988,0.9176470588235294,0.9512195121951219,0.9576187101346563
primary_44_SurrogateTransfer_randomized_smoothing_C1,44,SurrogateTransfer,randomized_smoothing,C1,117,80,0,415,5,0.99,1.0,0.9411764705882353,0.9696969696969697,0.9705882352941176
primary_44_SurrogateTransfer_randomized_smoothing_C1,44,SurrogateTransfer,randomized_smoothing,C1,118,78,1,414,7,0.984,0.9873417721518988,0.9176470588235294,0.9512195121951219,0.9576187101346563
primary_44_SurrogateTransfer_randomized_smoothing_C1,44,SurrogateTransfer,randomized_smoothing,C1,119,80,0,415,5,0.99,1.0,0.9411764705882353,0.9696969696969697,0.9705882352941176
primary_44_SurrogateTransfer_randomized_smoothing_C1,44,SurrogateTransfer,randomized_smoothing,C1,120,82,0,415,3,0.994,1.0,0.9647058823529412,0.9820359281437125,0.9823529411764707
primary_44_SurrogateTransfer_randomized_smoothing_C1,44,SurrogateTransfer,randomized_smoothing,C1,121,81,0,415,4,0.992,1.0,0.9529411764705882,0.9759036144578312,0.9764705882352941
primary_44_SurrogateTransfer_randomized_smoothing_C1,44,SurrogateTransfer,randomized_smoothing,C1,122,80,0,415,5,0.99,1.0,0.9411764705882353,0.9696969696969697,0.9705882352941176
primary_44_SurrogateTransfer_randomized_smoothing_C1,44,SurrogateTransfer,randomized_smoothing,C1,123,76,0,415,9,0.982,1.0,0.8941176470588236,0.9440993788819877,0.9470588235294117
primary_44_SurrogateTransfer_randomized_smoothing_C1,44,SurrogateTransfer,randomized_smoothing,C1,124,80,1,414,5,0.988,0.9876543209876543,0.9411764705882353,0.963855421686747,0.9693834160170092
primary_44_SurrogateTransfer_randomized_smoothing_C1,44,SurrogateTransfer,randomized_smoothing,C1,125,82,2,413,3,0.99,0.9761904761904762,0.9647058823529412,0.9704142011834319,0.9799433026222537
primary_44_SurrogateTransfer_randomized_smoothing_C1,44,SurrogateTransfer,randomized_smoothing,C1,126,83,0,415,2,0.996,1.0,0.9764705882352941,0.988095238095238,0.9882352941176471
primary_44_SurrogateTransfer_randomized_smoothing_C1,44,SurrogateTransfer,randomized_smoothing,C1,127,77,0,415,8,0.984,1.0,0.9058823529411765,0.9506172839506173,0.9529411764705882
primary_44_SurrogateTransfer_randomized_smoothing_C1,44,SurrogateTransfer,randomized_smoothing,C1,128,83,0,415,2,0.996,1.0,0.9764705882352941,0.988095238095238,0.9882352941176471
primary_44_SurrogateTransfer_randomized_smoothing_C1,44,SurrogateTransfer,randomized_smoothing,C1,129,79,0,415,6,0.988,1.0,0.9294117647058824,0.9634146341463414,0.9647058823529412
primary_44_SurrogateTransfer_randomized_smoothing_C1,44,SurrogateTransfer,randomized_smoothing,C1,130,83,0,415,2,0.996,1.0,0.9764705882352941,0.988095238095238,0.9882352941176471
primary_44_SurrogateTransfer_randomized_smoothing_C1,44,SurrogateTransfer,randomized_smoothing,C1,131,80,1,414,5,0.988,0.9876543209876543,0.9411764705882353,0.963855421686747,0.9693834160170092
primary_44_SurrogateTransfer_randomized_smoothing_C1,44,SurrogateTransfer,randomized_smoothing,C1,132,78,0,415,7,0.986,1.0,0.9176470588235294,0.9570552147239264,0.9588235294117646
primary_44_SurrogateTransfer_randomized_smoothing_C1,44,SurrogateTransfer,randomized_smoothing,C1,133,81,1,414,4,0.99,0.9878048780487805,0.9529411764705882,0.9700598802395209,0.9752657689581856
primary_44_SurrogateTransfer_randomized_smoothing_C1,44,SurrogateTransfer,randomized_smoothing,C1,134,78,0,415,7,0.986,1.0,0.9176470588235294,0.9570552147239264,0.9588235294117646
primary_44_SurrogateTransfer_randomized_smoothing_C1,44,SurrogateTransfer,randomized_smoothing,C1,135,83,0,415,2,0.996,1.0,0.9764705882352941,0.988095238095238,0.9882352941176471
primary_44_SurrogateTransfer_randomized_smoothing_C1,44,SurrogateTransfer,randomized_smoothing,C1,136,82,0,415,3,0.994,1.0,0.9647058823529412,0.9820359281437125,0.9823529411764707
primary_44_SurrogateTransfer_randomized_smoothing_C1,44,SurrogateTransfer,randomized_smoothing,C1,137,79,2,413,6,0.984,0.9753086419753086,0.9294117647058824,0.9518072289156626,0.9622962437987244
primary_44_SurrogateTransfer_randomized_smoothing_C1,44,SurrogateTransfer,randomized_smoothing,C1,138,82,0,415,3,0.994,1.0,0.9647058823529412,0.9820359281437125,0.9823529411764707
primary_44_SurrogateTransfer_randomized_smoothing_C1,44,SurrogateTransfer,randomized_smoothing,C1,139,78,1,414,7,0.984,0.9873417721518988,0.9176470588235294,0.9512195121951219,0.9576187101346563
primary_44_SurrogateTransfer_randomized_smoothing_C1,44,SurrogateTransfer,randomized_smoothing,C1,140,79,0,415,6,0.988,1.0,0.9294117647058824,0.9634146341463414,0.9647058823529412
primary_44_SurrogateTransfer_randomized_smoothing_C1,44,SurrogateTransfer,randomized_smoothing,C1,141,78,0,415,7,0.986,1.0,0.9176470588235294,0.9570552147239264,0.9588235294117646
primary_44_SurrogateTransfer_randomized_smoothing_C1,44,SurrogateTransfer,randomized_smoothing,C1,142,84,0,415,1,0.998,1.0,0.9882352941176471,0.9940828402366864,0.9941176470588236
primary_44_SurrogateTransfer_randomized_smoothing_C1,44,SurrogateTransfer,randomized_smoothing,C1,143,81,0,415,4,0.992,1.0,0.9529411764705882,0.9759036144578312,0.9764705882352941
primary_44_DecisionBoundary_afp_Base,44,DecisionBoundary,afp,Base,0,71,0,414,15,0.97,1.0,0.8255813953488372,0.9044585987261146,0.9127906976744187
primary_44_DecisionBoundary_afp_Base,44,DecisionBoundary,afp,Base,1,64,0,414,22,0.956,1.0,0.7441860465116279,0.8533333333333333,0.872093023255814
primary_44_DecisionBoundary_afp_Base,44,DecisionBoundary,afp,Base,2,70,1,413,16,0.966,0.9859154929577465,0.813953488372093,0.89171974522293,0.9057690147174475
primary_44_DecisionBoundary_afp_Base,44,DecisionBoundary,afp,Base,3,67,0,414,19,0.962,1.0,0.7790697674418605,0.8758169934640523,0.8895348837209303
primary_44_DecisionBoundary_afp_Base,44,DecisionBoundary,afp,Base,4,70,0,414,16,0.968,1.0,0.813953488372093,0.8974358974358974,0.9069767441860466
primary_44_DecisionBoundary_afp_Base,44,DecisionBoundary,afp,Base,5,66,0,414,20,0.96,1.0,0.7674418604651163,0.868421052631579,0.8837209302325582
primary_44_DecisionBoundary_afp_Base,44,DecisionBoundary,afp,Base,6,70,0,414,16,0.968,1.0,0.813953488372093,0.8974358974358974,0.9069767441860466
primary_44_DecisionBoundary_afp_Base,44,DecisionBoundary,afp,Base,7,67,0,414,19,0.962,1.0,0.7790697674418605,0.8758169934640523,0.8895348837209303
primary_44_DecisionBoundary_afp_Base,44,DecisionBoundary,afp,Base,8,64,0,414,22,0.956,1.0,0.7441860465116279,0.8533333333333333,0.872093023255814
primary_44_DecisionBoundary_afp_Base,44,DecisionBoundary,afp,Base,9,69,0,414,17,0.966,1.0,0.8023255813953488,0.8903225806451612,0.9011627906976745
primary_44_DecisionBoundary_afp_Base,44,DecisionBoundary,afp,Base,10,69,1,413,17,0.964,0.9857142857142858,0.8023255813953488,0.8846153846153846,0.8999550612290754
primary_44_DecisionBoundary_afp_Base,44,DecisionBoundary,afp,Base,11,66,0,414,20,0.96,1.0,0.7674418604651163,0.868421052631579,0.8837209302325582
primary_44_DecisionBoundary_afp_Base,44,DecisionBoundary,afp,Base,12,71,0,414,15,0.97,1.0,0.8255813953488372,0.9044585987261146,0.9127906976744187
primary_44_DecisionBoundary_afp_Base,44,DecisionBoundary,afp,Base,13,77,0,414,9,0.982,1.0,0.8953488372093024,0.9447852760736196,0.9476744186046512
primary_44_DecisionBoundary_afp_Base,44,DecisionBoundary,afp,Base,14,70,0,414,16,0.968,1.0,0.813953488372093,0.8974358974358974,0.9069767441860466
primary_44_DecisionBoundary_afp_Base,44,DecisionBoundary,afp,Base,15,70,0,414,16,0.968,1.0,0.813953488372093,0.8974358974358974,0.9069767441860466
primary_44_DecisionBoundary_afp_Base,44,DecisionBoundary,afp,Base,16,66,0,414,20,0.96,1.0,0.7674418604651163,0.868421052631579,0.8837209302325582
primary_44_DecisionBoundary_afp_Base,44,DecisionBoundary,afp,Base,17,75,0,415,10,0.98,1.0,0.8823529411764706,0.9375,0.9411764705882353
primary_44_DecisionBoundary_afp_Base,44,DecisionBoundary,afp,Base,18,66,0,415,19,0.962,1.0,0.7764705882352941,0.8741721854304636,0.888235294117647
primary_44_DecisionBoundary_afp_Base,44,DecisionBoundary,afp,Base,19,70,0,415,15,0.97,1.0,0.8235294117647058,0.9032258064516129,0.9117647058823529
primary_44_DecisionBoundary_afp_Base,44,DecisionBoundary,afp,Base,20,63,0,415,22,0.956,1.0,0.7411764705882353,0.8513513513513514,0.8705882352941177
primary_44_DecisionBoundary_afp_Base,44,DecisionBoundary,afp,Base,21,63,0,415,22,0.956,1.0,0.7411764705882353,0.8513513513513514,0.8705882352941177
primary_44_DecisionBoundary_afp_Base,44,DecisionBoundary,afp,Base,22,66,0,415,19,0.962,1.0,0.7764705882352941,0.8741721854304636,0.888235294117647
primary_44_DecisionBoundary_afp_Base,44,DecisionBoundary,afp,Base,23,68,0,415,17,0.966,1.0,0.8,0.888888888888889,0.9
primary_44_DecisionBoundary_afp_Base,44,DecisionBoundary,afp,Base,24,69,0,415,16,0.968,1.0,0.8117647058823529,0.8961038961038961,0.9058823529411765
primary_44_DecisionBoundary_afp_Base,44,DecisionBoundary,afp,Base,25,67,0,415,18,0.964,1.0,0.788235294117647,0.8815789473684211,0.8941176470588235
primary_44_DecisionBoundary_afp_Base,44,DecisionBoundary,afp,Base,26,64,0,415,21,0.958,1.0,0.7529411764705882,0.8590604026845637,0.8764705882352941
primary_44_DecisionBoundary_afp_Base,44,DecisionBoundary,afp,Base,27,62,0,415,23,0.954,1.0,0.7294117647058823,0.8435374149659863,0.8647058823529412
primary_44_DecisionBoundary_afp_Base,44,DecisionBoundary,afp,Base,28,69,0,415,16,0.968,1.0,0.8117647058823529,0.8961038961038961,0.9058823529411765
primary_44_DecisionBoundary_afp_Base,44,DecisionBoundary,afp,Base,29,69,0,415,16,0.968,1.0,0.8117647058823529,0.8961038961038961,0.9058823529411765
primary_44_DecisionBoundary_afp_Base,44,DecisionBoundary,afp,Base,30,72,0,415,13,0.974,1.0,0.8470588235294118,0.9171974522292993,0.9235294117647059
primary_44_DecisionBoundary_afp_Base,44,DecisionBoundary,afp,Base,31,67,0,415,18,0.964,1.0,0.788235294117647,0.8815789473684211,0.8941176470588235
primary_44_DecisionBoundary_afp_Base,44,DecisionBoundary,afp,Base,32,67,0,415,18,0.964,1.0,0.788235294117647,0.8815789473684211,0.8941176470588235
primary_44_DecisionBoundary_afp_Base,44,DecisionBoundary,afp,Base,33,65,0,415,20,0.96,1.0,0.7647058823529411,0.8666666666666666,0.8823529411764706
primary_44_DecisionBoundary_afp_Base,44,DecisionBoundary,afp,Base,34,62,1,414,23,0.952,0.9841269841269841,0.7294117647058823,0.8378378378378377,0.8635010630758327
primary_44_DecisionBoundary_afp_Base,44,DecisionBoundary,afp,Base,35,61,0,415,24,0.952,1.0,0.7176470588235294,0.8356164383561643,0.8588235294117648
primary_44_DecisionBoundary_afp_Base,44,DecisionBoundary,afp,Base,36,63,0,415,22,0.956,1.0,0.7411764705882353,0.8513513513513514,0.8705882352941177
primary_44_DecisionBoundary_afp_Base,44,DecisionBoundary,afp,Base,37,74,0,415,11,0.978,1.0,0.8705882352941177,0.9308176100628931,0.9352941176470588
primary_44_DecisionBoundary_afp_Base,44,DecisionBoundary,afp,Base,38,66,0,415,19,0.962,1.0,0.7764705882352941,0.8741721854304636,0.888235294117647
primary_44_DecisionBoundary_afp_Base,44,DecisionBoundary,afp,Base,39,65,0,415,20,0.96,1.0,0.7647058823529411,0.8666666666666666,0.8823529411764706
primary_44_DecisionBoundary_afp_Base,44,DecisionBoundary,afp,Base,40,74,0,415,11,0.978,1.0,0.8705882352941177,0.9308176100628931,0.9352941176470588
primary_44_DecisionBoundary_afp_Base,44,DecisionBoundary,afp,Base,41,68,0,415,17,0.966,1.0,0.8,0.888888888888889,0.9
primary_44_DecisionBoundary_afp_Base,44,DecisionBoundary,afp,Base,42,67,0,415,18,0.964,1.0,0.788235294117647,0.8815789473684211,0.8941176470588235
primary_44_DecisionBoundary_afp_Base,44,DecisionBoundary,afp,Base,43,61,0,415,24,0.952,1.0,0.7176470588235294,0.8356164383561643,0.8588235294117648
primary_44_DecisionBoundary_afp_Base,44,DecisionBoundary,afp,Base,44,66,0,415,19,0.962,1.0,0.7764705882352941,0.8741721854304636,0.888235294117647
primary_44_DecisionBoundary_afp_Base,44,DecisionBoundary,afp,Base,45,69,0,415,16,0.968,1.0,0.8117647058823529,0.8961038961038961,0.9058823529411765
primary_44_DecisionBoundary_afp_Base,44,DecisionBoundary,afp,Base,46,73,0,415,12,0.976,1.0,0.8588235294117647,0.9240506329113923,0.9294117647058824
primary_44_DecisionBoundary_afp_Base,44,DecisionBoundary,afp,Base,47,66,0,415,19,0.962,1.0,0.7764705882352941,0.8741721854304636,0.888235294117647
primary_44_DecisionBoundary_afp_Base,44,DecisionBoundary,afp,Base,48,73,0,415,12,0.976,1.0,0.8588235294117647,0.9240506329113923,0.9294117647058824
primary_44_DecisionBoundary_afp_Base,44,DecisionBoundary,afp,Base,49,70,0,415,15,0.97,1.0,0.8235294117647058,0.9032258064516129,0.9117647058823529
primary_44_DecisionBoundary_afp_Base,44,DecisionBoundary,afp,Base,50,67,0,415,18,0.964,1.0,0.788235294117647,0.8815789473684211,0.8941176470588235
primary_44_DecisionBoundary_afp_Base,44,DecisionBoundary,afp,Base,51,71,0,415,14,0.972,1.0,0.8352941176470589,0.9102564102564102,0.9176470588235295
primary_44_DecisionBoundary_afp_Base,44,DecisionBoundary,afp,Base,52,66,0,415,19,0.962,1.0,0.7764705882352941,0.8741721854304636,0.888235294117647
primary_44_DecisionBoundary_afp_Base,44,DecisionBoundary,afp,Base,53,61,0,415,24,0.952,1.0,0.7176470588235294,0.8356164383561643,0.8588235294117648
primary_44_DecisionBoundary_afp_Base,44,DecisionBoundary,afp,Base,54,68,0,415,17,0.966,1.0,0.8,0.888888888888889,0.9
primary_44_DecisionBoundary_afp_Base,44,DecisionBoundary,afp,Base,55,65,0,415,20,0.96,1.0,0.7647058823529411,0.8666666666666666,0.8823529411764706
primary_44_DecisionBoundary_afp_Base,44,DecisionBoundary,afp,Base,56,69,0,415,16,0.968,1.0,0.8117647058823529,0.8961038961038961,0.9058823529411765
primary_44_DecisionBoundary_afp_Base,44,DecisionBoundary,afp,Base,57,69,0,415,16,0.968,1.0,0.8117647058823529,0.8961038961038961,0.9058823529411765
primary_44_DecisionBoundary_afp_Base,44,DecisionBoundary,afp,Base,58,74,0,415,11,0.978,1.0,0.8705882352941177,0.9308176100628931,0.9352941176470588
primary_44_DecisionBoundary_afp_Base,44,DecisionBoundary,afp,Base,59,69,0,415,16,0.968,1.0,0.8117647058823529,0.8961038961038961,0.9058823529411765
primary_44_DecisionBoundary_afp_Base,44,DecisionBoundary,afp,Base,60,65,0,415,20,0.96,1.0,0.7647058823529411,0.8666666666666666,0.8823529411764706
primary_44_DecisionBoundary_afp_Base,44,DecisionBoundary,afp,Base,61,67,0,415,18,0.964,1.0,0.788235294117647,0.8815789473684211,0.8941176470588235
primary_44_DecisionBoundary_afp_Base,44,DecisionBoundary,afp,Base,62,66,0,415,19,0.962,1.0,0.7764705882352941,0.8741721854304636,0.888235294117647
primary_44_DecisionBoundary_afp_Base,44,DecisionBoundary,afp,Base,63,67,0,415,18,0.964,1.0,0.788235294117647,0.8815789473684211,0.8941176470588235
primary_44_DecisionBoundary_afp_Base,44,DecisionBoundary,afp,Base,64,68,0,415,17,0.966,1.0,0.8,0.888888888888889,0.9
primary_44_DecisionBoundary_afp_Base,44,DecisionBoundary,afp,Base,65,63,0,415,22,0.956,1.0,0.7411764705882353,0.8513513513513514,0.8705882352941177
primary_44_DecisionBoundary_afp_Base,44,DecisionBoundary,afp,Base,66,67,0,415,18,0.964,1.0,0.788235294117647,0.8815789473684211,0.8941176470588235
primary_44_DecisionBoundary_afp_Base,44,DecisionBoundary,afp,Base,67,69,0,415,16,0.968,1.0,0.8117647058823529,0.8961038961038961,0.9058823529411765
primary_44_DecisionBoundary_afp_Base,44,DecisionBoundary,afp,Base,68,67,0,415,18,0.964,1.0,0.788235294117647,0.8815789473684211,0.8941176470588235
primary_44_DecisionBoundary_afp_Base,44,DecisionBoundary,afp,Base,69,66,1,414,19,0.96,0.9850746268656716,0.7764705882352941,0.8684210526315789,0.8870304748405387
primary_44_DecisionBoundary_afp_Base,44,DecisionBoundary,afp,Base,70,67,0,415,18,0.964,1.0,0.788235294117647,0.8815789473684211,0.8941176470588235
primary_44_DecisionBoundary_afp_Base,44,DecisionBoundary,afp,Base,71,69,0,415,16,0.968,1.0,0.8117647058823529,0.8961038961038961,0.9058823529411765
primary_44_DecisionBoundary_afp_Base,44,DecisionBoundary,afp,Base,72,68,0,415,17,0.966,1.0,0.8,0.888888888888889,0.9
primary_44_DecisionBoundary_afp_Base,44,DecisionBoundary,afp,Base,73,65,0,415,20,0.96,1.0,0.7647058823529411,0.8666666666666666,0.8823529411764706
primary_44_DecisionBoundary_afp_Base,44,DecisionBoundary,afp,Base,74,74,0,415,11,0.978,1.0,0.8705882352941177,0.9308176100628931,0.9352941176470588
primary_44_DecisionBoundary_afp_Base,44,DecisionBoundary,afp,Base,75,67,0,415,18,0.964,1.0,0.788235294117647,0.8815789473684211,0.8941176470588235
primary_44_DecisionBoundary_afp_Base,44,DecisionBoundary,afp,Base,76,64,0,415,21,0.958,1.0,0.7529411764705882,0.8590604026845637,0.8764705882352941
primary_44_DecisionBoundary_afp_Base,44,DecisionBoundary,afp,Base,77,67,0,415,18,0.964,1.0,0.788235294117647,0.8815789473684211,0.8941176470588235
primary_44_DecisionBoundary_afp_Base,44,DecisionBoundary,afp,Base,78,69,0,415,16,0.968,1.0,0.8117647058823529,0.8961038961038961,0.9058823529411765
primary_44_DecisionBoundary_afp_Base,44,DecisionBoundary,afp,Base,79,65,0,415,20,0.96,1.0,0.7647058823529411,0.8666666666666666,0.8823529411764706
primary_44_DecisionBoundary_afp_Base,44,DecisionBoundary,afp,Base,80,66,0,415,19,0.962,1.0,0.7764705882352941,0.8741721854304636,0.888235294117647
primary_44_DecisionBoundary_afp_Base,44,DecisionBoundary,afp,Base,81,64,0,415,21,0.958,1.0,0.7529411764705882,0.8590604026845637,0.8764705882352941
primary_44_DecisionBoundary_afp_Base,44,DecisionBoundary,afp,Base,82,69,0,415,16,0.968,1.0,0.8117647058823529,0.8961038961038961,0.9058823529411765
primary_44_DecisionBoundary_afp_Base,44,DecisionBoundary,afp,Base,83,61,0,415,24,0.952,1.0,0.7176470588235294,0.8356164383561643,0.8588235294117648
primary_44_DecisionBoundary_afp_Base,44,DecisionBoundary,afp,Base,84,67,0,415,18,0.964,1.0,0.788235294117647,0.8815789473684211,0.8941176470588235
primary_44_DecisionBoundary_afp_Base,44,DecisionBoundary,afp,Base,85,69,0,415,16,0.968,1.0,0.8117647058823529,0.8961038961038961,0.9058823529411765
primary_44_DecisionBoundary_afp_Base,44,DecisionBoundary,afp,Base,86,68,1,414,17,0.964,0.9855072463768116,0.8,0.8831168831168831,0.8987951807228916
primary_44_DecisionBoundary_afp_Base,44,DecisionBoundary,afp,Base,87,67,0,415,18,0.964,1.0,0.788235294117647,0.8815789473684211,0.8941176470588235
primary_44_DecisionBoundary_afp_Base,44,DecisionBoundary,afp,Base,88,65,0,415,20,0.96,1.0,0.7647058823529411,0.8666666666666666,0.8823529411764706
primary_44_DecisionBoundary_afp_Base,44,DecisionBoundary,afp,Base,89,69,0,415,16,0.968,1.0,0.8117647058823529,0.8961038961038961,0.9058823529411765
primary_44_DecisionBoundary_afp_Base,44,DecisionBoundary,afp,Base,90,68,0,415,17,0.966,1.0,0.8,0.888888888888889,0.9
primary_44_DecisionBoundary_afp_Base,44,DecisionBoundary,afp,Base,91,66,0,415,19,0.962,1.0,0.7764705882352941,0.8741721854304636,0.888235294117647
primary_44_DecisionBoundary_afp_Base,44,DecisionBoundary,afp,Base,92,64,0,415,21,0.958,1.0,0.7529411764705882,0.8590604026845637,0.8764705882352941
primary_44_DecisionBoundary_afp_Base,44,DecisionBoundary,afp,Base,93,72,0,415,13,0.974,1.0,0.8470588235294118,0.9171974522292993,0.9235294117647059
primary_44_DecisionBoundary_afp_Base,44,DecisionBoundary,afp,Base,94,67,0,415,18,0.964,1.0,0.788235294117647,0.8815789473684211,0.8941176470588235
primary_44_DecisionBoundary_afp_Base,44,DecisionBoundary,afp,Base,95,73,0,415,12,0.976,1.0,0.8588235294117647,0.9240506329113923,0.9294117647058824
primary_44_DecisionBoundary_afp_Base,44,DecisionBoundary,afp,Base,96,70,0,415,15,0.97,1.0,0.8235294117647058,0.9032258064516129,0.9117647058823529
primary_44_DecisionBoundary_afp_Base,44,DecisionBoundary,afp,Base,97,64,0,415,21,0.958,1.0,0.7529411764705882,0.8590604026845637,0.8764705882352941
primary_44_DecisionBoundary_afp_Base,44,DecisionBoundary,afp,Base,98,70,0,415,15,0.97,1.0,0.8235294117647058,0.9032258064516129,0.9117647058823529
primary_44_DecisionBoundary_afp_Base,44,DecisionBoundary,afp,Base,99,63,0,415,22,0.956,1.0,0.7411764705882353,0.8513513513513514,0.8705882352941177
primary_44_DecisionBoundary_afp_Base,44,DecisionBoundary,afp,Base,100,73,0,415,12,0.976,1.0,0.8588235294117647,0.9240506329113923,0.9294117647058824
primary_44_DecisionBoundary_afp_Base,44,DecisionBoundary,afp,Base,101,62,0,415,23,0.954,1.0,0.7294117647058823,0.8435374149659863,0.8647058823529412
primary_44_DecisionBoundary_afp_Base,44,DecisionBoundary,afp,Base,102,69,0,415,16,0.968,1.0,0.8117647058823529,0.8961038961038961,0.9058823529411765
primary_44_DecisionBoundary_afp_Base,44,DecisionBoundary,afp,Base,103,69,0,415,16,0.968,1.0,0.8117647058823529,0.8961038961038961,0.9058823529411765
primary_44_DecisionBoundary_afp_Base,44,DecisionBoundary,afp,Base,104,68,0,415,17,0.966,1.0,0.8,0.888888888888889,0.9
primary_44_DecisionBoundary_afp_Base,44,DecisionBoundary,afp,Base,105,70,0,415,15,0.97,1.0,0.8235294117647058,0.9032258064516129,0.9117647058823529
primary_44_DecisionBoundary_afp_Base,44,DecisionBoundary,afp,Base,106,68,0,415,17,0.966,1.0,0.8,0.888888888888889,0.9
primary_44_DecisionBoundary_afp_Base,44,DecisionBoundary,afp,Base,107,62,0,415,23,0.954,1.0,0.7294117647058823,0.8435374149659863,0.8647058823529412
primary_44_DecisionBoundary_afp_Base,44,DecisionBoundary,afp,Base,108,68,0,415,17,0.966,1.0,0.8,0.888888888888889,0.9
primary_44_DecisionBoundary_afp_Base,44,DecisionBoundary,afp,Base,109,68,0,415,17,0.966,1.0,0.8,0.888888888888889,0.9
primary_44_DecisionBoundary_afp_Base,44,DecisionBoundary,afp,Base,110,64,1,414,21,0.956,0.9846153846153847,0.7529411764705882,0.8533333333333333,0.8752657689581858
primary_44_DecisionBoundary_afp_Base,44,DecisionBoundary,afp,Base,111,72,0,415,13,0.974,1.0,0.8470588235294118,0.9171974522292993,0.9235294117647059
primary_44_DecisionBoundary_afp_Base,44,DecisionBoundary,afp,Base,112,67,1,414,18,0.962,0.9852941176470589,0.788235294117647,0.8758169934640523,0.8929128277817151
primary_44_DecisionBoundary_afp_Base,44,DecisionBoundary,afp,Base,113,67,0,415,18,0.964,1.0,0.788235294117647,0.8815789473684211,0.8941176470588235
primary_44_DecisionBoundary_afp_Base,44,DecisionBoundary,afp,Base,114,64,0,415,21,0.958,1.0,0.7529411764705882,0.8590604026845637,0.8764705882352941
primary_44_DecisionBoundary_afp_Base,44,DecisionBoundary,afp,Base,115,65,0,415,20,0.96,1.0,0.7647058823529411,0.8666666666666666,0.8823529411764706
primary_44_DecisionBoundary_afp_Base,44,DecisionBoundary,afp,Base,116,62,1,414,23,0.952,0.9841269841269841,0.7294117647058823,0.8378378378378377,0.8635010630758327
primary_44_DecisionBoundary_afp_Base,44,DecisionBoundary,afp,Base,117,70,0,415,15,0.97,1.0,0.8235294117647058,0.9032258064516129,0.9117647058823529
primary_44_DecisionBoundary_afp_Base,44,DecisionBoundary,afp,Base,118,66,0,415,19,0.962,1.0,0.7764705882352941,0.8741721854304636,0.888235294117647
primary_44_DecisionBoundary_afp_Base,44,DecisionBoundary,afp,Base,119,71,0,415,14,0.972,1.0,0.8352941176470589,0.9102564102564102,0.9176470588235295
primary_44_DecisionBoundary_afp_Base,44,DecisionBoundary,afp,Base,120,75,0,415,10,0.98,1.0,0.8823529411764706,0.9375,0.9411764705882353
primary_44_DecisionBoundary_afp_Base,44,DecisionBoundary,afp,Base,121,68,0,415,17,0.966,1.0,0.8,0.888888888888889,0.9
primary_44_DecisionBoundary_afp_Base,44,DecisionBoundary,afp,Base,122,71,0,415,14,0.972,1.0,0.8352941176470589,0.9102564102564102,0.9176470588235295
primary_44_DecisionBoundary_afp_Base,44,DecisionBoundary,afp,Base,123,68,0,415,17,0.966,1.0,0.8,0.888888888888889,0.9
primary_44_DecisionBoundary_afp_Base,44,DecisionBoundary,afp,Base,124,65,0,415,20,0.96,1.0,0.7647058823529411,0.8666666666666666,0.8823529411764706
primary_44_DecisionBoundary_afp_Base,44,DecisionBoundary,afp,Base,125,71,0,415,14,0.972,1.0,0.8352941176470589,0.9102564102564102,0.9176470588235295
primary_44_DecisionBoundary_afp_Base,44,DecisionBoundary,afp,Base,126,74,0,415,11,0.978,1.0,0.8705882352941177,0.9308176100628931,0.9352941176470588
primary_44_DecisionBoundary_afp_Base,44,DecisionBoundary,afp,Base,127,64,0,415,21,0.958,1.0,0.7529411764705882,0.8590604026845637,0.8764705882352941
primary_44_DecisionBoundary_afp_Base,44,DecisionBoundary,afp,Base,128,69,0,415,16,0.968,1.0,0.8117647058823529,0.8961038961038961,0.9058823529411765
primary_44_DecisionBoundary_afp_Base,44,DecisionBoundary,afp,Base,129,66,0,415,19,0.962,1.0,0.7764705882352941,0.8741721854304636,0.888235294117647
primary_44_DecisionBoundary_afp_Base,44,DecisionBoundary,afp,Base,130,72,0,415,13,0.974,1.0,0.8470588235294118,0.9171974522292993,0.9235294117647059
primary_44_DecisionBoundary_afp_Base,44,DecisionBoundary,afp,Base,131,66,0,415,19,0.962,1.0,0.7764705882352941,0.8741721854304636,0.888235294117647
primary_44_DecisionBoundary_afp_Base,44,DecisionBoundary,afp,Base,132,65,0,415,20,0.96,1.0,0.7647058823529411,0.8666666666666666,0.8823529411764706
primary_44_DecisionBoundary_afp_Base,44,DecisionBoundary,afp,Base,133,67,0,415,18,0.964,1.0,0.788235294117647,0.8815789473684211,0.8941176470588235
primary_44_DecisionBoundary_afp_Base,44,DecisionBoundary,afp,Base,134,64,0,415,21,0.958,1.0,0.7529411764705882,0.8590604026845637,0.8764705882352941
primary_44_DecisionBoundary_afp_Base,44,DecisionBoundary,afp,Base,135,67,0,415,18,0.964,1.0,0.788235294117647,0.8815789473684211,0.8941176470588235
primary_44_DecisionBoundary_afp_Base,44,DecisionBoundary,afp,Base,136,70,0,415,15,0.97,1.0,0.8235294117647058,0.9032258064516129,0.9117647058823529
primary_44_DecisionBoundary_afp_Base,44,DecisionBoundary,afp,Base,137,65,0,415,20,0.96,1.0,0.7647058823529411,0.8666666666666666,0.8823529411764706
primary_44_DecisionBoundary_afp_Base,44,DecisionBoundary,afp,Base,138,70,0,415,15,0.97,1.0,0.8235294117647058,0.9032258064516129,0.9117647058823529
primary_44_DecisionBoundary_afp_Base,44,DecisionBoundary,afp,Base,139,67,0,415,18,0.964,1.0,0.788235294117647,0.8815789473684211,0.8941176470588235
primary_44_DecisionBoundary_afp_Base,44,DecisionBoundary,afp,Base,140,67,0,415,18,0.964,1.0,0.788235294117647,0.8815789473684211,0.8941176470588235
primary_44_DecisionBoundary_afp_Base,44,DecisionBoundary,afp,Base,141,68,0,415,17,0.966,1.0,0.8,0.888888888888889,0.9
primary_44_DecisionBoundary_afp_Base,44,DecisionBoundary,afp,Base,142,66,0,415,19,0.962,1.0,0.7764705882352941,0.8741721854304636,0.888235294117647
primary_44_DecisionBoundary_afp_Base,44,DecisionBoundary,afp,Base,143,70,0,415,15,0.97,1.0,0.8235294117647058,0.9032258064516129,0.9117647058823529
primary_44_DecisionBoundary_afp_C1,44,DecisionBoundary,afp,C1,0,71,0,414,15,0.97,1.0,0.8255813953488372,0.9044585987261146,0.9127906976744187
primary_44_DecisionBoundary_afp_C1,44,DecisionBoundary,afp,C1,1,69,0,414,17,0.966,1.0,0.8023255813953488,0.8903225806451612,0.9011627906976745
primary_44_DecisionBoundary_afp_C1,44,DecisionBoundary,afp,C1,2,77,1,413,9,0.98,0.9871794871794872,0.8953488372093024,0.9390243902439025,0.9464666891360521
primary_44_DecisionBoundary_afp_C1,44,DecisionBoundary,afp,C1,3,79,0,414,7,0.986,1.0,0.9186046511627907,0.9575757575757576,0.9593023255813953
primary_44_DecisionBoundary_afp_C1,44,DecisionBoundary,afp,C1,4,83,1,413,3,0.992,0.9880952380952381,0.9651162790697675,0.9764705882352942,0.9813504100662847
primary_44_DecisionBoundary_afp_C1,44,DecisionBoundary,afp,C1,5,78,0,414,8,0.984,1.0,0.9069767441860465,0.951219512195122,0.9534883720930232
primary_44_DecisionBoundary_afp_C1,44,DecisionBoundary,afp,C1,6,79,0,414,7,0.986,1.0,0.9186046511627907,0.9575757575757576,0.9593023255813953
primary_44_DecisionBoundary_afp_C1,44,DecisionBoundary,afp,C1,7,78,0,414,8,0.984,1.0,0.9069767441860465,0.951219512195122,0.9534883720930232
primary_44_DecisionBoundary_afp_C1,44,DecisionBoundary,afp,C1,8,77,1,413,9,0.98,0.9871794871794872,0.8953488372093024,0.9390243902439025,0.9464666891360521
primary_44_DecisionBoundary_afp_C1,44,DecisionBoundary,afp,C1,9,84,0,414,2,0.996,1.0,0.9767441860465116,0.988235294117647,0.9883720930232558
primary_44_DecisionBoundary_afp_C1,44,DecisionBoundary,afp,C1,10,80,1,413,6,0.986,0.9876543209876543,0.9302325581395349,0.9580838323353293,0.9639085496011683
primary_44_DecisionBoundary_afp_C1,44,DecisionBoundary,afp,C1,11,80,0,414,6,0.988,1.0,0.9302325581395349,0.963855421686747,0.9651162790697674
primary_44_DecisionBoundary_afp_C1,44,DecisionBoundary,afp,C1,12,82,0,414,4,0.992,1.0,0.9534883720930233,0.9761904761904763,0.9767441860465116
primary_44_DecisionBoundary_afp_C1,44,DecisionBoundary,afp,C1,13,84,0,414,2,0.996,1.0,0.9767441860465116,0.988235294117647,0.9883720930232558
primary_44_DecisionBoundary_afp_C1,44,DecisionBoundary,afp,C1,14,82,1,413,4,0.99,0.9879518072289156,0.9534883720930233,0.9704142011834319,0.9755364565779125
primary_44_DecisionBoundary_afp_C1,44,DecisionBoundary,afp,C1,15,81,0,414,5,0.99,1.0,0.9418604651162791,0.970059880239521,0.9709302325581395
primary_44_DecisionBoundary_afp_C1,44,DecisionBoundary,afp,C1,16,78,1,413,8,0.982,0.9873417721518988,0.9069767441860465,0.9454545454545454,0.9522806426244241
primary_44_DecisionBoundary_afp_C1,44,DecisionBoundary,afp,C1,17,82,0,415,3,0.994,1.0,0.9647058823529412,0.9820359281437125,0.9823529411764707
primary_44_DecisionBoundary_afp_C1,44,DecisionBoundary,afp,C1,18,79,0,415,6,0.988,1.0,0.9294117647058824,0.9634146341463414,0.9647058823529412
primary_44_DecisionBoundary_afp_C1,44,DecisionBoundary,afp,C1,19,83,0,415,2,0.996,1.0,0.9764705882352941,0.988095238095238,0.9882352941176471
primary_44_DecisionBoundary_afp_C1,44,DecisionBoundary,afp,C1,20,74,1,414,11,0.976,0.9866666666666667,0.8705882352941177,0.925,0.9340892983699505
primary_44_DecisionBoundary_afp_C1,44,DecisionBoundary,afp,C1,21,71,1,414,14,0.97,0.9861111111111112,0.8352941176470589,0.9044585987261147,0.916442239546421
primary_44_DecisionBoundary_afp_C1,44,DecisionBoundary,afp,C1,22,75,0,415,10,0.98,1.0,0.8823529411764706,0.9375,0.9411764705882353
primary_44_DecisionBoundary_afp_C1,44,DecisionBoundary,afp,C1,23,81,0,415,4,0.992,1.0,0.9529411764705882,0.9759036144578312,0.9764705882352941
primary_44_DecisionBoundary_afp_C1,44,DecisionBoundary,afp,C1,24,80,0,415,5,0.99,1.0,0.9411764705882353,0.9696969696969697,0.9705882352941176
primary_44_DecisionBoundary_afp_C1,44,DecisionBoundary,afp,C1,25,75,1,414,10,0.978,0.9868421052631579,0.8823529411764706,0.9316770186335402,0.9399716513111269
primary_44_DecisionBoundary_afp_C1,44,DecisionBoundary,afp,C1,26,77,0,415,8,0.984,1.0,0.9058823529411765,0.9506172839506173,0.9529411764705882
primary_44_DecisionBoundary_afp_C1,44,DecisionBoundary,afp,C1,27,75,0,415,10,0.98,1.0,0.8823529411764706,0.9375,0.9411764705882353
primary_44_DecisionBoundary_afp_C1,44,DecisionBoundary,afp,C1,28,78,0,415,7,0.986,1.0,0.9176470588235294,0.9570552147239264,0.9588235294117646
primary_44_DecisionBoundary_afp_C1,44,DecisionBoundary,afp,C1,29,79,0,415,6,0.988,1.0,0.9294117647058824,0.9634146341463414,0.9647058823529412
primary_44_DecisionBoundary_afp_C1,44,DecisionBoundary,afp,C1,30,78,0,415,7,0.986,1.0,0.9176470588235294,0.9570552147239264,0.9588235294117646
primary_44_DecisionBoundary_afp_C1,44,DecisionBoundary,afp,C1,31,77,1,414,8,0.982,0.9871794871794872,0.9058823529411765,0.9447852760736197,0.9517363571934798
primary_44_DecisionBoundary_afp_C1,44,DecisionBoundary,afp,C1,32,80,0,415,5,0.99,1.0,0.9411764705882353,0.9696969696969697,0.9705882352941176
primary_44_DecisionBoundary_afp_C1,44,DecisionBoundary,afp,C1,33,80,0,415,5,0.99,1.0,0.9411764705882353,0.9696969696969697,0.9705882352941176
primary_44_DecisionBoundary_afp_C1,44,DecisionBoundary,afp,C1,34,77,1,414,8,0.982,0.9871794871794872,0.9058823529411765,0.9447852760736197,0.9517363571934798
primary_44_DecisionBoundary_afp_C1,44,DecisionBoundary,afp,C1,35,75,0,415,10,0.98,1.0,0.8823529411764706,0.9375,0.9411764705882353
primary_44_DecisionBoundary_afp_C1,44,DecisionBoundary,afp,C1,36,78,0,415,7,0.986,1.0,0.9176470588235294,0.9570552147239264,0.9588235294117646
primary_44_DecisionBoundary_afp_C1,44,DecisionBoundary,afp,C1,37,81,1,414,4,0.99,0.9878048780487805,0.9529411764705882,0.9700598802395209,0.9752657689581856
primary_44_DecisionBoundary_afp_C1,44,DecisionBoundary,afp,C1,38,79,0,415,6,0.988,1.0,0.9294117647058824,0.9634146341463414,0.9647058823529412
primary_44_DecisionBoundary_afp_C1,44,DecisionBoundary,afp,C1,39,79,0,415,6,0.988,1.0,0.9294117647058824,0.9634146341463414,0.9647058823529412
primary_44_DecisionBoundary_afp_C1,44,DecisionBoundary,afp,C1,40,82,0,415,3,0.994,1.0,0.9647058823529412,0.9820359281437125,0.9823529411764707
primary_44_DecisionBoundary_afp_C1,44,DecisionBoundary,afp,C1,41,80,0,415,5,0.99,1.0,0.9411764705882353,0.9696969696969697,0.9705882352941176
primary_44_DecisionBoundary_afp_C1,44,DecisionBoundary,afp,C1,42,80,0,415,5,0.99,1.0,0.9411764705882353,0.9696969696969697,0.9705882352941176
primary_44_DecisionBoundary_afp_C1,44,DecisionBoundary,afp,C1,43,76,1,414,9,0.98,0.987012987012987,0.8941176470588236,0.9382716049382716,0.9458540042523034
primary_44_DecisionBoundary_afp_C1,44,DecisionBoundary,afp,C1,44,78,0,415,7,0.986,1.0,0.9176470588235294,0.9570552147239264,0.9588235294117646
primary_44_DecisionBoundary_afp_C1,44,DecisionBoundary,afp,C1,45,78,0,415,7,0.986,1.0,0.9176470588235294,0.9570552147239264,0.9588235294117646
primary_44_DecisionBoundary_afp_C1,44,DecisionBoundary,afp,C1,46,81,1,414,4,0.99,0.9878048780487805,0.9529411764705882,0.9700598802395209,0.9752657689581856
primary_44_DecisionBoundary_afp_C1,44,DecisionBoundary,afp,C1,47,75,0,415,10,0.98,1.0,0.8823529411764706,0.9375,0.9411764705882353
primary_44_DecisionBoundary_afp_C1,44,DecisionBoundary,afp,C1,48,81,0,415,4,0.992,1.0,0.9529411764705882,0.9759036144578312,0.9764705882352941
primary_44_DecisionBoundary_afp_C1,44,DecisionBoundary,afp,C1,49,76,0,415,9,0.982,1.0,0.8941176470588236,0.9440993788819877,0.9470588235294117
primary_44_DecisionBoundary_afp_C1,44,DecisionBoundary,afp,C1,50,78,0,415,7,0.986,1.0,0.9176470588235294,0.9570552147239264,0.9588235294117646
primary_44_DecisionBoundary_afp_C1,44,DecisionBoundary,afp,C1,51,79,1,414,6,0.986,0.9875,0.9294117647058824,0.9575757575757576,0.9635010630758327
primary_44_DecisionBoundary_afp_C1,44,DecisionBoundary,afp,C1,52,79,2,413,6,0.984,0.9753086419753086,0.9294117647058824,0.9518072289156626,0.9622962437987244
primary_44_DecisionBoundary_afp_C1,44,DecisionBoundary,afp,C1,53,75,1,414,10,0.978,0.9868421052631579,0.8823529411764706,0.9316770186335402,0.9399716513111269
primary_44_DecisionBoundary_afp_C1,44,DecisionBoundary,afp,C1,54,81,0,415,4,0.992,1.0,0.9529411764705882,0.9759036144578312,0.9764705882352941
primary_44_DecisionBoundary_afp_C1,44,DecisionBoundary,afp,C1,55,78,1,414,7,0.984,0.9873417721518988,0.9176470588235294,0.9512195121951219,0.9576187101346563
primary_44_DecisionBoundary_afp_C1,44,DecisionBoundary,afp,C1,56,77,0,415,8,0.984,1.0,0.9058823529411765,0.9506172839506173,0.9529411764705882
primary_44_DecisionBoundary_afp_C1,44,DecisionBoundary,afp,C1,57,80,1,414,5,0.988,0.9876543209876543,0.9411764705882353,0.963855421686747,0.9693834160170092
primary_44_DecisionBoundary_afp_C1,44,DecisionBoundary,afp,C1,58,82,2,413,3,0.99,0.9761904761904762,0.9647058823529412,0.9704142011834319,0.9799433026222537
primary_44_DecisionBoundary_afp_C1,44,DecisionBoundary,afp,C1,59,77,0,415,8,0.984,1.0,0.9058823529411765,0.9506172839506173,0.9529411764705882
primary_44_DecisionBoundary_afp_C1,44,DecisionBoundary,afp,C1,60,80,0,415,5,0.99,1.0,0.9411764705882353,0.9696969696969697,0.9705882352941176
primary_44_DecisionBoundary_afp_C1,44,DecisionBoundary,afp,C1,61,78,0,415,7,0.986,1.0,0.9176470588235294,0.9570552147239264,0.9588235294117646
primary_44_DecisionBoundary_afp_C1,44,DecisionBoundary,afp,C1,62,79,0,415,6,0.988,1.0,0.9294117647058824,0.9634146341463414,0.9647058823529412
primary_44_DecisionBoundary_afp_C1,44,DecisionBoundary,afp,C1,63,76,0,415,9,0.982,1.0,0.8941176470588236,0.9440993788819877,0.9470588235294117
primary_44_DecisionBoundary_afp_C1,44,DecisionBoundary,afp,C1,64,76,0,415,9,0.982,1.0,0.8941176470588236,0.9440993788819877,0.9470588235294117
primary_44_DecisionBoundary_afp_C1,44,DecisionBoundary,afp,C1,65,77,1,414,8,0.982,0.9871794871794872,0.9058823529411765,0.9447852760736197,0.9517363571934798
primary_44_DecisionBoundary_afp_C1,44,DecisionBoundary,afp,C1,66,81,1,414,4,0.99,0.9878048780487805,0.9529411764705882,0.9700598802395209,0.9752657689581856
primary_44_DecisionBoundary_afp_C1,44,DecisionBoundary,afp,C1,67,79,0,415,6,0.988,1.0,0.9294117647058824,0.9634146341463414,0.9647058823529412
primary_44_DecisionBoundary_afp_C1,44,DecisionBoundary,afp,C1,68,78,0,415,7,0.986,1.0,0.9176470588235294,0.9570552147239264,0.9588235294117646
primary_44_DecisionBoundary_afp_C1,44,DecisionBoundary,afp,C1,69,79,2,413,6,0.984,0.9753086419753086,0.9294117647058824,0.9518072289156626,0.9622962437987244
primary_44_DecisionBoundary_afp_C1,44,DecisionBoundary,afp,C1,70,79,0,415,6,0.988,1.0,0.9294117647058824,0.9634146341463414,0.9647058823529412
primary_44_DecisionBoundary_afp_C1,44,DecisionBoundary,afp,C1,71,77,0,415,8,0.984,1.0,0.9058823529411765,0.9506172839506173,0.9529411764705882
primary_44_DecisionBoundary_afp_C1,44,DecisionBoundary,afp,C1,72,76,1,414,9,0.98,0.987012987012987,0.8941176470588236,0.9382716049382716,0.9458540042523034
primary_44_DecisionBoundary_afp_C1,44,DecisionBoundary,afp,C1,73,76,1,414,9,0.98,0.987012987012987,0.8941176470588236,0.9382716049382716,0.9458540042523034
primary_44_DecisionBoundary_afp_C1,44,DecisionBoundary,afp,C1,74,81,0,415,4,0.992,1.0,0.9529411764705882,0.9759036144578312,0.9764705882352941
primary_44_DecisionBoundary_afp_C1,44,DecisionBoundary,afp,C1,75,76,0,415,9,0.982,1.0,0.8941176470588236,0.9440993788819877,0.9470588235294117
primary_44_DecisionBoundary_afp_C1,44,DecisionBoundary,afp,C1,76,80,1,414,5,0.988,0.9876543209876543,0.9411764705882353,0.963855421686747,0.9693834160170092
primary_44_DecisionBoundary_afp_C1,44,DecisionBoundary,afp,C1,77,78,0,415,7,0.986,1.0,0.9176470588235294,0.9570552147239264,0.9588235294117646
primary_44_DecisionBoundary_afp_C1,44,DecisionBoundary,afp,C1,78,82,1,414,3,0.992,0.9879518072289156,0.9647058823529412,0.9761904761904762,0.9811481218993622
primary_44_DecisionBoundary_afp_C1,44,DecisionBoundary,afp,C1,79,79,0,415,6,0.988,1.0,0.9294117647058824,0.9634146341463414,0.9647058823529412
primary_44_DecisionBoundary_afp_C1,44,DecisionBoundary,afp,C1,80,78,0,415,7,0.986,1.0,0.9176470588235294,0.9570552147239264,0.9588235294117646
primary_44_DecisionBoundary_afp_C1,44,DecisionBoundary,afp,C1,81,73,0,415,12,0.976,1.0,0.8588235294117647,0.9240506329113923,0.9294117647058824
primary_44_DecisionBoundary_afp_C1,44,DecisionBoundary,afp,C1,82,79,1,414,6,0.986,0.9875,0.9294117647058824,0.9575757575757576,0.9635010630758327
primary_44_DecisionBoundary_afp_C1,44,DecisionBoundary,afp,C1,83,76,0,415,9,0.982,1.0,0.8941176470588236,0.9440993788819877,0.9470588235294117
primary_44_DecisionBoundary_afp_C1,44,DecisionBoundary,afp,C1,84,76,0,415,9,0.982,1.0,0.8941176470588236,0.9440993788819877,0.9470588235294117
primary_44_DecisionBoundary_afp_C1,44,DecisionBoundary,afp,C1,85,81,1,414,4,0.99,0.9878048780487805,0.9529411764705882,0.9700598802395209,0.9752657689581856
primary_44_DecisionBoundary_afp_C1,44,DecisionBoundary,afp,C1,86,76,2,413,9,0.978,0.9743589743589743,0.8941176470588236,0.9325153374233129,0.9446491849751949
primary_44_DecisionBoundary_afp_C1,44,DecisionBoundary,afp,C1,87,77,0,415,8,0.984,1.0,0.9058823529411765,0.9506172839506173,0.9529411764705882
primary_44_DecisionBoundary_afp_C1,44,DecisionBoundary,afp,C1,88,80,0,415,5,0.99,1.0,0.9411764705882353,0.9696969696969697,0.9705882352941176
primary_44_DecisionBoundary_afp_C1,44,DecisionBoundary,afp,C1,89,79,1,414,6,0.986,0.9875,0.9294117647058824,0.9575757575757576,0.9635010630758327
primary_44_DecisionBoundary_afp_C1,44,DecisionBoundary,afp,C1,90,81,1,414,4,0.99,0.9878048780487805,0.9529411764705882,0.9700598802395209,0.9752657689581856
primary_44_DecisionBoundary_afp_C1,44,DecisionBoundary,afp,C1,91,77,2,413,8,0.98,0.9746835443037974,0.9058823529411765,0.9390243902439025,0.9505315379163713
primary_44_DecisionBoundary_afp_C1,44,DecisionBoundary,afp,C1,92,80,0,415,5,0.99,1.0,0.9411764705882353,0.9696969696969697,0.9705882352941176
primary_44_DecisionBoundary_afp_C1,44,DecisionBoundary,afp,C1,93,78,0,415,7,0.986,1.0,0.9176470588235294,0.9570552147239264,0.9588235294117646
primary_44_DecisionBoundary_afp_C1,44,DecisionBoundary,afp,C1,94,81,0,415,4,0.992,1.0,0.9529411764705882,0.9759036144578312,0.9764705882352941
primary_44_DecisionBoundary_afp_C1,44,DecisionBoundary,afp,C1,95,82,1,414,3,0.992,0.9879518072289156,0.9647058823529412,0.9761904761904762,0.9811481218993622
primary_44_DecisionBoundary_afp_C1,44,DecisionBoundary,afp,C1,96,84,0,415,1,0.998,1.0,0.9882352941176471,0.9940828402366864,0.9941176470588236
primary_44_DecisionBoundary_afp_C1,44,DecisionBoundary,afp,C1,97,76,1,414,9,0.98,0.987012987012987,0.8941176470588236,0.9382716049382716,0.9458540042523034
primary_44_DecisionBoundary_afp_C1,44,DecisionBoundary,afp,C1,98,79,0,415,6,0.988,1.0,0.9294117647058824,0.9634146341463414,0.9647058823529412
primary_44_DecisionBoundary_afp_C1,44,DecisionBoundary,afp,C1,99,82,1,414,3,0.992,0.9879518072289156,0.9647058823529412,0.9761904761904762,0.9811481218993622
primary_44_DecisionBoundary_afp_C1,44,DecisionBoundary,afp,C1,100,80,1,414,5,0.988,0.9876543209876543,0.9411764705882353,0.963855421686747,0.9693834160170092
primary_44_DecisionBoundary_afp_C1,44,DecisionBoundary,afp,C1,101,78,0,415,7,0.986,1.0,0.9176470588235294,0.9570552147239264,0.9588235294117646
primary_44_DecisionBoundary_afp_C1,44,DecisionBoundary,afp,C1,102,81,0,415,4,0.992,1.0,0.9529411764705882,0.9759036144578312,0.9764705882352941
primary_44_DecisionBoundary_afp_C1,44,DecisionBoundary,afp,C1,103,79,0,415,6,0.988,1.0,0.9294117647058824,0.9634146341463414,0.9647058823529412
primary_44_DecisionBoundary_afp_C1,44,DecisionBoundary,afp,C1,104,80,0,415,5,0.99,1.0,0.9411764705882353,0.9696969696969697,0.9705882352941176
primary_44_DecisionBoundary_afp_C1,44,DecisionBoundary,afp,C1,105,81,0,415,4,0.992,1.0,0.9529411764705882,0.9759036144578312,0.9764705882352941
primary_44_DecisionBoundary_afp_C1,44,DecisionBoundary,afp,C1,106,78,0,415,7,0.986,1.0,0.9176470588235294,0.9570552147239264,0.9588235294117646
primary_44_DecisionBoundary_afp_C1,44,DecisionBoundary,afp,C1,107,77,0,415,8,0.984,1.0,0.9058823529411765,0.9506172839506173,0.9529411764705882
primary_44_DecisionBoundary_afp_C1,44,DecisionBoundary,afp,C1,108,79,0,415,6,0.988,1.0,0.9294117647058824,0.9634146341463414,0.9647058823529412
primary_44_DecisionBoundary_afp_C1,44,DecisionBoundary,afp,C1,109,78,0,415,7,0.986,1.0,0.9176470588235294,0.9570552147239264,0.9588235294117646
primary_44_DecisionBoundary_afp_C1,44,DecisionBoundary,afp,C1,110,77,1,414,8,0.982,0.9871794871794872,0.9058823529411765,0.9447852760736197,0.9517363571934798
primary_44_DecisionBoundary_afp_C1,44,DecisionBoundary,afp,C1,111,83,1,414,2,0.994,0.9880952380952381,0.9764705882352941,0.9822485207100591,0.9870304748405386
primary_44_DecisionBoundary_afp_C1,44,DecisionBoundary,afp,C1,112,79,1,414,6,0.986,0.9875,0.9294117647058824,0.9575757575757576,0.9635010630758327
primary_44_DecisionBoundary_afp_C1,44,DecisionBoundary,afp,C1,113,79,1,414,6,0.986,0.9875,0.9294117647058824,0.9575757575757576,0.9635010630758327
primary_44_DecisionBoundary_afp_C1,44,DecisionBoundary,afp,C1,114,78,0,415,7,0.986,1.0,0.9176470588235294,0.9570552147239264,0.9588235294117646
primary_44_DecisionBoundary_afp_C1,44,DecisionBoundary,afp,C1,115,76,0,415,9,0.982,1.0,0.8941176470588236,0.9440993788819877,0.9470588235294117
primary_44_DecisionBoundary_afp_C1,44,DecisionBoundary,afp,C1,116,76,1,414,9,0.98,0.987012987012987,0.8941176470588236,0.9382716049382716,0.9458540042523034
primary_44_DecisionBoundary_afp_C1,44,DecisionBoundary,afp,C1,117,80,0,415,5,0.99,1.0,0.9411764705882353,0.9696969696969697,0.9705882352941176
primary_44_DecisionBoundary_afp_C1,44,DecisionBoundary,afp,C1,118,75,1,414,10,0.978,0.9868421052631579,0.8823529411764706,0.9316770186335402,0.9399716513111269
primary_44_DecisionBoundary_afp_C1,44,DecisionBoundary,afp,C1,119,78,0,415,7,0.986,1.0,0.9176470588235294,0.9570552147239264,0.9588235294117646
primary_44_DecisionBoundary_afp_C1,44,DecisionBoundary,afp,C1,120,82,0,415,3,0.994,1.0,0.9647058823529412,0.9820359281437125,0.9823529411764707
primary_44_DecisionBoundary_afp_C1,44,DecisionBoundary,afp,C1,121,78,0,415,7,0.986,1.0,0.9176470588235294,0.9570552147239264,0.9588235294117646
primary_44_DecisionBoundary_afp_C1,44,DecisionBoundary,afp,C1,122,79,0,415,6,0.988,1.0,0.9294117647058824,0.9634146341463414,0.9647058823529412
primary_44_DecisionBoundary_afp_C1,44,DecisionBoundary,afp,C1,123,75,0,415,10,0.98,1.0,0.8823529411764706,0.9375,0.9411764705882353
primary_44_DecisionBoundary_afp_C1,44,DecisionBoundary,afp,C1,124,78,1,414,7,0.984,0.9873417721518988,0.9176470588235294,0.9512195121951219,0.9576187101346563
primary_44_DecisionBoundary_afp_C1,44,DecisionBoundary,afp,C1,125,81,2,413,4,0.988,0.9759036144578314,0.9529411764705882,0.9642857142857143,0.9740609496810773
primary_44_DecisionBoundary_afp_C1,44,DecisionBoundary,afp,C1,126,82,0,415,3,0.994,1.0,0.9647058823529412,0.9820359281437125,0.9823529411764707
primary_44_DecisionBoundary_afp_C1,44,DecisionBoundary,afp,C1,127,76,0,415,9,0.982,1.0,0.8941176470588236,0.9440993788819877,0.9470588235294117
primary_44_DecisionBoundary_afp_C1,44,DecisionBoundary,afp,C1,128,81,0,415,4,0.992,1.0,0.9529411764705882,0.9759036144578312,0.9764705882352941
primary_44_DecisionBoundary_afp_C1,44,DecisionBoundary,afp,C1,129,77,0,415,8,0.984,1.0,0.9058823529411765,0.9506172839506173,0.9529411764705882
primary_44_DecisionBoundary_afp_C1,44,DecisionBoundary,afp,C1,130,81,0,415,4,0.992,1.0,0.9529411764705882,0.9759036144578312,0.9764705882352941
primary_44_DecisionBoundary_afp_C1,44,DecisionBoundary,afp,C1,131,79,1,414,6,0.986,0.9875,0.9294117647058824,0.9575757575757576,0.9635010630758327
primary_44_DecisionBoundary_afp_C1,44,DecisionBoundary,afp,C1,132,76,0,415,9,0.982,1.0,0.8941176470588236,0.9440993788819877,0.9470588235294117
primary_44_DecisionBoundary_afp_C1,44,DecisionBoundary,afp,C1,133,78,1,414,7,0.984,0.9873417721518988,0.9176470588235294,0.9512195121951219,0.9576187101346563
primary_44_DecisionBoundary_afp_C1,44,DecisionBoundary,afp,C1,134,76,0,415,9,0.982,1.0,0.8941176470588236,0.9440993788819877,0.9470588235294117
primary_44_DecisionBoundary_afp_C1,44,DecisionBoundary,afp,C1,135,81,0,415,4,0.992,1.0,0.9529411764705882,0.9759036144578312,0.9764705882352941
primary_44_DecisionBoundary_afp_C1,44,DecisionBoundary,afp,C1,136,78,0,415,7,0.986,1.0,0.9176470588235294,0.9570552147239264,0.9588235294117646
primary_44_DecisionBoundary_afp_C1,44,DecisionBoundary,afp,C1,137,77,2,413,8,0.98,0.9746835443037974,0.9058823529411765,0.9390243902439025,0.9505315379163713
primary_44_DecisionBoundary_afp_C1,44,DecisionBoundary,afp,C1,138,82,0,415,3,0.994,1.0,0.9647058823529412,0.9820359281437125,0.9823529411764707
primary_44_DecisionBoundary_afp_C1,44,DecisionBoundary,afp,C1,139,78,1,414,7,0.984,0.9873417721518988,0.9176470588235294,0.9512195121951219,0.9576187101346563
primary_44_DecisionBoundary_afp_C1,44,DecisionBoundary,afp,C1,140,77,0,415,8,0.984,1.0,0.9058823529411765,0.9506172839506173,0.9529411764705882
primary_44_DecisionBoundary_afp_C1,44,DecisionBoundary,afp,C1,141,75,0,415,10,0.98,1.0,0.8823529411764706,0.9375,0.9411764705882353
primary_44_DecisionBoundary_afp_C1,44,DecisionBoundary,afp,C1,142,84,0,415,1,0.998,1.0,0.9882352941176471,0.9940828402366864,0.9941176470588236
primary_44_DecisionBoundary_afp_C1,44,DecisionBoundary,afp,C1,143,79,0,415,6,0.988,1.0,0.9294117647058824,0.9634146341463414,0.9647058823529412
primary_44_DecisionBoundary_feature_squeezing_Base,44,DecisionBoundary,feature_squeezing,Base,0,80,0,414,6,0.988,1.0,0.9302325581395349,0.963855421686747,0.9651162790697674
primary_44_DecisionBoundary_feature_squeezing_Base,44,DecisionBoundary,feature_squeezing,Base,1,76,0,414,10,0.98,1.0,0.8837209302325582,0.9382716049382717,0.9418604651162791
primary_44_DecisionBoundary_feature_squeezing_Base,44,DecisionBoundary,feature_squeezing,Base,2,79,1,413,7,0.984,0.9875,0.9186046511627907,0.9518072289156626,0.9580945961127962
primary_44_DecisionBoundary_feature_squeezing_Base,44,DecisionBoundary,feature_squeezing,Base,3,83,0,414,3,0.994,1.0,0.9651162790697675,0.9822485207100593,0.9825581395348837
primary_44_DecisionBoundary_feature_squeezing_Base,44,DecisionBoundary,feature_squeezing,Base,4,84,0,414,2,0.996,1.0,0.9767441860465116,0.988235294117647,0.9883720930232558
primary_44_DecisionBoundary_feature_squeezing_Base,44,DecisionBoundary,feature_squeezing,Base,5,78,1,413,8,0.982,0.9873417721518988,0.9069767441860465,0.9454545454545454,0.9522806426244241
primary_44_DecisionBoundary_feature_squeezing_Base,44,DecisionBoundary,feature_squeezing,Base,6,78,0,414,8,0.984,1.0,0.9069767441860465,0.951219512195122,0.9534883720930232
primary_44_DecisionBoundary_feature_squeezing_Base,44,DecisionBoundary,feature_squeezing,Base,7,77,0,414,9,0.982,1.0,0.8953488372093024,0.9447852760736196,0.9476744186046512
primary_44_DecisionBoundary_feature_squeezing_Base,44,DecisionBoundary,feature_squeezing,Base,8,77,0,414,9,0.982,1.0,0.8953488372093024,0.9447852760736196,0.9476744186046512
primary_44_DecisionBoundary_feature_squeezing_Base,44,DecisionBoundary,feature_squeezing,Base,9,84,0,414,2,0.996,1.0,0.9767441860465116,0.988235294117647,0.9883720930232558
primary_44_DecisionBoundary_feature_squeezing_Base,44,DecisionBoundary,feature_squeezing,Base,10,79,0,414,7,0.986,1.0,0.9186046511627907,0.9575757575757576,0.9593023255813953
primary_44_DecisionBoundary_feature_squeezing_Base,44,DecisionBoundary,feature_squeezing,Base,11,80,0,414,6,0.988,1.0,0.9302325581395349,0.963855421686747,0.9651162790697674
primary_44_DecisionBoundary_feature_squeezing_Base,44,DecisionBoundary,feature_squeezing,Base,12,83,0,414,3,0.994,1.0,0.9651162790697675,0.9822485207100593,0.9825581395348837
primary_44_DecisionBoundary_feature_squeezing_Base,44,DecisionBoundary,feature_squeezing,Base,13,83,0,414,3,0.994,1.0,0.9651162790697675,0.9822485207100593,0.9825581395348837
primary_44_DecisionBoundary_feature_squeezing_Base,44,DecisionBoundary,feature_squeezing,Base,14,81,1,413,5,0.988,0.9878048780487805,0.9418604651162791,0.9642857142857143,0.9697225030895404
primary_44_DecisionBoundary_feature_squeezing_Base,44,DecisionBoundary,feature_squeezing,Base,15,79,0,414,7,0.986,1.0,0.9186046511627907,0.9575757575757576,0.9593023255813953
primary_44_DecisionBoundary_feature_squeezing_Base,44,DecisionBoundary,feature_squeezing,Base,16,77,0,414,9,0.982,1.0,0.8953488372093024,0.9447852760736196,0.9476744186046512
primary_44_DecisionBoundary_feature_squeezing_Base,44,DecisionBoundary,feature_squeezing,Base,17,82,0,415,3,0.994,1.0,0.9647058823529412,0.9820359281437125,0.9823529411764707
primary_44_DecisionBoundary_feature_squeezing_Base,44,DecisionBoundary,feature_squeezing,Base,18,78,0,415,7,0.986,1.0,0.9176470588235294,0.9570552147239264,0.9588235294117646
primary_44_DecisionBoundary_feature_squeezing_Base,44,DecisionBoundary,feature_squeezing,Base,19,81,0,415,4,0.992,1.0,0.9529411764705882,0.9759036144578312,0.9764705882352941
primary_44_DecisionBoundary_feature_squeezing_Base,44,DecisionBoundary,feature_squeezing,Base,20,73,0,415,12,0.976,1.0,0.8588235294117647,0.9240506329113923,0.9294117647058824
primary_44_DecisionBoundary_feature_squeezing_Base,44,DecisionBoundary,feature_squeezing,Base,21,70,0,415,15,0.97,1.0,0.8235294117647058,0.9032258064516129,0.9117647058823529
primary_44_DecisionBoundary_feature_squeezing_Base,44,DecisionBoundary,feature_squeezing,Base,22,73,0,415,12,0.976,1.0,0.8588235294117647,0.9240506329113923,0.9294117647058824
primary_44_DecisionBoundary_feature_squeezing_Base,44,DecisionBoundary,feature_squeezing,Base,23,81,0,415,4,0.992,1.0,0.9529411764705882,0.9759036144578312,0.9764705882352941
primary_44_DecisionBoundary_feature_squeezing_Base,44,DecisionBoundary,feature_squeezing,Base,24,79,0,415,6,0.988,1.0,0.9294117647058824,0.9634146341463414,0.9647058823529412
primary_44_DecisionBoundary_feature_squeezing_Base,44,DecisionBoundary,feature_squeezing,Base,25,75,0,415,10,0.98,1.0,0.8823529411764706,0.9375,0.9411764705882353
primary_44_DecisionBoundary_feature_squeezing_Base,44,DecisionBoundary,feature_squeezing,Base,26,76,0,415,9,0.982,1.0,0.8941176470588236,0.9440993788819877,0.9470588235294117
primary_44_DecisionBoundary_feature_squeezing_Base,44,DecisionBoundary,feature_squeezing,Base,27,74,0,415,11,0.978,1.0,0.8705882352941177,0.9308176100628931,0.9352941176470588
primary_44_DecisionBoundary_feature_squeezing_Base,44,DecisionBoundary,feature_squeezing,Base,28,78,0,415,7,0.986,1.0,0.9176470588235294,0.9570552147239264,0.9588235294117646
primary_44_DecisionBoundary_feature_squeezing_Base,44,DecisionBoundary,feature_squeezing,Base,29,79,0,415,6,0.988,1.0,0.9294117647058824,0.9634146341463414,0.9647058823529412
primary_44_DecisionBoundary_feature_squeezing_Base,44,DecisionBoundary,feature_squeezing,Base,30,78,0,415,7,0.986,1.0,0.9176470588235294,0.9570552147239264,0.9588235294117646
primary_44_DecisionBoundary_feature_squeezing_Base,44,DecisionBoundary,feature_squeezing,Base,31,76,0,415,9,0.982,1.0,0.8941176470588236,0.9440993788819877,0.9470588235294117
primary_44_DecisionBoundary_feature_squeezing_Base,44,DecisionBoundary,feature_squeezing,Base,32,78,0,415,7,0.986,1.0,0.9176470588235294,0.9570552147239264,0.9588235294117646
primary_44_DecisionBoundary_feature_squeezing_Base,44,DecisionBoundary,feature_squeezing,Base,33,80,0,415,5,0.99,1.0,0.9411764705882353,0.9696969696969697,0.9705882352941176
primary_44_DecisionBoundary_feature_squeezing_Base,44,DecisionBoundary,feature_squeezing,Base,34,76,1,414,9,0.98,0.987012987012987,0.8941176470588236,0.9382716049382716,0.9458540042523034
primary_44_DecisionBoundary_feature_squeezing_Base,44,DecisionBoundary,feature_squeezing,Base,35,74,0,415,11,0.978,1.0,0.8705882352941177,0.9308176100628931,0.9352941176470588
primary_44_DecisionBoundary_feature_squeezing_Base,44,DecisionBoundary,feature_squeezing,Base,36,78,0,415,7,0.986,1.0,0.9176470588235294,0.9570552147239264,0.9588235294117646
primary_44_DecisionBoundary_feature_squeezing_Base,44,DecisionBoundary,feature_squeezing,Base,37,80,1,414,5,0.988,0.9876543209876543,0.9411764705882353,0.963855421686747,0.9693834160170092
primary_44_DecisionBoundary_feature_squeezing_Base,44,DecisionBoundary,feature_squeezing,Base,38,79,0,415,6,0.988,1.0,0.9294117647058824,0.9634146341463414,0.9647058823529412
primary_44_DecisionBoundary_feature_squeezing_Base,44,DecisionBoundary,feature_squeezing,Base,39,77,0,415,8,0.984,1.0,0.9058823529411765,0.9506172839506173,0.9529411764705882
primary_44_DecisionBoundary_feature_squeezing_Base,44,DecisionBoundary,feature_squeezing,Base,40,81,0,415,4,0.992,1.0,0.9529411764705882,0.9759036144578312,0.9764705882352941
primary_44_DecisionBoundary_feature_squeezing_Base,44,DecisionBoundary,feature_squeezing,Base,41,78,0,415,7,0.986,1.0,0.9176470588235294,0.9570552147239264,0.9588235294117646
primary_44_DecisionBoundary_feature_squeezing_Base,44,DecisionBoundary,feature_squeezing,Base,42,79,0,415,6,0.988,1.0,0.9294117647058824,0.9634146341463414,0.9647058823529412
primary_44_DecisionBoundary_feature_squeezing_Base,44,DecisionBoundary,feature_squeezing,Base,43,74,1,414,11,0.976,0.9866666666666667,0.8705882352941177,0.925,0.9340892983699505
primary_44_DecisionBoundary_feature_squeezing_Base,44,DecisionBoundary,feature_squeezing,Base,44,78,0,415,7,0.986,1.0,0.9176470588235294,0.9570552147239264,0.9588235294117646
primary_44_DecisionBoundary_feature_squeezing_Base,44,DecisionBoundary,feature_squeezing,Base,45,79,0,415,6,0.988,1.0,0.9294117647058824,0.9634146341463414,0.9647058823529412
primary_44_DecisionBoundary_feature_squeezing_Base,44,DecisionBoundary,feature_squeezing,Base,46,81,1,414,4,0.99,0.9878048780487805,0.9529411764705882,0.9700598802395209,0.9752657689581856
primary_44_DecisionBoundary_feature_squeezing_Base,44,DecisionBoundary,feature_squeezing,Base,47,74,0,415,11,0.978,1.0,0.8705882352941177,0.9308176100628931,0.9352941176470588
primary_44_DecisionBoundary_feature_squeezing_Base,44,DecisionBoundary,feature_squeezing,Base,48,81,0,415,4,0.992,1.0,0.9529411764705882,0.9759036144578312,0.9764705882352941
primary_44_DecisionBoundary_feature_squeezing_Base,44,DecisionBoundary,feature_squeezing,Base,49,76,0,415,9,0.982,1.0,0.8941176470588236,0.9440993788819877,0.9470588235294117
primary_44_DecisionBoundary_feature_squeezing_Base,44,DecisionBoundary,feature_squeezing,Base,50,76,0,415,9,0.982,1.0,0.8941176470588236,0.9440993788819877,0.9470588235294117
primary_44_DecisionBoundary_feature_squeezing_Base,44,DecisionBoundary,feature_squeezing,Base,51,79,1,414,6,0.986,0.9875,0.9294117647058824,0.9575757575757576,0.9635010630758327
primary_44_DecisionBoundary_feature_squeezing_Base,44,DecisionBoundary,feature_squeezing,Base,52,78,0,415,7,0.986,1.0,0.9176470588235294,0.9570552147239264,0.9588235294117646
primary_44_DecisionBoundary_feature_squeezing_Base,44,DecisionBoundary,feature_squeezing,Base,53,75,0,415,10,0.98,1.0,0.8823529411764706,0.9375,0.9411764705882353
primary_44_DecisionBoundary_feature_squeezing_Base,44,DecisionBoundary,feature_squeezing,Base,54,81,0,415,4,0.992,1.0,0.9529411764705882,0.9759036144578312,0.9764705882352941
primary_44_DecisionBoundary_feature_squeezing_Base,44,DecisionBoundary,feature_squeezing,Base,55,78,0,415,7,0.986,1.0,0.9176470588235294,0.9570552147239264,0.9588235294117646
primary_44_DecisionBoundary_feature_squeezing_Base,44,DecisionBoundary,feature_squeezing,Base,56,77,0,415,8,0.984,1.0,0.9058823529411765,0.9506172839506173,0.9529411764705882
primary_44_DecisionBoundary_feature_squeezing_Base,44,DecisionBoundary,feature_squeezing,Base,57,80,0,415,5,0.99,1.0,0.9411764705882353,0.9696969696969697,0.9705882352941176
primary_44_DecisionBoundary_feature_squeezing_Base,44,DecisionBoundary,feature_squeezing,Base,58,82,0,415,3,0.994,1.0,0.9647058823529412,0.9820359281437125,0.9823529411764707
primary_44_DecisionBoundary_feature_squeezing_Base,44,DecisionBoundary,feature_squeezing,Base,59,76,0,415,9,0.982,1.0,0.8941176470588236,0.9440993788819877,0.9470588235294117
primary_44_DecisionBoundary_feature_squeezing_Base,44,DecisionBoundary,feature_squeezing,Base,60,78,0,415,7,0.986,1.0,0.9176470588235294,0.9570552147239264,0.9588235294117646
primary_44_DecisionBoundary_feature_squeezing_Base,44,DecisionBoundary,feature_squeezing,Base,61,76,0,415,9,0.982,1.0,0.8941176470588236,0.9440993788819877,0.9470588235294117
primary_44_DecisionBoundary_feature_squeezing_Base,44,DecisionBoundary,feature_squeezing,Base,62,79,0,415,6,0.988,1.0,0.9294117647058824,0.9634146341463414,0.9647058823529412
primary_44_DecisionBoundary_feature_squeezing_Base,44,DecisionBoundary,feature_squeezing,Base,63,76,0,415,9,0.982,1.0,0.8941176470588236,0.9440993788819877,0.9470588235294117
primary_44_DecisionBoundary_feature_squeezing_Base,44,DecisionBoundary,feature_squeezing,Base,64,76,0,415,9,0.982,1.0,0.8941176470588236,0.9440993788819877,0.9470588235294117
primary_44_DecisionBoundary_feature_squeezing_Base,44,DecisionBoundary,feature_squeezing,Base,65,76,0,415,9,0.982,1.0,0.8941176470588236,0.9440993788819877,0.9470588235294117
primary_44_DecisionBoundary_feature_squeezing_Base,44,DecisionBoundary,feature_squeezing,Base,66,79,0,415,6,0.988,1.0,0.9294117647058824,0.9634146341463414,0.9647058823529412
primary_44_DecisionBoundary_feature_squeezing_Base,44,DecisionBoundary,feature_squeezing,Base,67,79,0,415,6,0.988,1.0,0.9294117647058824,0.9634146341463414,0.9647058823529412
primary_44_DecisionBoundary_feature_squeezing_Base,44,DecisionBoundary,feature_squeezing,Base,68,78,0,415,7,0.986,1.0,0.9176470588235294,0.9570552147239264,0.9588235294117646
primary_44_DecisionBoundary_feature_squeezing_Base,44,DecisionBoundary,feature_squeezing,Base,69,75,1,414,10,0.978,0.9868421052631579,0.8823529411764706,0.9316770186335402,0.9399716513111269
primary_44_DecisionBoundary_feature_squeezing_Base,44,DecisionBoundary,feature_squeezing,Base,70,79,0,415,6,0.988,1.0,0.9294117647058824,0.9634146341463414,0.9647058823529412
primary_44_DecisionBoundary_feature_squeezing_Base,44,DecisionBoundary,feature_squeezing,Base,71,77,0,415,8,0.984,1.0,0.9058823529411765,0.9506172839506173,0.9529411764705882
primary_44_DecisionBoundary_feature_squeezing_Base,44,DecisionBoundary,feature_squeezing,Base,72,76,0,415,9,0.982,1.0,0.8941176470588236,0.9440993788819877,0.9470588235294117
primary_44_DecisionBoundary_feature_squeezing_Base,44,DecisionBoundary,feature_squeezing,Base,73,75,0,415,10,0.98,1.0,0.8823529411764706,0.9375,0.9411764705882353
primary_44_DecisionBoundary_feature_squeezing_Base,44,DecisionBoundary,feature_squeezing,Base,74,81,0,415,4,0.992,1.0,0.9529411764705882,0.9759036144578312,0.9764705882352941
primary_44_DecisionBoundary_feature_squeezing_Base,44,DecisionBoundary,feature_squeezing,Base,75,76,0,415,9,0.982,1.0,0.8941176470588236,0.9440993788819877,0.9470588235294117
primary_44_DecisionBoundary_feature_squeezing_Base,44,DecisionBoundary,feature_squeezing,Base,76,80,1,414,5,0.988,0.9876543209876543,0.9411764705882353,0.963855421686747,0.9693834160170092
primary_44_DecisionBoundary_feature_squeezing_Base,44,DecisionBoundary,feature_squeezing,Base,77,78,0,415,7,0.986,1.0,0.9176470588235294,0.9570552147239264,0.9588235294117646
primary_44_DecisionBoundary_feature_squeezing_Base,44,DecisionBoundary,feature_squeezing,Base,78,78,0,415,7,0.986,1.0,0.9176470588235294,0.9570552147239264,0.9588235294117646
primary_44_DecisionBoundary_feature_squeezing_Base,44,DecisionBoundary,feature_squeezing,Base,79,79,0,415,6,0.988,1.0,0.9294117647058824,0.9634146341463414,0.9647058823529412
primary_44_DecisionBoundary_feature_squeezing_Base,44,DecisionBoundary,feature_squeezing,Base,80,76,0,415,9,0.982,1.0,0.8941176470588236,0.9440993788819877,0.9470588235294117
primary_44_DecisionBoundary_feature_squeezing_Base,44,DecisionBoundary,feature_squeezing,Base,81,72,0,415,13,0.974,1.0,0.8470588235294118,0.9171974522292993,0.9235294117647059
primary_44_DecisionBoundary_feature_squeezing_Base,44,DecisionBoundary,feature_squeezing,Base,82,78,0,415,7,0.986,1.0,0.9176470588235294,0.9570552147239264,0.9588235294117646
primary_44_DecisionBoundary_feature_squeezing_Base,44,DecisionBoundary,feature_squeezing,Base,83,74,0,415,11,0.978,1.0,0.8705882352941177,0.9308176100628931,0.9352941176470588
primary_44_DecisionBoundary_feature_squeezing_Base,44,DecisionBoundary,feature_squeezing,Base,84,76,0,415,9,0.982,1.0,0.8941176470588236,0.9440993788819877,0.9470588235294117
primary_44_DecisionBoundary_feature_squeezing_Base,44,DecisionBoundary,feature_squeezing,Base,85,80,0,415,5,0.99,1.0,0.9411764705882353,0.9696969696969697,0.9705882352941176
primary_44_DecisionBoundary_feature_squeezing_Base,44,DecisionBoundary,feature_squeezing,Base,86,75,1,414,10,0.978,0.9868421052631579,0.8823529411764706,0.9316770186335402,0.9399716513111269
primary_44_DecisionBoundary_feature_squeezing_Base,44,DecisionBoundary,feature_squeezing,Base,87,77,0,415,8,0.984,1.0,0.9058823529411765,0.9506172839506173,0.9529411764705882
primary_44_DecisionBoundary_feature_squeezing_Base,44,DecisionBoundary,feature_squeezing,Base,88,81,0,415,4,0.992,1.0,0.9529411764705882,0.9759036144578312,0.9764705882352941
primary_44_DecisionBoundary_feature_squeezing_Base,44,DecisionBoundary,feature_squeezing,Base,89,79,0,415,6,0.988,1.0,0.9294117647058824,0.9634146341463414,0.9647058823529412
primary_44_DecisionBoundary_feature_squeezing_Base,44,DecisionBoundary,feature_squeezing,Base,90,79,1,414,6,0.986,0.9875,0.9294117647058824,0.9575757575757576,0.9635010630758327
primary_44_DecisionBoundary_feature_squeezing_Base,44,DecisionBoundary,feature_squeezing,Base,91,78,0,415,7,0.986,1.0,0.9176470588235294,0.9570552147239264,0.9588235294117646
primary_44_DecisionBoundary_feature_squeezing_Base,44,DecisionBoundary,feature_squeezing,Base,92,79,0,415,6,0.988,1.0,0.9294117647058824,0.9634146341463414,0.9647058823529412
primary_44_DecisionBoundary_feature_squeezing_Base,44,DecisionBoundary,feature_squeezing,Base,93,77,0,415,8,0.984,1.0,0.9058823529411765,0.9506172839506173,0.9529411764705882
primary_44_DecisionBoundary_feature_squeezing_Base,44,DecisionBoundary,feature_squeezing,Base,94,80,0,415,5,0.99,1.0,0.9411764705882353,0.9696969696969697,0.9705882352941176
primary_44_DecisionBoundary_feature_squeezing_Base,44,DecisionBoundary,feature_squeezing,Base,95,81,0,415,4,0.992,1.0,0.9529411764705882,0.9759036144578312,0.9764705882352941
primary_44_DecisionBoundary_feature_squeezing_Base,44,DecisionBoundary,feature_squeezing,Base,96,84,0,415,1,0.998,1.0,0.9882352941176471,0.9940828402366864,0.9941176470588236
primary_44_DecisionBoundary_feature_squeezing_Base,44,DecisionBoundary,feature_squeezing,Base,97,74,1,414,11,0.976,0.9866666666666667,0.8705882352941177,0.925,0.9340892983699505
primary_44_DecisionBoundary_feature_squeezing_Base,44,DecisionBoundary,feature_squeezing,Base,98,78,0,415,7,0.986,1.0,0.9176470588235294,0.9570552147239264,0.9588235294117646
primary_44_DecisionBoundary_feature_squeezing_Base,44,DecisionBoundary,feature_squeezing,Base,99,80,0,415,5,0.99,1.0,0.9411764705882353,0.9696969696969697,0.9705882352941176
primary_44_DecisionBoundary_feature_squeezing_Base,44,DecisionBoundary,feature_squeezing,Base,100,80,0,415,5,0.99,1.0,0.9411764705882353,0.9696969696969697,0.9705882352941176
primary_44_DecisionBoundary_feature_squeezing_Base,44,DecisionBoundary,feature_squeezing,Base,101,77,0,415,8,0.984,1.0,0.9058823529411765,0.9506172839506173,0.9529411764705882
primary_44_DecisionBoundary_feature_squeezing_Base,44,DecisionBoundary,feature_squeezing,Base,102,80,0,415,5,0.99,1.0,0.9411764705882353,0.9696969696969697,0.9705882352941176
primary_44_DecisionBoundary_feature_squeezing_Base,44,DecisionBoundary,feature_squeezing,Base,103,79,0,415,6,0.988,1.0,0.9294117647058824,0.9634146341463414,0.9647058823529412
primary_44_DecisionBoundary_feature_squeezing_Base,44,DecisionBoundary,feature_squeezing,Base,104,78,0,415,7,0.986,1.0,0.9176470588235294,0.9570552147239264,0.9588235294117646
primary_44_DecisionBoundary_feature_squeezing_Base,44,DecisionBoundary,feature_squeezing,Base,105,80,0,415,5,0.99,1.0,0.9411764705882353,0.9696969696969697,0.9705882352941176
primary_44_DecisionBoundary_feature_squeezing_Base,44,DecisionBoundary,feature_squeezing,Base,106,77,0,415,8,0.984,1.0,0.9058823529411765,0.9506172839506173,0.9529411764705882
primary_44_DecisionBoundary_feature_squeezing_Base,44,DecisionBoundary,feature_squeezing,Base,107,76,0,415,9,0.982,1.0,0.8941176470588236,0.9440993788819877,0.9470588235294117
primary_44_DecisionBoundary_feature_squeezing_Base,44,DecisionBoundary,feature_squeezing,Base,108,80,0,415,5,0.99,1.0,0.9411764705882353,0.9696969696969697,0.9705882352941176
primary_44_DecisionBoundary_feature_squeezing_Base,44,DecisionBoundary,feature_squeezing,Base,109,77,0,415,8,0.984,1.0,0.9058823529411765,0.9506172839506173,0.9529411764705882
primary_44_DecisionBoundary_feature_squeezing_Base,44,DecisionBoundary,feature_squeezing,Base,110,76,1,414,9,0.98,0.987012987012987,0.8941176470588236,0.9382716049382716,0.9458540042523034
primary_44_DecisionBoundary_feature_squeezing_Base,44,DecisionBoundary,feature_squeezing,Base,111,82,0,415,3,0.994,1.0,0.9647058823529412,0.9820359281437125,0.9823529411764707
primary_44_DecisionBoundary_feature_squeezing_Base,44,DecisionBoundary,feature_squeezing,Base,112,79,1,414,6,0.986,0.9875,0.9294117647058824,0.9575757575757576,0.9635010630758327
primary_44_DecisionBoundary_feature_squeezing_Base,44,DecisionBoundary,feature_squeezing,Base,113,79,0,415,6,0.988,1.0,0.9294117647058824,0.9634146341463414,0.9647058823529412
primary_44_DecisionBoundary_feature_squeezing_Base,44,DecisionBoundary,feature_squeezing,Base,114,76,0,415,9,0.982,1.0,0.8941176470588236,0.9440993788819877,0.9470588235294117
primary_44_DecisionBoundary_feature_squeezing_Base,44,DecisionBoundary,feature_squeezing,Base,115,75,0,415,10,0.98,1.0,0.8823529411764706,0.9375,0.9411764705882353
primary_44_DecisionBoundary_feature_squeezing_Base,44,DecisionBoundary,feature_squeezing,Base,116,75,0,415,10,0.98,1.0,0.8823529411764706,0.9375,0.9411764705882353
primary_44_DecisionBoundary_feature_squeezing_Base,44,DecisionBoundary,feature_squeezing,Base,117,80,1,414,5,0.988,0.9876543209876543,0.9411764705882353,0.963855421686747,0.9693834160170092
primary_44_DecisionBoundary_feature_squeezing_Base,44,DecisionBoundary,feature_squeezing,Base,118,74,0,415,11,0.978,1.0,0.8705882352941177,0.9308176100628931,0.9352941176470588
primary_44_DecisionBoundary_feature_squeezing_Base,44,DecisionBoundary,feature_squeezing,Base,119,78,0,415,7,0.986,1.0,0.9176470588235294,0.9570552147239264,0.9588235294117646
primary_44_DecisionBoundary_feature_squeezing_Base,44,DecisionBoundary,feature_squeezing,Base,120,81,0,415,4,0.992,1.0,0.9529411764705882,0.9759036144578312,0.9764705882352941
primary_44_DecisionBoundary_feature_squeezing_Base,44,DecisionBoundary,feature_squeezing,Base,121,78,0,415,7,0.986,1.0,0.9176470588235294,0.9570552147239264,0.9588235294117646
primary_44_DecisionBoundary_feature_squeezing_Base,44,DecisionBoundary,feature_squeezing,Base,122,79,0,415,6,0.988,1.0,0.9294117647058824,0.9634146341463414,0.9647058823529412
primary_44_DecisionBoundary_feature_squeezing_Base,44,DecisionBoundary,feature_squeezing,Base,123,74,0,415,11,0.978,1.0,0.8705882352941177,0.9308176100628931,0.9352941176470588
primary_44_DecisionBoundary_feature_squeezing_Base,44,DecisionBoundary,feature_squeezing,Base,124,76,0,415,9,0.982,1.0,0.8941176470588236,0.9440993788819877,0.9470588235294117
primary_44_DecisionBoundary_feature_squeezing_Base,44,DecisionBoundary,feature_squeezing,Base,125,79,0,415,6,0.988,1.0,0.9294117647058824,0.9634146341463414,0.9647058823529412
primary_44_DecisionBoundary_feature_squeezing_Base,44,DecisionBoundary,feature_squeezing,Base,126,81,0,415,4,0.992,1.0,0.9529411764705882,0.9759036144578312,0.9764705882352941
primary_44_DecisionBoundary_feature_squeezing_Base,44,DecisionBoundary,feature_squeezing,Base,127,74,0,415,11,0.978,1.0,0.8705882352941177,0.9308176100628931,0.9352941176470588
primary_44_DecisionBoundary_feature_squeezing_Base,44,DecisionBoundary,feature_squeezing,Base,128,81,0,415,4,0.992,1.0,0.9529411764705882,0.9759036144578312,0.9764705882352941
primary_44_DecisionBoundary_feature_squeezing_Base,44,DecisionBoundary,feature_squeezing,Base,129,77,0,415,8,0.984,1.0,0.9058823529411765,0.9506172839506173,0.9529411764705882
primary_44_DecisionBoundary_feature_squeezing_Base,44,DecisionBoundary,feature_squeezing,Base,130,81,0,415,4,0.992,1.0,0.9529411764705882,0.9759036144578312,0.9764705882352941
primary_44_DecisionBoundary_feature_squeezing_Base,44,DecisionBoundary,feature_squeezing,Base,131,77,0,415,8,0.984,1.0,0.9058823529411765,0.9506172839506173,0.9529411764705882
primary_44_DecisionBoundary_feature_squeezing_Base,44,DecisionBoundary,feature_squeezing,Base,132,76,0,415,9,0.982,1.0,0.8941176470588236,0.9440993788819877,0.9470588235294117
primary_44_DecisionBoundary_feature_squeezing_Base,44,DecisionBoundary,feature_squeezing,Base,133,78,0,415,7,0.986,1.0,0.9176470588235294,0.9570552147239264,0.9588235294117646
primary_44_DecisionBoundary_feature_squeezing_Base,44,DecisionBoundary,feature_squeezing,Base,134,75,0,415,10,0.98,1.0,0.8823529411764706,0.9375,0.9411764705882353
primary_44_DecisionBoundary_feature_squeezing_Base,44,DecisionBoundary,feature_squeezing,Base,135,81,0,415,4,0.992,1.0,0.9529411764705882,0.9759036144578312,0.9764705882352941
primary_44_DecisionBoundary_feature_squeezing_Base,44,DecisionBoundary,feature_squeezing,Base,136,76,0,415,9,0.982,1.0,0.8941176470588236,0.9440993788819877,0.9470588235294117
primary_44_DecisionBoundary_feature_squeezing_Base,44,DecisionBoundary,feature_squeezing,Base,137,76,0,415,9,0.982,1.0,0.8941176470588236,0.9440993788819877,0.9470588235294117
primary_44_DecisionBoundary_feature_squeezing_Base,44,DecisionBoundary,feature_squeezing,Base,138,81,0,415,4,0.992,1.0,0.9529411764705882,0.9759036144578312,0.9764705882352941
primary_44_DecisionBoundary_feature_squeezing_Base,44,DecisionBoundary,feature_squeezing,Base,139,78,0,415,7,0.986,1.0,0.9176470588235294,0.9570552147239264,0.9588235294117646
primary_44_DecisionBoundary_feature_squeezing_Base,44,DecisionBoundary,feature_squeezing,Base,140,75,0,415,10,0.98,1.0,0.8823529411764706,0.9375,0.9411764705882353
primary_44_DecisionBoundary_feature_squeezing_Base,44,DecisionBoundary,feature_squeezing,Base,141,75,0,415,10,0.98,1.0,0.8823529411764706,0.9375,0.9411764705882353
primary_44_DecisionBoundary_feature_squeezing_Base,44,DecisionBoundary,feature_squeezing,Base,142,84,0,415,1,0.998,1.0,0.9882352941176471,0.9940828402366864,0.9941176470588236
primary_44_DecisionBoundary_feature_squeezing_Base,44,DecisionBoundary,feature_squeezing,Base,143,78,0,415,7,0.986,1.0,0.9176470588235294,0.9570552147239264,0.9588235294117646
primary_44_DecisionBoundary_feature_squeezing_C1,44,DecisionBoundary,feature_squeezing,C1,0,80,0,414,6,0.988,1.0,0.9302325581395349,0.963855421686747,0.9651162790697674
primary_44_DecisionBoundary_feature_squeezing_C1,44,DecisionBoundary,feature_squeezing,C1,1,77,0,414,9,0.982,1.0,0.8953488372093024,0.9447852760736196,0.9476744186046512
primary_44_DecisionBoundary_feature_squeezing_C1,44,DecisionBoundary,feature_squeezing,C1,2,80,1,413,6,0.986,0.9876543209876543,0.9302325581395349,0.9580838323353293,0.9639085496011683
primary_44_DecisionBoundary_feature_squeezing_C1,44,DecisionBoundary,feature_squeezing,C1,3,84,0,414,2,0.996,1.0,0.9767441860465116,0.988235294117647,0.9883720930232558
primary_44_DecisionBoundary_feature_squeezing_C1,44,DecisionBoundary,feature_squeezing,C1,4,84,1,413,2,0.994,0.9882352941176471,0.9767441860465116,0.9824561403508771,0.9871643635546568
primary_44_DecisionBoundary_feature_squeezing_C1,44,DecisionBoundary,feature_squeezing,C1,5,77,0,414,9,0.982,1.0,0.8953488372093024,0.9447852760736196,0.9476744186046512
primary_44_DecisionBoundary_feature_squeezing_C1,44,DecisionBoundary,feature_squeezing,C1,6,79,0,414,7,0.986,1.0,0.9186046511627907,0.9575757575757576,0.9593023255813953
primary_44_DecisionBoundary_feature_squeezing_C1,44,DecisionBoundary,feature_squeezing,C1,7,80,0,414,6,0.988,1.0,0.9302325581395349,0.963855421686747,0.9651162790697674
primary_44_DecisionBoundary_feature_squeezing_C1,44,DecisionBoundary,feature_squeezing,C1,8,77,0,414,9,0.982,1.0,0.8953488372093024,0.9447852760736196,0.9476744186046512
primary_44_DecisionBoundary_feature_squeezing_C1,44,DecisionBoundary,feature_squeezing,C1,9,84,0,414,2,0.996,1.0,0.9767441860465116,0.988235294117647,0.9883720930232558
primary_44_DecisionBoundary_feature_squeezing_C1,44,DecisionBoundary,feature_squeezing,C1,10,80,1,413,6,0.986,0.9876543209876543,0.9302325581395349,0.9580838323353293,0.9639085496011683
primary_44_DecisionBoundary_feature_squeezing_C1,44,DecisionBoundary,feature_squeezing,C1,11,81,0,414,5,0.99,1.0,0.9418604651162791,0.970059880239521,0.9709302325581395
primary_44_DecisionBoundary_feature_squeezing_C1,44,DecisionBoundary,feature_squeezing,C1,12,83,0,414,3,0.994,1.0,0.9651162790697675,0.9822485207100593,0.9825581395348837
primary_44_DecisionBoundary_feature_squeezing_C1,44,DecisionBoundary,feature_squeezing,C1,13,84,0,414,2,0.996,1.0,0.9767441860465116,0.988235294117647,0.9883720930232558
primary_44_DecisionBoundary_feature_squeezing_C1,44,DecisionBoundary,feature_squeezing,C1,14,82,1,413,4,0.99,0.9879518072289156,0.9534883720930233,0.9704142011834319,0.9755364565779125
primary_44_DecisionBoundary_feature_squeezing_C1,44,DecisionBoundary,feature_squeezing,C1,15,81,0,414,5,0.99,1.0,0.9418604651162791,0.970059880239521,0.9709302325581395
primary_44_DecisionBoundary_feature_squeezing_C1,44,DecisionBoundary,feature_squeezing,C1,16,77,1,413,9,0.98,0.9871794871794872,0.8953488372093024,0.9390243902439025,0.9464666891360521
primary_44_DecisionBoundary_feature_squeezing_C1,44,DecisionBoundary,feature_squeezing,C1,17,83,0,415,2,0.996,1.0,0.9764705882352941,0.988095238095238,0.9882352941176471
primary_44_DecisionBoundary_feature_squeezing_C1,44,DecisionBoundary,feature_squeezing,C1,18,79,0,415,6,0.988,1.0,0.9294117647058824,0.9634146341463414,0.9647058823529412
primary_44_DecisionBoundary_feature_squeezing_C1,44,DecisionBoundary,feature_squeezing,C1,19,82,0,415,3,0.994,1.0,0.9647058823529412,0.9820359281437125,0.9823529411764707
primary_44_DecisionBoundary_feature_squeezing_C1,44,DecisionBoundary,feature_squeezing,C1,20,74,1,414,11,0.976,0.9866666666666667,0.8705882352941177,0.925,0.9340892983699505
primary_44_DecisionBoundary_feature_squeezing_C1,44,DecisionBoundary,feature_squeezing,C1,21,72,1,414,13,0.972,0.9863013698630136,0.8470588235294118,0.9113924050632911,0.9223245924875975
primary_44_DecisionBoundary_feature_squeezing_C1,44,DecisionBoundary,feature_squeezing,C1,22,75,0,415,10,0.98,1.0,0.8823529411764706,0.9375,0.9411764705882353
primary_44_DecisionBoundary_feature_squeezing_C1,44,DecisionBoundary,feature_squeezing,C1,23,81,2,413,4,0.988,0.9759036144578314,0.9529411764705882,0.9642857142857143,0.9740609496810773
primary_44_DecisionBoundary_feature_squeezing_C1,44,DecisionBoundary,feature_squeezing,C1,24,79,2,413,6,0.984,0.9753086419753086,0.9294117647058824,0.9518072289156626,0.9622962437987244
primary_44_DecisionBoundary_feature_squeezing_C1,44,DecisionBoundary,feature_squeezing,C1,25,75,0,415,10,0.98,1.0,0.8823529411764706,0.9375,0.9411764705882353
primary_44_DecisionBoundary_feature_squeezing_C1,44,DecisionBoundary,feature_squeezing,C1,26,77,0,415,8,0.984,1.0,0.9058823529411765,0.9506172839506173,0.9529411764705882
primary_44_DecisionBoundary_feature_squeezing_C1,44,DecisionBoundary,feature_squeezing,C1,27,76,0,415,9,0.982,1.0,0.8941176470588236,0.9440993788819877,0.9470588235294117
primary_44_DecisionBoundary_feature_squeezing_C1,44,DecisionBoundary,feature_squeezing,C1,28,78,0,415,7,0.986,1.0,0.9176470588235294,0.9570552147239264,0.9588235294117646
primary_44_DecisionBoundary_feature_squeezing_C1,44,DecisionBoundary,feature_squeezing,C1,29,79,0,415,6,0.988,1.0,0.9294117647058824,0.9634146341463414,0.9647058823529412
primary_44_DecisionBoundary_feature_squeezing_C1,44,DecisionBoundary,feature_squeezing,C1,30,78,0,415,7,0.986,1.0,0.9176470588235294,0.9570552147239264,0.9588235294117646
primary_44_DecisionBoundary_feature_squeezing_C1,44,DecisionBoundary,feature_squeezing,C1,31,77,1,414,8,0.982,0.9871794871794872,0.9058823529411765,0.9447852760736197,0.9517363571934798
primary_44_DecisionBoundary_feature_squeezing_C1,44,DecisionBoundary,feature_squeezing,C1,32,80,0,415,5,0.99,1.0,0.9411764705882353,0.9696969696969697,0.9705882352941176
primary_44_DecisionBoundary_feature_squeezing_C1,44,DecisionBoundary,feature_squeezing,C1,33,80,0,415,5,0.99,1.0,0.9411764705882353,0.9696969696969697,0.9705882352941176
primary_44_DecisionBoundary_feature_squeezing_C1,44,DecisionBoundary,feature_squeezing,C1,34,77,1,414,8,0.982,0.9871794871794872,0.9058823529411765,0.9447852760736197,0.9517363571934798
primary_44_DecisionBoundary_feature_squeezing_C1,44,DecisionBoundary,feature_squeezing,C1,35,75,0,415,10,0.98,1.0,0.8823529411764706,0.9375,0.9411764705882353
primary_44_DecisionBoundary_feature_squeezing_C1,44,DecisionBoundary,feature_squeezing,C1,36,79,0,415,6,0.988,1.0,0.9294117647058824,0.9634146341463414,0.9647058823529412
primary_44_DecisionBoundary_feature_squeezing_C1,44,DecisionBoundary,feature_squeezing,C1,37,81,1,414,4,0.99,0.9878048780487805,0.9529411764705882,0.9700598802395209,0.9752657689581856
primary_44_DecisionBoundary_feature_squeezing_C1,44,DecisionBoundary,feature_squeezing,C1,38,79,0,415,6,0.988,1.0,0.9294117647058824,0.9634146341463414,0.9647058823529412
primary_44_DecisionBoundary_feature_squeezing_C1,44,DecisionBoundary,feature_squeezing,C1,39,79,0,415,6,0.988,1.0,0.9294117647058824,0.9634146341463414,0.9647058823529412
primary_44_DecisionBoundary_feature_squeezing_C1,44,DecisionBoundary,feature_squeezing,C1,40,81,0,415,4,0.992,1.0,0.9529411764705882,0.9759036144578312,0.9764705882352941
primary_44_DecisionBoundary_feature_squeezing_C1,44,DecisionBoundary,feature_squeezing,C1,41,80,0,415,5,0.99,1.0,0.9411764705882353,0.9696969696969697,0.9705882352941176
primary_44_DecisionBoundary_feature_squeezing_C1,44,DecisionBoundary,feature_squeezing,C1,42,80,0,415,5,0.99,1.0,0.9411764705882353,0.9696969696969697,0.9705882352941176
primary_44_DecisionBoundary_feature_squeezing_C1,44,DecisionBoundary,feature_squeezing,C1,43,75,1,414,10,0.978,0.9868421052631579,0.8823529411764706,0.9316770186335402,0.9399716513111269
primary_44_DecisionBoundary_feature_squeezing_C1,44,DecisionBoundary,feature_squeezing,C1,44,78,0,415,7,0.986,1.0,0.9176470588235294,0.9570552147239264,0.9588235294117646
primary_44_DecisionBoundary_feature_squeezing_C1,44,DecisionBoundary,feature_squeezing,C1,45,78,0,415,7,0.986,1.0,0.9176470588235294,0.9570552147239264,0.9588235294117646
primary_44_DecisionBoundary_feature_squeezing_C1,44,DecisionBoundary,feature_squeezing,C1,46,81,1,414,4,0.99,0.9878048780487805,0.9529411764705882,0.9700598802395209,0.9752657689581856
primary_44_DecisionBoundary_feature_squeezing_C1,44,DecisionBoundary,feature_squeezing,C1,47,75,0,415,10,0.98,1.0,0.8823529411764706,0.9375,0.9411764705882353
primary_44_DecisionBoundary_feature_squeezing_C1,44,DecisionBoundary,feature_squeezing,C1,48,81,0,415,4,0.992,1.0,0.9529411764705882,0.9759036144578312,0.9764705882352941
primary_44_DecisionBoundary_feature_squeezing_C1,44,DecisionBoundary,feature_squeezing,C1,49,76,0,415,9,0.982,1.0,0.8941176470588236,0.9440993788819877,0.9470588235294117
primary_44_DecisionBoundary_feature_squeezing_C1,44,DecisionBoundary,feature_squeezing,C1,50,78,0,415,7,0.986,1.0,0.9176470588235294,0.9570552147239264,0.9588235294117646
primary_44_DecisionBoundary_feature_squeezing_C1,44,DecisionBoundary,feature_squeezing,C1,51,79,1,414,6,0.986,0.9875,0.9294117647058824,0.9575757575757576,0.9635010630758327
primary_44_DecisionBoundary_feature_squeezing_C1,44,DecisionBoundary,feature_squeezing,C1,52,79,1,414,6,0.986,0.9875,0.9294117647058824,0.9575757575757576,0.9635010630758327
primary_44_DecisionBoundary_feature_squeezing_C1,44,DecisionBoundary,feature_squeezing,C1,53,76,1,414,9,0.98,0.987012987012987,0.8941176470588236,0.9382716049382716,0.9458540042523034
primary_44_DecisionBoundary_feature_squeezing_C1,44,DecisionBoundary,feature_squeezing,C1,54,82,0,415,3,0.994,1.0,0.9647058823529412,0.9820359281437125,0.9823529411764707
primary_44_DecisionBoundary_feature_squeezing_C1,44,DecisionBoundary,feature_squeezing,C1,55,78,0,415,7,0.986,1.0,0.9176470588235294,0.9570552147239264,0.9588235294117646
primary_44_DecisionBoundary_feature_squeezing_C1,44,DecisionBoundary,feature_squeezing,C1,56,77,0,415,8,0.984,1.0,0.9058823529411765,0.9506172839506173,0.9529411764705882
primary_44_DecisionBoundary_feature_squeezing_C1,44,DecisionBoundary,feature_squeezing,C1,57,81,0,415,4,0.992,1.0,0.9529411764705882,0.9759036144578312,0.9764705882352941
primary_44_DecisionBoundary_feature_squeezing_C1,44,DecisionBoundary,feature_squeezing,C1,58,82,1,414,3,0.992,0.9879518072289156,0.9647058823529412,0.9761904761904762,0.9811481218993622
primary_44_DecisionBoundary_feature_squeezing_C1,44,DecisionBoundary,feature_squeezing,C1,59,77,0,415,8,0.984,1.0,0.9058823529411765,0.9506172839506173,0.9529411764705882
primary_44_DecisionBoundary_feature_squeezing_C1,44,DecisionBoundary,feature_squeezing,C1,60,80,0,415,5,0.99,1.0,0.9411764705882353,0.9696969696969697,0.9705882352941176
primary_44_DecisionBoundary_feature_squeezing_C1,44,DecisionBoundary,feature_squeezing,C1,61,79,0,415,6,0.988,1.0,0.9294117647058824,0.9634146341463414,0.9647058823529412
primary_44_DecisionBoundary_feature_squeezing_C1,44,DecisionBoundary,feature_squeezing,C1,62,79,0,415,6,0.988,1.0,0.9294117647058824,0.9634146341463414,0.9647058823529412
primary_44_DecisionBoundary_feature_squeezing_C1,44,DecisionBoundary,feature_squeezing,C1,63,77,0,415,8,0.984,1.0,0.9058823529411765,0.9506172839506173,0.9529411764705882
primary_44_DecisionBoundary_feature_squeezing_C1,44,DecisionBoundary,feature_squeezing,C1,64,76,0,415,9,0.982,1.0,0.8941176470588236,0.9440993788819877,0.9470588235294117
primary_44_DecisionBoundary_feature_squeezing_C1,44,DecisionBoundary,feature_squeezing,C1,65,78,0,415,7,0.986,1.0,0.9176470588235294,0.9570552147239264,0.9588235294117646
primary_44_DecisionBoundary_feature_squeezing_C1,44,DecisionBoundary,feature_squeezing,C1,66,80,0,415,5,0.99,1.0,0.9411764705882353,0.9696969696969697,0.9705882352941176
primary_44_DecisionBoundary_feature_squeezing_C1,44,DecisionBoundary,feature_squeezing,C1,67,80,0,415,5,0.99,1.0,0.9411764705882353,0.9696969696969697,0.9705882352941176
primary_44_DecisionBoundary_feature_squeezing_C1,44,DecisionBoundary,feature_squeezing,C1,68,78,0,415,7,0.986,1.0,0.9176470588235294,0.9570552147239264,0.9588235294117646
primary_44_DecisionBoundary_feature_squeezing_C1,44,DecisionBoundary,feature_squeezing,C1,69,79,1,414,6,0.986,0.9875,0.9294117647058824,0.9575757575757576,0.9635010630758327
primary_44_DecisionBoundary_feature_squeezing_C1,44,DecisionBoundary,feature_squeezing,C1,70,79,0,415,6,0.988,1.0,0.9294117647058824,0.9634146341463414,0.9647058823529412
primary_44_DecisionBoundary_feature_squeezing_C1,44,DecisionBoundary,feature_squeezing,C1,71,77,0,415,8,0.984,1.0,0.9058823529411765,0.9506172839506173,0.9529411764705882
primary_44_DecisionBoundary_feature_squeezing_C1,44,DecisionBoundary,feature_squeezing,C1,72,76,0,415,9,0.982,1.0,0.8941176470588236,0.9440993788819877,0.9470588235294117
primary_44_DecisionBoundary_feature_squeezing_C1,44,DecisionBoundary,feature_squeezing,C1,73,75,0,415,10,0.98,1.0,0.8823529411764706,0.9375,0.9411764705882353
primary_44_DecisionBoundary_feature_squeezing_C1,44,DecisionBoundary,feature_squeezing,C1,74,81,0,415,4,0.992,1.0,0.9529411764705882,0.9759036144578312,0.9764705882352941
primary_44_DecisionBoundary_feature_squeezing_C1,44,DecisionBoundary,feature_squeezing,C1,75,76,0,415,9,0.982,1.0,0.8941176470588236,0.9440993788819877,0.9470588235294117
primary_44_DecisionBoundary_feature_squeezing_C1,44,DecisionBoundary,feature_squeezing,C1,76,80,0,415,5,0.99,1.0,0.9411764705882353,0.9696969696969697,0.9705882352941176
primary_44_DecisionBoundary_feature_squeezing_C1,44,DecisionBoundary,feature_squeezing,C1,77,78,0,415,7,0.986,1.0,0.9176470588235294,0.9570552147239264,0.9588235294117646
primary_44_DecisionBoundary_feature_squeezing_C1,44,DecisionBoundary,feature_squeezing,C1,78,83,0,415,2,0.996,1.0,0.9764705882352941,0.988095238095238,0.9882352941176471
primary_44_DecisionBoundary_feature_squeezing_C1,44,DecisionBoundary,feature_squeezing,C1,79,79,0,415,6,0.988,1.0,0.9294117647058824,0.9634146341463414,0.9647058823529412
primary_44_DecisionBoundary_feature_squeezing_C1,44,DecisionBoundary,feature_squeezing,C1,80,77,0,415,8,0.984,1.0,0.9058823529411765,0.9506172839506173,0.9529411764705882
primary_44_DecisionBoundary_feature_squeezing_C1,44,DecisionBoundary,feature_squeezing,C1,81,73,0,415,12,0.976,1.0,0.8588235294117647,0.9240506329113923,0.9294117647058824
primary_44_DecisionBoundary_feature_squeezing_C1,44,DecisionBoundary,feature_squeezing,C1,82,78,0,415,7,0.986,1.0,0.9176470588235294,0.9570552147239264,0.9588235294117646
primary_44_DecisionBoundary_feature_squeezing_C1,44,DecisionBoundary,feature_squeezing,C1,83,76,0,415,9,0.982,1.0,0.8941176470588236,0.9440993788819877,0.9470588235294117
primary_44_DecisionBoundary_feature_squeezing_C1,44,DecisionBoundary,feature_squeezing,C1,84,76,0,415,9,0.982,1.0,0.8941176470588236,0.9440993788819877,0.9470588235294117
primary_44_DecisionBoundary_feature_squeezing_C1,44,DecisionBoundary,feature_squeezing,C1,85,81,1,414,4,0.99,0.9878048780487805,0.9529411764705882,0.9700598802395209,0.9752657689581856
primary_44_DecisionBoundary_feature_squeezing_C1,44,DecisionBoundary,feature_squeezing,C1,86,76,1,414,9,0.98,0.987012987012987,0.8941176470588236,0.9382716049382716,0.9458540042523034
primary_44_DecisionBoundary_feature_squeezing_C1,44,DecisionBoundary,feature_squeezing,C1,87,77,0,415,8,0.984,1.0,0.9058823529411765,0.9506172839506173,0.9529411764705882
primary_44_DecisionBoundary_feature_squeezing_C1,44,DecisionBoundary,feature_squeezing,C1,88,80,0,415,5,0.99,1.0,0.9411764705882353,0.9696969696969697,0.9705882352941176
primary_44_DecisionBoundary_feature_squeezing_C1,44,DecisionBoundary,feature_squeezing,C1,89,79,1,414,6,0.986,0.9875,0.9294117647058824,0.9575757575757576,0.9635010630758327
primary_44_DecisionBoundary_feature_squeezing_C1,44,DecisionBoundary,feature_squeezing,C1,90,80,1,414,5,0.988,0.9876543209876543,0.9411764705882353,0.963855421686747,0.9693834160170092
primary_44_DecisionBoundary_feature_squeezing_C1,44,DecisionBoundary,feature_squeezing,C1,91,78,1,414,7,0.984,0.9873417721518988,0.9176470588235294,0.9512195121951219,0.9576187101346563
primary_44_DecisionBoundary_feature_squeezing_C1,44,DecisionBoundary,feature_squeezing,C1,92,80,0,415,5,0.99,1.0,0.9411764705882353,0.9696969696969697,0.9705882352941176
primary_44_DecisionBoundary_feature_squeezing_C1,44,DecisionBoundary,feature_squeezing,C1,93,78,0,415,7,0.986,1.0,0.9176470588235294,0.9570552147239264,0.9588235294117646
primary_44_DecisionBoundary_feature_squeezing_C1,44,DecisionBoundary,feature_squeezing,C1,94,80,0,415,5,0.99,1.0,0.9411764705882353,0.9696969696969697,0.9705882352941176
primary_44_DecisionBoundary_feature_squeezing_C1,44,DecisionBoundary,feature_squeezing,C1,95,81,0,415,4,0.992,1.0,0.9529411764705882,0.9759036144578312,0.9764705882352941
primary_44_DecisionBoundary_feature_squeezing_C1,44,DecisionBoundary,feature_squeezing,C1,96,84,0,415,1,0.998,1.0,0.9882352941176471,0.9940828402366864,0.9941176470588236
primary_44_DecisionBoundary_feature_squeezing_C1,44,DecisionBoundary,feature_squeezing,C1,97,75,1,414,10,0.978,0.9868421052631579,0.8823529411764706,0.9316770186335402,0.9399716513111269
primary_44_DecisionBoundary_feature_squeezing_C1,44,DecisionBoundary,feature_squeezing,C1,98,79,0,415,6,0.988,1.0,0.9294117647058824,0.9634146341463414,0.9647058823529412
primary_44_DecisionBoundary_feature_squeezing_C1,44,DecisionBoundary,feature_squeezing,C1,99,81,0,415,4,0.992,1.0,0.9529411764705882,0.9759036144578312,0.9764705882352941
primary_44_DecisionBoundary_feature_squeezing_C1,44,DecisionBoundary,feature_squeezing,C1,100,80,0,415,5,0.99,1.0,0.9411764705882353,0.9696969696969697,0.9705882352941176
primary_44_DecisionBoundary_feature_squeezing_C1,44,DecisionBoundary,feature_squeezing,C1,101,78,0,415,7,0.986,1.0,0.9176470588235294,0.9570552147239264,0.9588235294117646
primary_44_DecisionBoundary_feature_squeezing_C1,44,DecisionBoundary,feature_squeezing,C1,102,81,0,415,4,0.992,1.0,0.9529411764705882,0.9759036144578312,0.9764705882352941
primary_44_DecisionBoundary_feature_squeezing_C1,44,DecisionBoundary,feature_squeezing,C1,103,79,0,415,6,0.988,1.0,0.9294117647058824,0.9634146341463414,0.9647058823529412
primary_44_DecisionBoundary_feature_squeezing_C1,44,DecisionBoundary,feature_squeezing,C1,104,79,0,415,6,0.988,1.0,0.9294117647058824,0.9634146341463414,0.9647058823529412
primary_44_DecisionBoundary_feature_squeezing_C1,44,DecisionBoundary,feature_squeezing,C1,105,81,0,415,4,0.992,1.0,0.9529411764705882,0.9759036144578312,0.9764705882352941
primary_44_DecisionBoundary_feature_squeezing_C1,44,DecisionBoundary,feature_squeezing,C1,106,78,0,415,7,0.986,1.0,0.9176470588235294,0.9570552147239264,0.9588235294117646
primary_44_DecisionBoundary_feature_squeezing_C1,44,DecisionBoundary,feature_squeezing,C1,107,77,0,415,8,0.984,1.0,0.9058823529411765,0.9506172839506173,0.9529411764705882
primary_44_DecisionBoundary_feature_squeezing_C1,44,DecisionBoundary,feature_squeezing,C1,108,79,0,415,6,0.988,1.0,0.9294117647058824,0.9634146341463414,0.9647058823529412
primary_44_DecisionBoundary_feature_squeezing_C1,44,DecisionBoundary,feature_squeezing,C1,109,78,0,415,7,0.986,1.0,0.9176470588235294,0.9570552147239264,0.9588235294117646
primary_44_DecisionBoundary_feature_squeezing_C1,44,DecisionBoundary,feature_squeezing,C1,110,77,1,414,8,0.982,0.9871794871794872,0.9058823529411765,0.9447852760736197,0.9517363571934798
primary_44_DecisionBoundary_feature_squeezing_C1,44,DecisionBoundary,feature_squeezing,C1,111,83,0,415,2,0.996,1.0,0.9764705882352941,0.988095238095238,0.9882352941176471
primary_44_DecisionBoundary_feature_squeezing_C1,44,DecisionBoundary,feature_squeezing,C1,112,79,1,414,6,0.986,0.9875,0.9294117647058824,0.9575757575757576,0.9635010630758327
primary_44_DecisionBoundary_feature_squeezing_C1,44,DecisionBoundary,feature_squeezing,C1,113,79,1,414,6,0.986,0.9875,0.9294117647058824,0.9575757575757576,0.9635010630758327
primary_44_DecisionBoundary_feature_squeezing_C1,44,DecisionBoundary,feature_squeezing,C1,114,77,0,415,8,0.984,1.0,0.9058823529411765,0.9506172839506173,0.9529411764705882
primary_44_DecisionBoundary_feature_squeezing_C1,44,DecisionBoundary,feature_squeezing,C1,115,75,0,415,10,0.98,1.0,0.8823529411764706,0.9375,0.9411764705882353
primary_44_DecisionBoundary_feature_squeezing_C1,44,DecisionBoundary,feature_squeezing,C1,116,76,0,415,9,0.982,1.0,0.8941176470588236,0.9440993788819877,0.9470588235294117
primary_44_DecisionBoundary_feature_squeezing_C1,44,DecisionBoundary,feature_squeezing,C1,117,80,0,415,5,0.99,1.0,0.9411764705882353,0.9696969696969697,0.9705882352941176
primary_44_DecisionBoundary_feature_squeezing_C1,44,DecisionBoundary,feature_squeezing,C1,118,74,1,414,11,0.976,0.9866666666666667,0.8705882352941177,0.925,0.9340892983699505
primary_44_DecisionBoundary_feature_squeezing_C1,44,DecisionBoundary,feature_squeezing,C1,119,78,0,415,7,0.986,1.0,0.9176470588235294,0.9570552147239264,0.9588235294117646
primary_44_DecisionBoundary_feature_squeezing_C1,44,DecisionBoundary,feature_squeezing,C1,120,81,0,415,4,0.992,1.0,0.9529411764705882,0.9759036144578312,0.9764705882352941
primary_44_DecisionBoundary_feature_squeezing_C1,44,DecisionBoundary,feature_squeezing,C1,121,79,0,415,6,0.988,1.0,0.9294117647058824,0.9634146341463414,0.9647058823529412
primary_44_DecisionBoundary_feature_squeezing_C1,44,DecisionBoundary,feature_squeezing,C1,122,79,0,415,6,0.988,1.0,0.9294117647058824,0.9634146341463414,0.9647058823529412
primary_44_DecisionBoundary_feature_squeezing_C1,44,DecisionBoundary,feature_squeezing,C1,123,75,0,415,10,0.98,1.0,0.8823529411764706,0.9375,0.9411764705882353
primary_44_DecisionBoundary_feature_squeezing_C1,44,DecisionBoundary,feature_squeezing,C1,124,78,0,415,7,0.986,1.0,0.9176470588235294,0.9570552147239264,0.9588235294117646
primary_44_DecisionBoundary_feature_squeezing_C1,44,DecisionBoundary,feature_squeezing,C1,125,80,1,414,5,0.988,0.9876543209876543,0.9411764705882353,0.963855421686747,0.9693834160170092
primary_44_DecisionBoundary_feature_squeezing_C1,44,DecisionBoundary,feature_squeezing,C1,126,82,0,415,3,0.994,1.0,0.9647058823529412,0.9820359281437125,0.9823529411764707
primary_44_DecisionBoundary_feature_squeezing_C1,44,DecisionBoundary,feature_squeezing,C1,127,77,0,415,8,0.984,1.0,0.9058823529411765,0.9506172839506173,0.9529411764705882
primary_44_DecisionBoundary_feature_squeezing_C1,44,DecisionBoundary,feature_squeezing,C1,128,82,0,415,3,0.994,1.0,0.9647058823529412,0.9820359281437125,0.9823529411764707
primary_44_DecisionBoundary_feature_squeezing_C1,44,DecisionBoundary,feature_squeezing,C1,129,77,0,415,8,0.984,1.0,0.9058823529411765,0.9506172839506173,0.9529411764705882
primary_44_DecisionBoundary_feature_squeezing_C1,44,DecisionBoundary,feature_squeezing,C1,130,82,0,415,3,0.994,1.0,0.9647058823529412,0.9820359281437125,0.9823529411764707
primary_44_DecisionBoundary_feature_squeezing_C1,44,DecisionBoundary,feature_squeezing,C1,131,79,0,415,6,0.988,1.0,0.9294117647058824,0.9634146341463414,0.9647058823529412
primary_44_DecisionBoundary_feature_squeezing_C1,44,DecisionBoundary,feature_squeezing,C1,132,76,0,415,9,0.982,1.0,0.8941176470588236,0.9440993788819877,0.9470588235294117
primary_44_DecisionBoundary_feature_squeezing_C1,44,DecisionBoundary,feature_squeezing,C1,133,78,0,415,7,0.986,1.0,0.9176470588235294,0.9570552147239264,0.9588235294117646
primary_44_DecisionBoundary_feature_squeezing_C1,44,DecisionBoundary,feature_squeezing,C1,134,76,0,415,9,0.982,1.0,0.8941176470588236,0.9440993788819877,0.9470588235294117
primary_44_DecisionBoundary_feature_squeezing_C1,44,DecisionBoundary,feature_squeezing,C1,135,81,0,415,4,0.992,1.0,0.9529411764705882,0.9759036144578312,0.9764705882352941
primary_44_DecisionBoundary_feature_squeezing_C1,44,DecisionBoundary,feature_squeezing,C1,136,78,0,415,7,0.986,1.0,0.9176470588235294,0.9570552147239264,0.9588235294117646
primary_44_DecisionBoundary_feature_squeezing_C1,44,DecisionBoundary,feature_squeezing,C1,137,78,1,414,7,0.984,0.9873417721518988,0.9176470588235294,0.9512195121951219,0.9576187101346563
primary_44_DecisionBoundary_feature_squeezing_C1,44,DecisionBoundary,feature_squeezing,C1,138,82,0,415,3,0.994,1.0,0.9647058823529412,0.9820359281437125,0.9823529411764707
primary_44_DecisionBoundary_feature_squeezing_C1,44,DecisionBoundary,feature_squeezing,C1,139,78,0,415,7,0.986,1.0,0.9176470588235294,0.9570552147239264,0.9588235294117646
primary_44_DecisionBoundary_feature_squeezing_C1,44,DecisionBoundary,feature_squeezing,C1,140,76,0,415,9,0.982,1.0,0.8941176470588236,0.9440993788819877,0.9470588235294117
primary_44_DecisionBoundary_feature_squeezing_C1,44,DecisionBoundary,feature_squeezing,C1,141,74,0,415,11,0.978,1.0,0.8705882352941177,0.9308176100628931,0.9352941176470588
primary_44_DecisionBoundary_feature_squeezing_C1,44,DecisionBoundary,feature_squeezing,C1,142,84,0,415,1,0.998,1.0,0.9882352941176471,0.9940828402366864,0.9941176470588236
primary_44_DecisionBoundary_feature_squeezing_C1,44,DecisionBoundary,feature_squeezing,C1,143,79,0,415,6,0.988,1.0,0.9294117647058824,0.9634146341463414,0.9647058823529412
primary_44_DecisionBoundary_randomized_smoothing_Base,44,DecisionBoundary,randomized_smoothing,Base,0,73,0,414,13,0.974,1.0,0.8488372093023255,0.9182389937106918,0.9244186046511628
primary_44_DecisionBoundary_randomized_smoothing_Base,44,DecisionBoundary,randomized_smoothing,Base,1,64,0,414,22,0.956,1.0,0.7441860465116279,0.8533333333333333,0.872093023255814
primary_44_DecisionBoundary_randomized_smoothing_Base,44,DecisionBoundary,randomized_smoothing,Base,2,69,1,413,17,0.964,0.9857142857142858,0.8023255813953488,0.8846153846153846,0.8999550612290754
primary_44_DecisionBoundary_randomized_smoothing_Base,44,DecisionBoundary,randomized_smoothing,Base,3,68,0,414,18,0.964,1.0,0.7906976744186046,0.8831168831168831,0.8953488372093024
primary_44_DecisionBoundary_randomized_smoothing_Base,44,DecisionBoundary,randomized_smoothing,Base,4,75,0,414,11,0.978,1.0,0.872093023255814,0.9316770186335404,0.936046511627907
primary_44_DecisionBoundary_randomized_smoothing_Base,44,DecisionBoundary,randomized_smoothing,Base,5,66,0,414,20,0.96,1.0,0.7674418604651163,0.868421052631579,0.8837209302325582
primary_44_DecisionBoundary_randomized_smoothing_Base,44,DecisionBoundary,randomized_smoothing,Base,6,71,0,414,15,0.97,1.0,0.8255813953488372,0.9044585987261146,0.9127906976744187
primary_44_DecisionBoundary_randomized_smoothing_Base,44,DecisionBoundary,randomized_smoothing,Base,7,69,0,414,17,0.966,1.0,0.8023255813953488,0.8903225806451612,0.9011627906976745
primary_44_DecisionBoundary_randomized_smoothing_Base,44,DecisionBoundary,randomized_smoothing,Base,8,64,0,414,22,0.956,1.0,0.7441860465116279,0.8533333333333333,0.872093023255814
primary_44_DecisionBoundary_randomized_smoothing_Base,44,DecisionBoundary,randomized_smoothing,Base,9,71,0,414,15,0.97,1.0,0.8255813953488372,0.9044585987261146,0.9127906976744187
primary_44_DecisionBoundary_randomized_smoothing_Base,44,DecisionBoundary,randomized_smoothing,Base,10,69,0,414,17,0.966,1.0,0.8023255813953488,0.8903225806451612,0.9011627906976745
primary_44_DecisionBoundary_randomized_smoothing_Base,44,DecisionBoundary,randomized_smoothing,Base,11,68,0,414,18,0.964,1.0,0.7906976744186046,0.8831168831168831,0.8953488372093024
primary_44_DecisionBoundary_randomized_smoothing_Base,44,DecisionBoundary,randomized_smoothing,Base,12,73,0,414,13,0.974,1.0,0.8488372093023255,0.9182389937106918,0.9244186046511628
primary_44_DecisionBoundary_randomized_smoothing_Base,44,DecisionBoundary,randomized_smoothing,Base,13,77,0,414,9,0.982,1.0,0.8953488372093024,0.9447852760736196,0.9476744186046512
primary_44_DecisionBoundary_randomized_smoothing_Base,44,DecisionBoundary,randomized_smoothing,Base,14,72,0,414,14,0.972,1.0,0.8372093023255814,0.9113924050632911,0.9186046511627908
primary_44_DecisionBoundary_randomized_smoothing_Base,44,DecisionBoundary,randomized_smoothing,Base,15,70,0,414,16,0.968,1.0,0.813953488372093,0.8974358974358974,0.9069767441860466
primary_44_DecisionBoundary_randomized_smoothing_Base,44,DecisionBoundary,randomized_smoothing,Base,16,66,0,414,20,0.96,1.0,0.7674418604651163,0.868421052631579,0.8837209302325582
primary_44_DecisionBoundary_randomized_smoothing_Base,44,DecisionBoundary,randomized_smoothing,Base,17,76,0,415,9,0.982,1.0,0.8941176470588236,0.9440993788819877,0.9470588235294117
primary_44_DecisionBoundary_randomized_smoothing_Base,44,DecisionBoundary,randomized_smoothing,Base,18,66,0,415,19,0.962,1.0,0.7764705882352941,0.8741721854304636,0.888235294117647
primary_44_DecisionBoundary_randomized_smoothing_Base,44,DecisionBoundary,randomized_smoothing,Base,19,71,0,415,14,0.972,1.0,0.8352941176470589,0.9102564102564102,0.9176470588235295
primary_44_DecisionBoundary_randomized_smoothing_Base,44,DecisionBoundary,randomized_smoothing,Base,20,64,0,415,21,0.958,1.0,0.7529411764705882,0.8590604026845637,0.8764705882352941
primary_44_DecisionBoundary_randomized_smoothing_Base,44,DecisionBoundary,randomized_smoothing,Base,21,64,0,415,21,0.958,1.0,0.7529411764705882,0.8590604026845637,0.8764705882352941
primary_44_DecisionBoundary_randomized_smoothing_Base,44,DecisionBoundary,randomized_smoothing,Base,22,68,0,415,17,0.966,1.0,0.8,0.888888888888889,0.9
primary_44_DecisionBoundary_randomized_smoothing_Base,44,DecisionBoundary,randomized_smoothing,Base,23,70,0,415,15,0.97,1.0,0.8235294117647058,0.9032258064516129,0.9117647058823529
primary_44_DecisionBoundary_randomized_smoothing_Base,44,DecisionBoundary,randomized_smoothing,Base,24,68,0,415,17,0.966,1.0,0.8,0.888888888888889,0.9
primary_44_DecisionBoundary_randomized_smoothing_Base,44,DecisionBoundary,randomized_smoothing,Base,25,68,0,415,17,0.966,1.0,0.8,0.888888888888889,0.9
primary_44_DecisionBoundary_randomized_smoothing_Base,44,DecisionBoundary,randomized_smoothing,Base,26,62,0,415,23,0.954,1.0,0.7294117647058823,0.8435374149659863,0.8647058823529412
primary_44_DecisionBoundary_randomized_smoothing_Base,44,DecisionBoundary,randomized_smoothing,Base,27,62,0,415,23,0.954,1.0,0.7294117647058823,0.8435374149659863,0.8647058823529412
primary_44_DecisionBoundary_randomized_smoothing_Base,44,DecisionBoundary,randomized_smoothing,Base,28,70,0,415,15,0.97,1.0,0.8235294117647058,0.9032258064516129,0.9117647058823529
primary_44_DecisionBoundary_randomized_smoothing_Base,44,DecisionBoundary,randomized_smoothing,Base,29,65,0,415,20,0.96,1.0,0.7647058823529411,0.8666666666666666,0.8823529411764706
primary_44_DecisionBoundary_randomized_smoothing_Base,44,DecisionBoundary,randomized_smoothing,Base,30,71,0,415,14,0.972,1.0,0.8352941176470589,0.9102564102564102,0.9176470588235295
primary_44_DecisionBoundary_randomized_smoothing_Base,44,DecisionBoundary,randomized_smoothing,Base,31,67,0,415,18,0.964,1.0,0.788235294117647,0.8815789473684211,0.8941176470588235
primary_44_DecisionBoundary_randomized_smoothing_Base,44,DecisionBoundary,randomized_smoothing,Base,32,66,0,415,19,0.962,1.0,0.7764705882352941,0.8741721854304636,0.888235294117647
primary_44_DecisionBoundary_randomized_smoothing_Base,44,DecisionBoundary,randomized_smoothing,Base,33,65,0,415,20,0.96,1.0,0.7647058823529411,0.8666666666666666,0.8823529411764706
primary_44_DecisionBoundary_randomized_smoothing_Base,44,DecisionBoundary,randomized_smoothing,Base,34,65,0,415,20,0.96,1.0,0.7647058823529411,0.8666666666666666,0.8823529411764706
primary_44_DecisionBoundary_randomized_smoothing_Base,44,DecisionBoundary,randomized_smoothing,Base,35,62,0,415,23,0.954,1.0,0.7294117647058823,0.8435374149659863,0.8647058823529412
primary_44_DecisionBoundary_randomized_smoothing_Base,44,DecisionBoundary,randomized_smoothing,Base,36,65,0,415,20,0.96,1.0,0.7647058823529411,0.8666666666666666,0.8823529411764706
primary_44_DecisionBoundary_randomized_smoothing_Base,44,DecisionBoundary,randomized_smoothing,Base,37,74,0,415,11,0.978,1.0,0.8705882352941177,0.9308176100628931,0.9352941176470588
primary_44_DecisionBoundary_randomized_smoothing_Base,44,DecisionBoundary,randomized_smoothing,Base,38,69,0,415,16,0.968,1.0,0.8117647058823529,0.8961038961038961,0.9058823529411765
primary_44_DecisionBoundary_randomized_smoothing_Base,44,DecisionBoundary,randomized_smoothing,Base,39,63,0,415,22,0.956,1.0,0.7411764705882353,0.8513513513513514,0.8705882352941177
primary_44_DecisionBoundary_randomized_smoothing_Base,44,DecisionBoundary,randomized_smoothing,Base,40,73,0,415,12,0.976,1.0,0.8588235294117647,0.9240506329113923,0.9294117647058824
primary_44_DecisionBoundary_randomized_smoothing_Base,44,DecisionBoundary,randomized_smoothing,Base,41,71,0,415,14,0.972,1.0,0.8352941176470589,0.9102564102564102,0.9176470588235295
primary_44_DecisionBoundary_randomized_smoothing_Base,44,DecisionBoundary,randomized_smoothing,Base,42,68,0,415,17,0.966,1.0,0.8,0.888888888888889,0.9
primary_44_DecisionBoundary_randomized_smoothing_Base,44,DecisionBoundary,randomized_smoothing,Base,43,65,0,415,20,0.96,1.0,0.7647058823529411,0.8666666666666666,0.8823529411764706
primary_44_DecisionBoundary_randomized_smoothing_Base,44,DecisionBoundary,randomized_smoothing,Base,44,63,0,415,22,0.956,1.0,0.7411764705882353,0.8513513513513514,0.8705882352941177
primary_44_DecisionBoundary_randomized_smoothing_Base,44,DecisionBoundary,randomized_smoothing,Base,45,69,0,415,16,0.968,1.0,0.8117647058823529,0.8961038961038961,0.9058823529411765
primary_44_DecisionBoundary_randomized_smoothing_Base,44,DecisionBoundary,randomized_smoothing,Base,46,74,0,415,11,0.978,1.0,0.8705882352941177,0.9308176100628931,0.9352941176470588
primary_44_DecisionBoundary_randomized_smoothing_Base,44,DecisionBoundary,randomized_smoothing,Base,47,66,0,415,19,0.962,1.0,0.7764705882352941,0.8741721854304636,0.888235294117647
primary_44_DecisionBoundary_randomized_smoothing_Base,44,DecisionBoundary,randomized_smoothing,Base,48,74,0,415,11,0.978,1.0,0.8705882352941177,0.9308176100628931,0.9352941176470588
primary_44_DecisionBoundary_randomized_smoothing_Base,44,DecisionBoundary,randomized_smoothing,Base,49,69,0,415,16,0.968,1.0,0.8117647058823529,0.8961038961038961,0.9058823529411765
primary_44_DecisionBoundary_randomized_smoothing_Base,44,DecisionBoundary,randomized_smoothing,Base,50,67,0,415,18,0.964,1.0,0.788235294117647,0.8815789473684211,0.8941176470588235
primary_44_DecisionBoundary_randomized_smoothing_Base,44,DecisionBoundary,randomized_smoothing,Base,51,70,0,415,15,0.97,1.0,0.8235294117647058,0.9032258064516129,0.9117647058823529
primary_44_DecisionBoundary_randomized_smoothing_Base,44,DecisionBoundary,randomized_smoothing,Base,52,66,0,415,19,0.962,1.0,0.7764705882352941,0.8741721854304636,0.888235294117647
primary_44_DecisionBoundary_randomized_smoothing_Base,44,DecisionBoundary,randomized_smoothing,Base,53,60,0,415,25,0.95,1.0,0.7058823529411765,0.8275862068965517,0.8529411764705883
primary_44_DecisionBoundary_randomized_smoothing_Base,44,DecisionBoundary,randomized_smoothing,Base,54,66,0,415,19,0.962,1.0,0.7764705882352941,0.8741721854304636,0.888235294117647
primary_44_DecisionBoundary_randomized_smoothing_Base,44,DecisionBoundary,randomized_smoothing,Base,55,67,0,415,18,0.964,1.0,0.788235294117647,0.8815789473684211,0.8941176470588235
primary_44_DecisionBoundary_randomized_smoothing_Base,44,DecisionBoundary,randomized_smoothing,Base,56,69,0,415,16,0.968,1.0,0.8117647058823529,0.8961038961038961,0.9058823529411765
primary_44_DecisionBoundary_randomized_smoothing_Base,44,DecisionBoundary,randomized_smoothing,Base,57,68,0,415,17,0.966,1.0,0.8,0.888888888888889,0.9
primary_44_DecisionBoundary_randomized_smoothing_Base,44,DecisionBoundary,randomized_smoothing,Base,58,72,0,415,13,0.974,1.0,0.8470588235294118,0.9171974522292993,0.9235294117647059
primary_44_DecisionBoundary_randomized_smoothing_Base,44,DecisionBoundary,randomized_smoothing,Base,59,69,0,415,16,0.968,1.0,0.8117647058823529,0.8961038961038961,0.9058823529411765
primary_44_DecisionBoundary_randomized_smoothing_Base,44,DecisionBoundary,randomized_smoothing,Base,60,65,0,415,20,0.96,1.0,0.7647058823529411,0.8666666666666666,0.8823529411764706
primary_44_DecisionBoundary_randomized_smoothing_Base,44,DecisionBoundary,randomized_smoothing,Base,61,69,0,415,16,0.968,1.0,0.8117647058823529,0.8961038961038961,0.9058823529411765
primary_44_DecisionBoundary_randomized_smoothing_Base,44,DecisionBoundary,randomized_smoothing,Base,62,67,0,415,18,0.964,1.0,0.788235294117647,0.8815789473684211,0.8941176470588235
primary_44_DecisionBoundary_randomized_smoothing_Base,44,DecisionBoundary,randomized_smoothing,Base,63,69,0,415,16,0.968,1.0,0.8117647058823529,0.8961038961038961,0.9058823529411765
primary_44_DecisionBoundary_randomized_smoothing_Base,44,DecisionBoundary,randomized_smoothing,Base,64,68,0,415,17,0.966,1.0,0.8,0.888888888888889,0.9
primary_44_DecisionBoundary_randomized_smoothing_Base,44,DecisionBoundary,randomized_smoothing,Base,65,64,0,415,21,0.958,1.0,0.7529411764705882,0.8590604026845637,0.8764705882352941
primary_44_DecisionBoundary_randomized_smoothing_Base,44,DecisionBoundary,randomized_smoothing,Base,66,68,0,415,17,0.966,1.0,0.8,0.888888888888889,0.9
primary_44_DecisionBoundary_randomized_smoothing_Base,44,DecisionBoundary,randomized_smoothing,Base,67,69,0,415,16,0.968,1.0,0.8117647058823529,0.8961038961038961,0.9058823529411765
primary_44_DecisionBoundary_randomized_smoothing_Base,44,DecisionBoundary,randomized_smoothing,Base,68,66,0,415,19,0.962,1.0,0.7764705882352941,0.8741721854304636,0.888235294117647
primary_44_DecisionBoundary_randomized_smoothing_Base,44,DecisionBoundary,randomized_smoothing,Base,69,67,1,414,18,0.962,0.9852941176470589,0.788235294117647,0.8758169934640523,0.8929128277817151
primary_44_DecisionBoundary_randomized_smoothing_Base,44,DecisionBoundary,randomized_smoothing,Base,70,68,0,415,17,0.966,1.0,0.8,0.888888888888889,0.9
primary_44_DecisionBoundary_randomized_smoothing_Base,44,DecisionBoundary,randomized_smoothing,Base,71,70,0,415,15,0.97,1.0,0.8235294117647058,0.9032258064516129,0.9117647058823529
primary_44_DecisionBoundary_randomized_smoothing_Base,44,DecisionBoundary,randomized_smoothing,Base,72,68,0,415,17,0.966,1.0,0.8,0.888888888888889,0.9
primary_44_DecisionBoundary_randomized_smoothing_Base,44,DecisionBoundary,randomized_smoothing,Base,73,65,0,415,20,0.96,1.0,0.7647058823529411,0.8666666666666666,0.8823529411764706
primary_44_DecisionBoundary_randomized_smoothing_Base,44,DecisionBoundary,randomized_smoothing,Base,74,76,0,415,9,0.982,1.0,0.8941176470588236,0.9440993788819877,0.9470588235294117
primary_44_DecisionBoundary_randomized_smoothing_Base,44,DecisionBoundary,randomized_smoothing,Base,75,66,0,415,19,0.962,1.0,0.7764705882352941,0.8741721854304636,0.888235294117647
primary_44_DecisionBoundary_randomized_smoothing_Base,44,DecisionBoundary,randomized_smoothing,Base,76,69,0,415,16,0.968,1.0,0.8117647058823529,0.8961038961038961,0.9058823529411765
primary_44_DecisionBoundary_randomized_smoothing_Base,44,DecisionBoundary,randomized_smoothing,Base,77,67,0,415,18,0.964,1.0,0.788235294117647,0.8815789473684211,0.8941176470588235
primary_44_DecisionBoundary_randomized_smoothing_Base,44,DecisionBoundary,randomized_smoothing,Base,78,69,0,415,16,0.968,1.0,0.8117647058823529,0.8961038961038961,0.9058823529411765
primary_44_DecisionBoundary_randomized_smoothing_Base,44,DecisionBoundary,randomized_smoothing,Base,79,66,0,415,19,0.962,1.0,0.7764705882352941,0.8741721854304636,0.888235294117647
primary_44_DecisionBoundary_randomized_smoothing_Base,44,DecisionBoundary,randomized_smoothing,Base,80,65,0,415,20,0.96,1.0,0.7647058823529411,0.8666666666666666,0.8823529411764706
primary_44_DecisionBoundary_randomized_smoothing_Base,44,DecisionBoundary,randomized_smoothing,Base,81,65,0,415,20,0.96,1.0,0.7647058823529411,0.8666666666666666,0.8823529411764706
primary_44_DecisionBoundary_randomized_smoothing_Base,44,DecisionBoundary,randomized_smoothing,Base,82,70,0,415,15,0.97,1.0,0.8235294117647058,0.9032258064516129,0.9117647058823529
primary_44_DecisionBoundary_randomized_smoothing_Base,44,DecisionBoundary,randomized_smoothing,Base,83,60,0,415,25,0.95,1.0,0.7058823529411765,0.8275862068965517,0.8529411764705883
primary_44_DecisionBoundary_randomized_smoothing_Base,44,DecisionBoundary,randomized_smoothing,Base,84,68,0,415,17,0.966,1.0,0.8,0.888888888888889,0.9
primary_44_DecisionBoundary_randomized_smoothing_Base,44,DecisionBoundary,randomized_smoothing,Base,85,69,0,415,16,0.968,1.0,0.8117647058823529,0.8961038961038961,0.9058823529411765
primary_44_DecisionBoundary_randomized_smoothing_Base,44,DecisionBoundary,randomized_smoothing,Base,86,70,1,414,15,0.968,0.9859154929577465,0.8235294117647058,0.8974358974358974,0.9105598866052445
primary_44_DecisionBoundary_randomized_smoothing_Base,44,DecisionBoundary,randomized_smoothing,Base,87,63,0,415,22,0.956,1.0,0.7411764705882353,0.8513513513513514,0.8705882352941177
primary_44_DecisionBoundary_randomized_smoothing_Base,44,DecisionBoundary,randomized_smoothing,Base,88,63,0,415,22,0.956,1.0,0.7411764705882353,0.8513513513513514,0.8705882352941177
primary_44_DecisionBoundary_randomized_smoothing_Base,44,DecisionBoundary,randomized_smoothing,Base,89,72,0,415,13,0.974,1.0,0.8470588235294118,0.9171974522292993,0.9235294117647059
primary_44_DecisionBoundary_randomized_smoothing_Base,44,DecisionBoundary,randomized_smoothing,Base,90,66,1,414,19,0.96,0.9850746268656716,0.7764705882352941,0.8684210526315789,0.8870304748405387
primary_44_DecisionBoundary_randomized_smoothing_Base,44,DecisionBoundary,randomized_smoothing,Base,91,63,0,415,22,0.956,1.0,0.7411764705882353,0.8513513513513514,0.8705882352941177
primary_44_DecisionBoundary_randomized_smoothing_Base,44,DecisionBoundary,randomized_smoothing,Base,92,64,0,415,21,0.958,1.0,0.7529411764705882,0.8590604026845637,0.8764705882352941
primary_44_DecisionBoundary_randomized_smoothing_Base,44,DecisionBoundary,randomized_smoothing,Base,93,69,0,415,16,0.968,1.0,0.8117647058823529,0.8961038961038961,0.9058823529411765
primary_44_DecisionBoundary_randomized_smoothing_Base,44,DecisionBoundary,randomized_smoothing,Base,94,66,0,415,19,0.962,1.0,0.7764705882352941,0.8741721854304636,0.888235294117647
primary_44_DecisionBoundary_randomized_smoothing_Base,44,DecisionBoundary,randomized_smoothing,Base,95,72,0,415,13,0.974,1.0,0.8470588235294118,0.9171974522292993,0.9235294117647059
primary_44_DecisionBoundary_randomized_smoothing_Base,44,DecisionBoundary,randomized_smoothing,Base,96,66,0,415,19,0.962,1.0,0.7764705882352941,0.8741721854304636,0.888235294117647
primary_44_DecisionBoundary_randomized_smoothing_Base,44,DecisionBoundary,randomized_smoothing,Base,97,64,0,415,21,0.958,1.0,0.7529411764705882,0.8590604026845637,0.8764705882352941
primary_44_DecisionBoundary_randomized_smoothing_Base,44,DecisionBoundary,randomized_smoothing,Base,98,71,0,415,14,0.972,1.0,0.8352941176470589,0.9102564102564102,0.9176470588235295
primary_44_DecisionBoundary_randomized_smoothing_Base,44,DecisionBoundary,randomized_smoothing,Base,99,62,0,415,23,0.954,1.0,0.7294117647058823,0.8435374149659863,0.8647058823529412
primary_44_DecisionBoundary_randomized_smoothing_Base,44,DecisionBoundary,randomized_smoothing,Base,100,74,0,415,11,0.978,1.0,0.8705882352941177,0.9308176100628931,0.9352941176470588
primary_44_DecisionBoundary_randomized_smoothing_Base,44,DecisionBoundary,randomized_smoothing,Base,101,65,0,415,20,0.96,1.0,0.7647058823529411,0.8666666666666666,0.8823529411764706
primary_44_DecisionBoundary_randomized_smoothing_Base,44,DecisionBoundary,randomized_smoothing,Base,102,71,0,415,14,0.972,1.0,0.8352941176470589,0.9102564102564102,0.9176470588235295
primary_44_DecisionBoundary_randomized_smoothing_Base,44,DecisionBoundary,randomized_smoothing,Base,103,70,0,415,15,0.97,1.0,0.8235294117647058,0.9032258064516129,0.9117647058823529
primary_44_DecisionBoundary_randomized_smoothing_Base,44,DecisionBoundary,randomized_smoothing,Base,104,69,0,415,16,0.968,1.0,0.8117647058823529,0.8961038961038961,0.9058823529411765
primary_44_DecisionBoundary_randomized_smoothing_Base,44,DecisionBoundary,randomized_smoothing,Base,105,71,0,415,14,0.972,1.0,0.8352941176470589,0.9102564102564102,0.9176470588235295
primary_44_DecisionBoundary_randomized_smoothing_Base,44,DecisionBoundary,randomized_smoothing,Base,106,70,0,415,15,0.97,1.0,0.8235294117647058,0.9032258064516129,0.9117647058823529
primary_44_DecisionBoundary_randomized_smoothing_Base,44,DecisionBoundary,randomized_smoothing,Base,107,63,0,415,22,0.956,1.0,0.7411764705882353,0.8513513513513514,0.8705882352941177
primary_44_DecisionBoundary_randomized_smoothing_Base,44,DecisionBoundary,randomized_smoothing,Base,108,69,0,415,16,0.968,1.0,0.8117647058823529,0.8961038961038961,0.9058823529411765
primary_44_DecisionBoundary_randomized_smoothing_Base,44,DecisionBoundary,randomized_smoothing,Base,109,64,0,415,21,0.958,1.0,0.7529411764705882,0.8590604026845637,0.8764705882352941
primary_44_DecisionBoundary_randomized_smoothing_Base,44,DecisionBoundary,randomized_smoothing,Base,110,65,1,414,20,0.958,0.9848484848484849,0.7647058823529411,0.8609271523178808,0.8811481218993622
primary_44_DecisionBoundary_randomized_smoothing_Base,44,DecisionBoundary,randomized_smoothing,Base,111,70,0,415,15,0.97,1.0,0.8235294117647058,0.9032258064516129,0.9117647058823529
primary_44_DecisionBoundary_randomized_smoothing_Base,44,DecisionBoundary,randomized_smoothing,Base,112,69,0,415,16,0.968,1.0,0.8117647058823529,0.8961038961038961,0.9058823529411765
primary_44_DecisionBoundary_randomized_smoothing_Base,44,DecisionBoundary,randomized_smoothing,Base,113,67,0,415,18,0.964,1.0,0.788235294117647,0.8815789473684211,0.8941176470588235
primary_44_DecisionBoundary_randomized_smoothing_Base,44,DecisionBoundary,randomized_smoothing,Base,114,64,0,415,21,0.958,1.0,0.7529411764705882,0.8590604026845637,0.8764705882352941
primary_44_DecisionBoundary_randomized_smoothing_Base,44,DecisionBoundary,randomized_smoothing,Base,115,67,0,415,18,0.964,1.0,0.788235294117647,0.8815789473684211,0.8941176470588235
primary_44_DecisionBoundary_randomized_smoothing_Base,44,DecisionBoundary,randomized_smoothing,Base,116,59,0,415,26,0.948,1.0,0.6941176470588235,0.8194444444444444,0.8470588235294118
primary_44_DecisionBoundary_randomized_smoothing_Base,44,DecisionBoundary,randomized_smoothing,Base,117,70,0,415,15,0.97,1.0,0.8235294117647058,0.9032258064516129,0.9117647058823529
primary_44_DecisionBoundary_randomized_smoothing_Base,44,DecisionBoundary,randomized_smoothing,Base,118,66,0,415,19,0.962,1.0,0.7764705882352941,0.8741721854304636,0.888235294117647
primary_44_DecisionBoundary_randomized_smoothing_Base,44,DecisionBoundary,randomized_smoothing,Base,119,69,0,415,16,0.968,1.0,0.8117647058823529,0.8961038961038961,0.9058823529411765
primary_44_DecisionBoundary_randomized_smoothing_Base,44,DecisionBoundary,randomized_smoothing,Base,120,77,0,415,8,0.984,1.0,0.9058823529411765,0.9506172839506173,0.9529411764705882
primary_44_DecisionBoundary_randomized_smoothing_Base,44,DecisionBoundary,randomized_smoothing,Base,121,67,0,415,18,0.964,1.0,0.788235294117647,0.8815789473684211,0.8941176470588235
primary_44_DecisionBoundary_randomized_smoothing_Base,44,DecisionBoundary,randomized_smoothing,Base,122,73,0,415,12,0.976,1.0,0.8588235294117647,0.9240506329113923,0.9294117647058824
primary_44_DecisionBoundary_randomized_smoothing_Base,44,DecisionBoundary,randomized_smoothing,Base,123,66,0,415,19,0.962,1.0,0.7764705882352941,0.8741721854304636,0.888235294117647
primary_44_DecisionBoundary_randomized_smoothing_Base,44,DecisionBoundary,randomized_smoothing,Base,124,64,0,415,21,0.958,1.0,0.7529411764705882,0.8590604026845637,0.8764705882352941
primary_44_DecisionBoundary_randomized_smoothing_Base,44,DecisionBoundary,randomized_smoothing,Base,125,71,0,415,14,0.972,1.0,0.8352941176470589,0.9102564102564102,0.9176470588235295
primary_44_DecisionBoundary_randomized_smoothing_Base,44,DecisionBoundary,randomized_smoothing,Base,126,74,0,415,11,0.978,1.0,0.8705882352941177,0.9308176100628931,0.9352941176470588
primary_44_DecisionBoundary_randomized_smoothing_Base,44,DecisionBoundary,randomized_smoothing,Base,127,62,0,415,23,0.954,1.0,0.7294117647058823,0.8435374149659863,0.8647058823529412
primary_44_DecisionBoundary_randomized_smoothing_Base,44,DecisionBoundary,randomized_smoothing,Base,128,71,0,415,14,0.972,1.0,0.8352941176470589,0.9102564102564102,0.9176470588235295
primary_44_DecisionBoundary_randomized_smoothing_Base,44,DecisionBoundary,randomized_smoothing,Base,129,67,0,415,18,0.964,1.0,0.788235294117647,0.8815789473684211,0.8941176470588235
primary_44_DecisionBoundary_randomized_smoothing_Base,44,DecisionBoundary,randomized_smoothing,Base,130,72,0,415,13,0.974,1.0,0.8470588235294118,0.9171974522292993,0.9235294117647059
primary_44_DecisionBoundary_randomized_smoothing_Base,44,DecisionBoundary,randomized_smoothing,Base,131,63,0,415,22,0.956,1.0,0.7411764705882353,0.8513513513513514,0.8705882352941177
primary_44_DecisionBoundary_randomized_smoothing_Base,44,DecisionBoundary,randomized_smoothing,Base,132,64,0,415,21,0.958,1.0,0.7529411764705882,0.8590604026845637,0.8764705882352941
primary_44_DecisionBoundary_randomized_smoothing_Base,44,DecisionBoundary,randomized_smoothing,Base,133,67,0,415,18,0.964,1.0,0.788235294117647,0.8815789473684211,0.8941176470588235
primary_44_DecisionBoundary_randomized_smoothing_Base,44,DecisionBoundary,randomized_smoothing,Base,134,62,0,415,23,0.954,1.0,0.7294117647058823,0.8435374149659863,0.8647058823529412
primary_44_DecisionBoundary_randomized_smoothing_Base,44,DecisionBoundary,randomized_smoothing,Base,135,66,0,415,19,0.962,1.0,0.7764705882352941,0.8741721854304636,0.888235294117647
primary_44_DecisionBoundary_randomized_smoothing_Base,44,DecisionBoundary,randomized_smoothing,Base,136,68,0,415,17,0.966,1.0,0.8,0.888888888888889,0.9
primary_44_DecisionBoundary_randomized_smoothing_Base,44,DecisionBoundary,randomized_smoothing,Base,137,67,0,415,18,0.964,1.0,0.788235294117647,0.8815789473684211,0.8941176470588235
primary_44_DecisionBoundary_randomized_smoothing_Base,44,DecisionBoundary,randomized_smoothing,Base,138,70,0,415,15,0.97,1.0,0.8235294117647058,0.9032258064516129,0.9117647058823529
primary_44_DecisionBoundary_randomized_smoothing_Base,44,DecisionBoundary,randomized_smoothing,Base,139,67,0,415,18,0.964,1.0,0.788235294117647,0.8815789473684211,0.8941176470588235
primary_44_DecisionBoundary_randomized_smoothing_Base,44,DecisionBoundary,randomized_smoothing,Base,140,67,0,415,18,0.964,1.0,0.788235294117647,0.8815789473684211,0.8941176470588235
primary_44_DecisionBoundary_randomized_smoothing_Base,44,DecisionBoundary,randomized_smoothing,Base,141,67,0,415,18,0.964,1.0,0.788235294117647,0.8815789473684211,0.8941176470588235
primary_44_DecisionBoundary_randomized_smoothing_Base,44,DecisionBoundary,randomized_smoothing,Base,142,69,0,415,16,0.968,1.0,0.8117647058823529,0.8961038961038961,0.9058823529411765
primary_44_DecisionBoundary_randomized_smoothing_Base,44,DecisionBoundary,randomized_smoothing,Base,143,70,0,415,15,0.97,1.0,0.8235294117647058,0.9032258064516129,0.9117647058823529
primary_44_DecisionBoundary_randomized_smoothing_C1,44,DecisionBoundary,randomized_smoothing,C1,0,73,0,414,13,0.974,1.0,0.8488372093023255,0.9182389937106918,0.9244186046511628
primary_44_DecisionBoundary_randomized_smoothing_C1,44,DecisionBoundary,randomized_smoothing,C1,1,68,0,414,18,0.964,1.0,0.7906976744186046,0.8831168831168831,0.8953488372093024
primary_44_DecisionBoundary_randomized_smoothing_C1,44,DecisionBoundary,randomized_smoothing,C1,2,76,1,413,10,0.978,0.987012987012987,0.8837209302325582,0.9325153374233128,0.94065273564768
primary_44_DecisionBoundary_randomized_smoothing_C1,44,DecisionBoundary,randomized_smoothing,C1,3,84,0,414,2,0.996,1.0,0.9767441860465116,0.988235294117647,0.9883720930232558
primary_44_DecisionBoundary_randomized_smoothing_C1,44,DecisionBoundary,randomized_smoothing,C1,4,84,1,413,2,0.994,0.9882352941176471,0.9767441860465116,0.9824561403508771,0.9871643635546568
primary_44_DecisionBoundary_randomized_smoothing_C1,44,DecisionBoundary,randomized_smoothing,C1,5,77,0,414,9,0.982,1.0,0.8953488372093024,0.9447852760736196,0.9476744186046512
primary_44_DecisionBoundary_randomized_smoothing_C1,44,DecisionBoundary,randomized_smoothing,C1,6,79,0,414,7,0.986,1.0,0.9186046511627907,0.9575757575757576,0.9593023255813953
primary_44_DecisionBoundary_randomized_smoothing_C1,44,DecisionBoundary,randomized_smoothing,C1,7,77,0,414,9,0.982,1.0,0.8953488372093024,0.9447852760736196,0.9476744186046512
primary_44_DecisionBoundary_randomized_smoothing_C1,44,DecisionBoundary,randomized_smoothing,C1,8,77,0,414,9,0.982,1.0,0.8953488372093024,0.9447852760736196,0.9476744186046512
primary_44_DecisionBoundary_randomized_smoothing_C1,44,DecisionBoundary,randomized_smoothing,C1,9,84,0,414,2,0.996,1.0,0.9767441860465116,0.988235294117647,0.9883720930232558
primary_44_DecisionBoundary_randomized_smoothing_C1,44,DecisionBoundary,randomized_smoothing,C1,10,80,1,413,6,0.986,0.9876543209876543,0.9302325581395349,0.9580838323353293,0.9639085496011683
primary_44_DecisionBoundary_randomized_smoothing_C1,44,DecisionBoundary,randomized_smoothing,C1,11,80,0,414,6,0.988,1.0,0.9302325581395349,0.963855421686747,0.9651162790697674
primary_44_DecisionBoundary_randomized_smoothing_C1,44,DecisionBoundary,randomized_smoothing,C1,12,83,0,414,3,0.994,1.0,0.9651162790697675,0.9822485207100593,0.9825581395348837
primary_44_DecisionBoundary_randomized_smoothing_C1,44,DecisionBoundary,randomized_smoothing,C1,13,84,0,414,2,0.996,1.0,0.9767441860465116,0.988235294117647,0.9883720930232558
primary_44_DecisionBoundary_randomized_smoothing_C1,44,DecisionBoundary,randomized_smoothing,C1,14,82,1,413,4,0.99,0.9879518072289156,0.9534883720930233,0.9704142011834319,0.9755364565779125
primary_44_DecisionBoundary_randomized_smoothing_C1,44,DecisionBoundary,randomized_smoothing,C1,15,81,0,414,5,0.99,1.0,0.9418604651162791,0.970059880239521,0.9709302325581395
primary_44_DecisionBoundary_randomized_smoothing_C1,44,DecisionBoundary,randomized_smoothing,C1,16,77,1,413,9,0.98,0.9871794871794872,0.8953488372093024,0.9390243902439025,0.9464666891360521
primary_44_DecisionBoundary_randomized_smoothing_C1,44,DecisionBoundary,randomized_smoothing,C1,17,82,0,415,3,0.994,1.0,0.9647058823529412,0.9820359281437125,0.9823529411764707
primary_44_DecisionBoundary_randomized_smoothing_C1,44,DecisionBoundary,randomized_smoothing,C1,18,78,0,415,7,0.986,1.0,0.9176470588235294,0.9570552147239264,0.9588235294117646
primary_44_DecisionBoundary_randomized_smoothing_C1,44,DecisionBoundary,randomized_smoothing,C1,19,82,0,415,3,0.994,1.0,0.9647058823529412,0.9820359281437125,0.9823529411764707
primary_44_DecisionBoundary_randomized_smoothing_C1,44,DecisionBoundary,randomized_smoothing,C1,20,74,1,414,11,0.976,0.9866666666666667,0.8705882352941177,0.925,0.9340892983699505
primary_44_DecisionBoundary_randomized_smoothing_C1,44,DecisionBoundary,randomized_smoothing,C1,21,72,1,414,13,0.972,0.9863013698630136,0.8470588235294118,0.9113924050632911,0.9223245924875975
primary_44_DecisionBoundary_randomized_smoothing_C1,44,DecisionBoundary,randomized_smoothing,C1,22,75,0,415,10,0.98,1.0,0.8823529411764706,0.9375,0.9411764705882353
primary_44_DecisionBoundary_randomized_smoothing_C1,44,DecisionBoundary,randomized_smoothing,C1,23,81,0,415,4,0.992,1.0,0.9529411764705882,0.9759036144578312,0.9764705882352941
primary_44_DecisionBoundary_randomized_smoothing_C1,44,DecisionBoundary,randomized_smoothing,C1,24,79,1,414,6,0.986,0.9875,0.9294117647058824,0.9575757575757576,0.9635010630758327
primary_44_DecisionBoundary_randomized_smoothing_C1,44,DecisionBoundary,randomized_smoothing,C1,25,75,0,415,10,0.98,1.0,0.8823529411764706,0.9375,0.9411764705882353
primary_44_DecisionBoundary_randomized_smoothing_C1,44,DecisionBoundary,randomized_smoothing,C1,26,77,0,415,8,0.984,1.0,0.9058823529411765,0.9506172839506173,0.9529411764705882
primary_44_DecisionBoundary_randomized_smoothing_C1,44,DecisionBoundary,randomized_smoothing,C1,27,76,0,415,9,0.982,1.0,0.8941176470588236,0.9440993788819877,0.9470588235294117
primary_44_DecisionBoundary_randomized_smoothing_C1,44,DecisionBoundary,randomized_smoothing,C1,28,78,0,415,7,0.986,1.0,0.9176470588235294,0.9570552147239264,0.9588235294117646
primary_44_DecisionBoundary_randomized_smoothing_C1,44,DecisionBoundary,randomized_smoothing,C1,29,79,0,415,6,0.988,1.0,0.9294117647058824,0.9634146341463414,0.9647058823529412
primary_44_DecisionBoundary_randomized_smoothing_C1,44,DecisionBoundary,randomized_smoothing,C1,30,78,0,415,7,0.986,1.0,0.9176470588235294,0.9570552147239264,0.9588235294117646
primary_44_DecisionBoundary_randomized_smoothing_C1,44,DecisionBoundary,randomized_smoothing,C1,31,77,1,414,8,0.982,0.9871794871794872,0.9058823529411765,0.9447852760736197,0.9517363571934798
primary_44_DecisionBoundary_randomized_smoothing_C1,44,DecisionBoundary,randomized_smoothing,C1,32,80,0,415,5,0.99,1.0,0.9411764705882353,0.9696969696969697,0.9705882352941176
primary_44_DecisionBoundary_randomized_smoothing_C1,44,DecisionBoundary,randomized_smoothing,C1,33,80,0,415,5,0.99,1.0,0.9411764705882353,0.9696969696969697,0.9705882352941176
primary_44_DecisionBoundary_randomized_smoothing_C1,44,DecisionBoundary,randomized_smoothing,C1,34,77,1,414,8,0.982,0.9871794871794872,0.9058823529411765,0.9447852760736197,0.9517363571934798
primary_44_DecisionBoundary_randomized_smoothing_C1,44,DecisionBoundary,randomized_smoothing,C1,35,75,0,415,10,0.98,1.0,0.8823529411764706,0.9375,0.9411764705882353
primary_44_DecisionBoundary_randomized_smoothing_C1,44,DecisionBoundary,randomized_smoothing,C1,36,78,0,415,7,0.986,1.0,0.9176470588235294,0.9570552147239264,0.9588235294117646
primary_44_DecisionBoundary_randomized_smoothing_C1,44,DecisionBoundary,randomized_smoothing,C1,37,81,1,414,4,0.99,0.9878048780487805,0.9529411764705882,0.9700598802395209,0.9752657689581856
primary_44_DecisionBoundary_randomized_smoothing_C1,44,DecisionBoundary,randomized_smoothing,C1,38,79,0,415,6,0.988,1.0,0.9294117647058824,0.9634146341463414,0.9647058823529412
primary_44_DecisionBoundary_randomized_smoothing_C1,44,DecisionBoundary,randomized_smoothing,C1,39,79,0,415,6,0.988,1.0,0.9294117647058824,0.9634146341463414,0.9647058823529412
primary_44_DecisionBoundary_randomized_smoothing_C1,44,DecisionBoundary,randomized_smoothing,C1,40,81,0,415,4,0.992,1.0,0.9529411764705882,0.9759036144578312,0.9764705882352941
primary_44_DecisionBoundary_randomized_smoothing_C1,44,DecisionBoundary,randomized_smoothing,C1,41,80,1,414,5,0.988,0.9876543209876543,0.9411764705882353,0.963855421686747,0.9693834160170092
primary_44_DecisionBoundary_randomized_smoothing_C1,44,DecisionBoundary,randomized_smoothing,C1,42,80,0,415,5,0.99,1.0,0.9411764705882353,0.9696969696969697,0.9705882352941176
primary_44_DecisionBoundary_randomized_smoothing_C1,44,DecisionBoundary,randomized_smoothing,C1,43,75,1,414,10,0.978,0.9868421052631579,0.8823529411764706,0.9316770186335402,0.9399716513111269
primary_44_DecisionBoundary_randomized_smoothing_C1,44,DecisionBoundary,randomized_smoothing,C1,44,78,0,415,7,0.986,1.0,0.9176470588235294,0.9570552147239264,0.9588235294117646
primary_44_DecisionBoundary_randomized_smoothing_C1,44,DecisionBoundary,randomized_smoothing,C1,45,78,0,415,7,0.986,1.0,0.9176470588235294,0.9570552147239264,0.9588235294117646
primary_44_DecisionBoundary_randomized_smoothing_C1,44,DecisionBoundary,randomized_smoothing,C1,46,81,2,413,4,0.988,0.9759036144578314,0.9529411764705882,0.9642857142857143,0.9740609496810773
primary_44_DecisionBoundary_randomized_smoothing_C1,44,DecisionBoundary,randomized_smoothing,C1,47,75,0,415,10,0.98,1.0,0.8823529411764706,0.9375,0.9411764705882353
primary_44_DecisionBoundary_randomized_smoothing_C1,44,DecisionBoundary,randomized_smoothing,C1,48,81,0,415,4,0.992,1.0,0.9529411764705882,0.9759036144578312,0.9764705882352941
primary_44_DecisionBoundary_randomized_smoothing_C1,44,DecisionBoundary,randomized_smoothing,C1,49,76,0,415,9,0.982,1.0,0.8941176470588236,0.9440993788819877,0.9470588235294117
primary_44_DecisionBoundary_randomized_smoothing_C1,44,DecisionBoundary,randomized_smoothing,C1,50,78,0,415,7,0.986,1.0,0.9176470588235294,0.9570552147239264,0.9588235294117646
primary_44_DecisionBoundary_randomized_smoothing_C1,44,DecisionBoundary,randomized_smoothing,C1,51,79,1,414,6,0.986,0.9875,0.9294117647058824,0.9575757575757576,0.9635010630758327
primary_44_DecisionBoundary_randomized_smoothing_C1,44,DecisionBoundary,randomized_smoothing,C1,52,79,1,414,6,0.986,0.9875,0.9294117647058824,0.9575757575757576,0.9635010630758327
primary_44_DecisionBoundary_randomized_smoothing_C1,44,DecisionBoundary,randomized_smoothing,C1,53,76,1,414,9,0.98,0.987012987012987,0.8941176470588236,0.9382716049382716,0.9458540042523034
primary_44_DecisionBoundary_randomized_smoothing_C1,44,DecisionBoundary,randomized_smoothing,C1,54,81,0,415,4,0.992,1.0,0.9529411764705882,0.9759036144578312,0.9764705882352941
primary_44_DecisionBoundary_randomized_smoothing_C1,44,DecisionBoundary,randomized_smoothing,C1,55,78,0,415,7,0.986,1.0,0.9176470588235294,0.9570552147239264,0.9588235294117646
primary_44_DecisionBoundary_randomized_smoothing_C1,44,DecisionBoundary,randomized_smoothing,C1,56,77,0,415,8,0.984,1.0,0.9058823529411765,0.9506172839506173,0.9529411764705882
primary_44_DecisionBoundary_randomized_smoothing_C1,44,DecisionBoundary,randomized_smoothing,C1,57,80,1,414,5,0.988,0.9876543209876543,0.9411764705882353,0.963855421686747,0.9693834160170092
primary_44_DecisionBoundary_randomized_smoothing_C1,44,DecisionBoundary,randomized_smoothing,C1,58,82,2,413,3,0.99,0.9761904761904762,0.9647058823529412,0.9704142011834319,0.9799433026222537
primary_44_DecisionBoundary_randomized_smoothing_C1,44,DecisionBoundary,randomized_smoothing,C1,59,77,0,415,8,0.984,1.0,0.9058823529411765,0.9506172839506173,0.9529411764705882
primary_44_DecisionBoundary_randomized_smoothing_C1,44,DecisionBoundary,randomized_smoothing,C1,60,80,0,415,5,0.99,1.0,0.9411764705882353,0.9696969696969697,0.9705882352941176
primary_44_DecisionBoundary_randomized_smoothing_C1,44,DecisionBoundary,randomized_smoothing,C1,61,78,0,415,7,0.986,1.0,0.9176470588235294,0.9570552147239264,0.9588235294117646
primary_44_DecisionBoundary_randomized_smoothing_C1,44,DecisionBoundary,randomized_smoothing,C1,62,79,0,415,6,0.988,1.0,0.9294117647058824,0.9634146341463414,0.9647058823529412
primary_44_DecisionBoundary_randomized_smoothing_C1,44,DecisionBoundary,randomized_smoothing,C1,63,76,0,415,9,0.982,1.0,0.8941176470588236,0.9440993788819877,0.9470588235294117
primary_44_DecisionBoundary_randomized_smoothing_C1,44,DecisionBoundary,randomized_smoothing,C1,64,76,0,415,9,0.982,1.0,0.8941176470588236,0.9440993788819877,0.9470588235294117
primary_44_DecisionBoundary_randomized_smoothing_C1,44,DecisionBoundary,randomized_smoothing,C1,65,77,2,413,8,0.98,0.9746835443037974,0.9058823529411765,0.9390243902439025,0.9505315379163713
primary_44_DecisionBoundary_randomized_smoothing_C1,44,DecisionBoundary,randomized_smoothing,C1,66,81,1,414,4,0.99,0.9878048780487805,0.9529411764705882,0.9700598802395209,0.9752657689581856
primary_44_DecisionBoundary_randomized_smoothing_C1,44,DecisionBoundary,randomized_smoothing,C1,67,79,0,415,6,0.988,1.0,0.9294117647058824,0.9634146341463414,0.9647058823529412
primary_44_DecisionBoundary_randomized_smoothing_C1,44,DecisionBoundary,randomized_smoothing,C1,68,78,0,415,7,0.986,1.0,0.9176470588235294,0.9570552147239264,0.9588235294117646
primary_44_DecisionBoundary_randomized_smoothing_C1,44,DecisionBoundary,randomized_smoothing,C1,69,79,2,413,6,0.984,0.9753086419753086,0.9294117647058824,0.9518072289156626,0.9622962437987244
primary_44_DecisionBoundary_randomized_smoothing_C1,44,DecisionBoundary,randomized_smoothing,C1,70,79,0,415,6,0.988,1.0,0.9294117647058824,0.9634146341463414,0.9647058823529412
primary_44_DecisionBoundary_randomized_smoothing_C1,44,DecisionBoundary,randomized_smoothing,C1,71,78,0,415,7,0.986,1.0,0.9176470588235294,0.9570552147239264,0.9588235294117646
primary_44_DecisionBoundary_randomized_smoothing_C1,44,DecisionBoundary,randomized_smoothing,C1,72,76,1,414,9,0.98,0.987012987012987,0.8941176470588236,0.9382716049382716,0.9458540042523034
primary_44_DecisionBoundary_randomized_smoothing_C1,44,DecisionBoundary,randomized_smoothing,C1,73,75,1,414,10,0.978,0.9868421052631579,0.8823529411764706,0.9316770186335402,0.9399716513111269
primary_44_DecisionBoundary_randomized_smoothing_C1,44,DecisionBoundary,randomized_smoothing,C1,74,81,0,415,4,0.992,1.0,0.9529411764705882,0.9759036144578312,0.9764705882352941
primary_44_DecisionBoundary_randomized_smoothing_C1,44,DecisionBoundary,randomized_smoothing,C1,75,76,0,415,9,0.982,1.0,0.8941176470588236,0.9440993788819877,0.9470588235294117
primary_44_DecisionBoundary_randomized_smoothing_C1,44,DecisionBoundary,randomized_smoothing,C1,76,80,1,414,5,0.988,0.9876543209876543,0.9411764705882353,0.963855421686747,0.9693834160170092
primary_44_DecisionBoundary_randomized_smoothing_C1,44,DecisionBoundary,randomized_smoothing,C1,77,78,0,415,7,0.986,1.0,0.9176470588235294,0.9570552147239264,0.9588235294117646
primary_44_DecisionBoundary_randomized_smoothing_C1,44,DecisionBoundary,randomized_smoothing,C1,78,82,1,414,3,0.992,0.9879518072289156,0.9647058823529412,0.9761904761904762,0.9811481218993622
primary_44_DecisionBoundary_randomized_smoothing_C1,44,DecisionBoundary,randomized_smoothing,C1,79,79,0,415,6,0.988,1.0,0.9294117647058824,0.9634146341463414,0.9647058823529412
primary_44_DecisionBoundary_randomized_smoothing_C1,44,DecisionBoundary,randomized_smoothing,C1,80,78,0,415,7,0.986,1.0,0.9176470588235294,0.9570552147239264,0.9588235294117646
primary_44_DecisionBoundary_randomized_smoothing_C1,44,DecisionBoundary,randomized_smoothing,C1,81,72,0,415,13,0.974,1.0,0.8470588235294118,0.9171974522292993,0.9235294117647059
primary_44_DecisionBoundary_randomized_smoothing_C1,44,DecisionBoundary,randomized_smoothing,C1,82,79,1,414,6,0.986,0.9875,0.9294117647058824,0.9575757575757576,0.9635010630758327
primary_44_DecisionBoundary_randomized_smoothing_C1,44,DecisionBoundary,randomized_smoothing,C1,83,76,0,415,9,0.982,1.0,0.8941176470588236,0.9440993788819877,0.9470588235294117
primary_44_DecisionBoundary_randomized_smoothing_C1,44,DecisionBoundary,randomized_smoothing,C1,84,76,0,415,9,0.982,1.0,0.8941176470588236,0.9440993788819877,0.9470588235294117
primary_44_DecisionBoundary_randomized_smoothing_C1,44,DecisionBoundary,randomized_smoothing,C1,85,81,1,414,4,0.99,0.9878048780487805,0.9529411764705882,0.9700598802395209,0.9752657689581856
primary_44_DecisionBoundary_randomized_smoothing_C1,44,DecisionBoundary,randomized_smoothing,C1,86,76,2,413,9,0.978,0.9743589743589743,0.8941176470588236,0.9325153374233129,0.9446491849751949
primary_44_DecisionBoundary_randomized_smoothing_C1,44,DecisionBoundary,randomized_smoothing,C1,87,77,0,415,8,0.984,1.0,0.9058823529411765,0.9506172839506173,0.9529411764705882
primary_44_DecisionBoundary_randomized_smoothing_C1,44,DecisionBoundary,randomized_smoothing,C1,88,80,0,415,5,0.99,1.0,0.9411764705882353,0.9696969696969697,0.9705882352941176
primary_44_DecisionBoundary_randomized_smoothing_C1,44,DecisionBoundary,randomized_smoothing,C1,89,79,1,414,6,0.986,0.9875,0.9294117647058824,0.9575757575757576,0.9635010630758327
primary_44_DecisionBoundary_randomized_smoothing_C1,44,DecisionBoundary,randomized_smoothing,C1,90,81,1,414,4,0.99,0.9878048780487805,0.9529411764705882,0.9700598802395209,0.9752657689581856
primary_44_DecisionBoundary_randomized_smoothing_C1,44,DecisionBoundary,randomized_smoothing,C1,91,77,2,413,8,0.98,0.9746835443037974,0.9058823529411765,0.9390243902439025,0.9505315379163713
primary_44_DecisionBoundary_randomized_smoothing_C1,44,DecisionBoundary,randomized_smoothing,C1,92,80,0,415,5,0.99,1.0,0.9411764705882353,0.9696969696969697,0.9705882352941176
primary_44_DecisionBoundary_randomized_smoothing_C1,44,DecisionBoundary,randomized_smoothing,C1,93,78,0,415,7,0.986,1.0,0.9176470588235294,0.9570552147239264,0.9588235294117646
primary_44_DecisionBoundary_randomized_smoothing_C1,44,DecisionBoundary,randomized_smoothing,C1,94,81,0,415,4,0.992,1.0,0.9529411764705882,0.9759036144578312,0.9764705882352941
primary_44_DecisionBoundary_randomized_smoothing_C1,44,DecisionBoundary,randomized_smoothing,C1,95,82,1,414,3,0.992,0.9879518072289156,0.9647058823529412,0.9761904761904762,0.9811481218993622
primary_44_DecisionBoundary_randomized_smoothing_C1,44,DecisionBoundary,randomized_smoothing,C1,96,84,0,415,1,0.998,1.0,0.9882352941176471,0.9940828402366864,0.9941176470588236
primary_44_DecisionBoundary_randomized_smoothing_C1,44,DecisionBoundary,randomized_smoothing,C1,97,76,1,414,9,0.98,0.987012987012987,0.8941176470588236,0.9382716049382716,0.9458540042523034
primary_44_DecisionBoundary_randomized_smoothing_C1,44,DecisionBoundary,randomized_smoothing,C1,98,79,0,415,6,0.988,1.0,0.9294117647058824,0.9634146341463414,0.9647058823529412
primary_44_DecisionBoundary_randomized_smoothing_C1,44,DecisionBoundary,randomized_smoothing,C1,99,82,1,414,3,0.992,0.9879518072289156,0.9647058823529412,0.9761904761904762,0.9811481218993622
primary_44_DecisionBoundary_randomized_smoothing_C1,44,DecisionBoundary,randomized_smoothing,C1,100,80,1,414,5,0.988,0.9876543209876543,0.9411764705882353,0.963855421686747,0.9693834160170092
primary_44_DecisionBoundary_randomized_smoothing_C1,44,DecisionBoundary,randomized_smoothing,C1,101,78,0,415,7,0.986,1.0,0.9176470588235294,0.9570552147239264,0.9588235294117646
primary_44_DecisionBoundary_randomized_smoothing_C1,44,DecisionBoundary,randomized_smoothing,C1,102,81,0,415,4,0.992,1.0,0.9529411764705882,0.9759036144578312,0.9764705882352941
primary_44_DecisionBoundary_randomized_smoothing_C1,44,DecisionBoundary,randomized_smoothing,C1,103,79,0,415,6,0.988,1.0,0.9294117647058824,0.9634146341463414,0.9647058823529412
primary_44_DecisionBoundary_randomized_smoothing_C1,44,DecisionBoundary,randomized_smoothing,C1,104,80,0,415,5,0.99,1.0,0.9411764705882353,0.9696969696969697,0.9705882352941176
primary_44_DecisionBoundary_randomized_smoothing_C1,44,DecisionBoundary,randomized_smoothing,C1,105,81,0,415,4,0.992,1.0,0.9529411764705882,0.9759036144578312,0.9764705882352941
primary_44_DecisionBoundary_randomized_smoothing_C1,44,DecisionBoundary,randomized_smoothing,C1,106,78,0,415,7,0.986,1.0,0.9176470588235294,0.9570552147239264,0.9588235294117646
primary_44_DecisionBoundary_randomized_smoothing_C1,44,DecisionBoundary,randomized_smoothing,C1,107,77,0,415,8,0.984,1.0,0.9058823529411765,0.9506172839506173,0.9529411764705882
primary_44_DecisionBoundary_randomized_smoothing_C1,44,DecisionBoundary,randomized_smoothing,C1,108,79,0,415,6,0.988,1.0,0.9294117647058824,0.9634146341463414,0.9647058823529412
primary_44_DecisionBoundary_randomized_smoothing_C1,44,DecisionBoundary,randomized_smoothing,C1,109,78,0,415,7,0.986,1.0,0.9176470588235294,0.9570552147239264,0.9588235294117646
primary_44_DecisionBoundary_randomized_smoothing_C1,44,DecisionBoundary,randomized_smoothing,C1,110,77,1,414,8,0.982,0.9871794871794872,0.9058823529411765,0.9447852760736197,0.9517363571934798
primary_44_DecisionBoundary_randomized_smoothing_C1,44,DecisionBoundary,randomized_smoothing,C1,111,83,1,414,2,0.994,0.9880952380952381,0.9764705882352941,0.9822485207100591,0.9870304748405386
primary_44_DecisionBoundary_randomized_smoothing_C1,44,DecisionBoundary,randomized_smoothing,C1,112,79,1,414,6,0.986,0.9875,0.9294117647058824,0.9575757575757576,0.9635010630758327
primary_44_DecisionBoundary_randomized_smoothing_C1,44,DecisionBoundary,randomized_smoothing,C1,113,79,1,414,6,0.986,0.9875,0.9294117647058824,0.9575757575757576,0.9635010630758327
primary_44_DecisionBoundary_randomized_smoothing_C1,44,DecisionBoundary,randomized_smoothing,C1,114,78,0,415,7,0.986,1.0,0.9176470588235294,0.9570552147239264,0.9588235294117646
primary_44_DecisionBoundary_randomized_smoothing_C1,44,DecisionBoundary,randomized_smoothing,C1,115,76,0,415,9,0.982,1.0,0.8941176470588236,0.9440993788819877,0.9470588235294117
primary_44_DecisionBoundary_randomized_smoothing_C1,44,DecisionBoundary,randomized_smoothing,C1,116,76,1,414,9,0.98,0.987012987012987,0.8941176470588236,0.9382716049382716,0.9458540042523034
primary_44_DecisionBoundary_randomized_smoothing_C1,44,DecisionBoundary,randomized_smoothing,C1,117,80,0,415,5,0.99,1.0,0.9411764705882353,0.9696969696969697,0.9705882352941176
primary_44_DecisionBoundary_randomized_smoothing_C1,44,DecisionBoundary,randomized_smoothing,C1,118,75,1,414,10,0.978,0.9868421052631579,0.8823529411764706,0.9316770186335402,0.9399716513111269
primary_44_DecisionBoundary_randomized_smoothing_C1,44,DecisionBoundary,randomized_smoothing,C1,119,78,0,415,7,0.986,1.0,0.9176470588235294,0.9570552147239264,0.9588235294117646
primary_44_DecisionBoundary_randomized_smoothing_C1,44,DecisionBoundary,randomized_smoothing,C1,120,82,0,415,3,0.994,1.0,0.9647058823529412,0.9820359281437125,0.9823529411764707
primary_44_DecisionBoundary_randomized_smoothing_C1,44,DecisionBoundary,randomized_smoothing,C1,121,78,0,415,7,0.986,1.0,0.9176470588235294,0.9570552147239264,0.9588235294117646
primary_44_DecisionBoundary_randomized_smoothing_C1,44,DecisionBoundary,randomized_smoothing,C1,122,79,0,415,6,0.988,1.0,0.9294117647058824,0.9634146341463414,0.9647058823529412
primary_44_DecisionBoundary_randomized_smoothing_C1,44,DecisionBoundary,randomized_smoothing,C1,123,75,0,415,10,0.98,1.0,0.8823529411764706,0.9375,0.9411764705882353
primary_44_DecisionBoundary_randomized_smoothing_C1,44,DecisionBoundary,randomized_smoothing,C1,124,78,1,414,7,0.984,0.9873417721518988,0.9176470588235294,0.9512195121951219,0.9576187101346563
primary_44_DecisionBoundary_randomized_smoothing_C1,44,DecisionBoundary,randomized_smoothing,C1,125,81,2,413,4,0.988,0.9759036144578314,0.9529411764705882,0.9642857142857143,0.9740609496810773
primary_44_DecisionBoundary_randomized_smoothing_C1,44,DecisionBoundary,randomized_smoothing,C1,126,82,0,415,3,0.994,1.0,0.9647058823529412,0.9820359281437125,0.9823529411764707
primary_44_DecisionBoundary_randomized_smoothing_C1,44,DecisionBoundary,randomized_smoothing,C1,127,76,0,415,9,0.982,1.0,0.8941176470588236,0.9440993788819877,0.9470588235294117
primary_44_DecisionBoundary_randomized_smoothing_C1,44,DecisionBoundary,randomized_smoothing,C1,128,81,0,415,4,0.992,1.0,0.9529411764705882,0.9759036144578312,0.9764705882352941
primary_44_DecisionBoundary_randomized_smoothing_C1,44,DecisionBoundary,randomized_smoothing,C1,129,77,0,415,8,0.984,1.0,0.9058823529411765,0.9506172839506173,0.9529411764705882
primary_44_DecisionBoundary_randomized_smoothing_C1,44,DecisionBoundary,randomized_smoothing,C1,130,81,0,415,4,0.992,1.0,0.9529411764705882,0.9759036144578312,0.9764705882352941
primary_44_DecisionBoundary_randomized_smoothing_C1,44,DecisionBoundary,randomized_smoothing,C1,131,79,1,414,6,0.986,0.9875,0.9294117647058824,0.9575757575757576,0.9635010630758327
primary_44_DecisionBoundary_randomized_smoothing_C1,44,DecisionBoundary,randomized_smoothing,C1,132,76,0,415,9,0.982,1.0,0.8941176470588236,0.9440993788819877,0.9470588235294117
primary_44_DecisionBoundary_randomized_smoothing_C1,44,DecisionBoundary,randomized_smoothing,C1,133,78,1,414,7,0.984,0.9873417721518988,0.9176470588235294,0.9512195121951219,0.9576187101346563
primary_44_DecisionBoundary_randomized_smoothing_C1,44,DecisionBoundary,randomized_smoothing,C1,134,76,0,415,9,0.982,1.0,0.8941176470588236,0.9440993788819877,0.9470588235294117
primary_44_DecisionBoundary_randomized_smoothing_C1,44,DecisionBoundary,randomized_smoothing,C1,135,81,0,415,4,0.992,1.0,0.9529411764705882,0.9759036144578312,0.9764705882352941
primary_44_DecisionBoundary_randomized_smoothing_C1,44,DecisionBoundary,randomized_smoothing,C1,136,78,0,415,7,0.986,1.0,0.9176470588235294,0.9570552147239264,0.9588235294117646
primary_44_DecisionBoundary_randomized_smoothing_C1,44,DecisionBoundary,randomized_smoothing,C1,137,77,2,413,8,0.98,0.9746835443037974,0.9058823529411765,0.9390243902439025,0.9505315379163713
primary_44_DecisionBoundary_randomized_smoothing_C1,44,DecisionBoundary,randomized_smoothing,C1,138,82,0,415,3,0.994,1.0,0.9647058823529412,0.9820359281437125,0.9823529411764707
primary_44_DecisionBoundary_randomized_smoothing_C1,44,DecisionBoundary,randomized_smoothing,C1,139,78,1,414,7,0.984,0.9873417721518988,0.9176470588235294,0.9512195121951219,0.9576187101346563
primary_44_DecisionBoundary_randomized_smoothing_C1,44,DecisionBoundary,randomized_smoothing,C1,140,77,0,415,8,0.984,1.0,0.9058823529411765,0.9506172839506173,0.9529411764705882
primary_44_DecisionBoundary_randomized_smoothing_C1,44,DecisionBoundary,randomized_smoothing,C1,141,75,0,415,10,0.98,1.0,0.8823529411764706,0.9375,0.9411764705882353
primary_44_DecisionBoundary_randomized_smoothing_C1,44,DecisionBoundary,randomized_smoothing,C1,142,84,0,415,1,0.998,1.0,0.9882352941176471,0.9940828402366864,0.9941176470588236
primary_44_DecisionBoundary_randomized_smoothing_C1,44,DecisionBoundary,randomized_smoothing,C1,143,79,0,415,6,0.988,1.0,0.9294117647058824,0.9634146341463414,0.9647058823529412
primary_45_SilentProbing_afp_Base,45,SilentProbing,afp,Base,0,68,0,414,18,0.964,1.0,0.7906976744186046,0.8831168831168831,0.8953488372093024
primary_45_SilentProbing_afp_Base,45,SilentProbing,afp,Base,1,63,0,414,23,0.954,1.0,0.7325581395348837,0.8456375838926175,0.8662790697674418
primary_45_SilentProbing_afp_Base,45,SilentProbing,afp,Base,2,74,1,413,12,0.974,0.9866666666666667,0.8604651162790697,0.9192546583850931,0.9290248286709358
primary_45_SilentProbing_afp_Base,45,SilentProbing,afp,Base,3,69,0,414,17,0.966,1.0,0.8023255813953488,0.8903225806451612,0.9011627906976745
primary_45_SilentProbing_afp_Base,45,SilentProbing,afp,Base,4,72,0,414,14,0.972,1.0,0.8372093023255814,0.9113924050632911,0.9186046511627908
primary_45_SilentProbing_afp_Base,45,SilentProbing,afp,Base,5,71,0,414,15,0.97,1.0,0.8255813953488372,0.9044585987261146,0.9127906976744187
primary_45_SilentProbing_afp_Base,45,SilentProbing,afp,Base,6,76,0,414,10,0.98,1.0,0.8837209302325582,0.9382716049382717,0.9418604651162791
primary_45_SilentProbing_afp_Base,45,SilentProbing,afp,Base,7,70,0,414,16,0.968,1.0,0.813953488372093,0.8974358974358974,0.9069767441860466
primary_45_SilentProbing_afp_Base,45,SilentProbing,afp,Base,8,66,0,414,20,0.96,1.0,0.7674418604651163,0.868421052631579,0.8837209302325582
primary_45_SilentProbing_afp_Base,45,SilentProbing,afp,Base,9,67,0,414,19,0.962,1.0,0.7790697674418605,0.8758169934640523,0.8895348837209303
primary_45_SilentProbing_afp_Base,45,SilentProbing,afp,Base,10,72,1,413,14,0.97,0.9863013698630136,0.8372093023255814,0.9056603773584905,0.9173969216941917
primary_45_SilentProbing_afp_Base,45,SilentProbing,afp,Base,11,68,0,414,18,0.964,1.0,0.7906976744186046,0.8831168831168831,0.8953488372093024
primary_45_SilentProbing_afp_Base,45,SilentProbing,afp,Base,12,71,0,414,15,0.97,1.0,0.8255813953488372,0.9044585987261146,0.9127906976744187
primary_45_SilentProbing_afp_Base,45,SilentProbing,afp,Base,13,72,0,414,14,0.972,1.0,0.8372093023255814,0.9113924050632911,0.9186046511627908
primary_45_SilentProbing_afp_Base,45,SilentProbing,afp,Base,14,76,0,414,10,0.98,1.0,0.8837209302325582,0.9382716049382717,0.9418604651162791
primary_45_SilentProbing_afp_Base,45,SilentProbing,afp,Base,15,71,0,414,15,0.97,1.0,0.8255813953488372,0.9044585987261146,0.9127906976744187
primary_45_SilentProbing_afp_Base,45,SilentProbing,afp,Base,16,66,0,414,20,0.96,1.0,0.7674418604651163,0.868421052631579,0.8837209302325582
primary_45_SilentProbing_afp_Base,45,SilentProbing,afp,Base,17,80,0,415,5,0.99,1.0,0.9411764705882353,0.9696969696969697,0.9705882352941176
primary_45_SilentProbing_afp_Base,45,SilentProbing,afp,Base,18,67,0,415,18,0.964,1.0,0.788235294117647,0.8815789473684211,0.8941176470588235
primary_45_SilentProbing_afp_Base,45,SilentProbing,afp,Base,19,70,0,415,15,0.97,1.0,0.8235294117647058,0.9032258064516129,0.9117647058823529
primary_45_SilentProbing_afp_Base,45,SilentProbing,afp,Base,20,64,0,415,21,0.958,1.0,0.7529411764705882,0.8590604026845637,0.8764705882352941
primary_45_SilentProbing_afp_Base,45,SilentProbing,afp,Base,21,63,0,415,22,0.956,1.0,0.7411764705882353,0.8513513513513514,0.8705882352941177
primary_45_SilentProbing_afp_Base,45,SilentProbing,afp,Base,22,70,0,415,15,0.97,1.0,0.8235294117647058,0.9032258064516129,0.9117647058823529
primary_45_SilentProbing_afp_Base,45,SilentProbing,afp,Base,23,72,0,415,13,0.974,1.0,0.8470588235294118,0.9171974522292993,0.9235294117647059
primary_45_SilentProbing_afp_Base,45,SilentProbing,afp,Base,24,69,0,415,16,0.968,1.0,0.8117647058823529,0.8961038961038961,0.9058823529411765
primary_45_SilentProbing_afp_Base,45,SilentProbing,afp,Base,25,69,0,415,16,0.968,1.0,0.8117647058823529,0.8961038961038961,0.9058823529411765
primary_45_SilentProbing_afp_Base,45,SilentProbing,afp,Base,26,63,0,415,22,0.956,1.0,0.7411764705882353,0.8513513513513514,0.8705882352941177
primary_45_SilentProbing_afp_Base,45,SilentProbing,afp,Base,27,64,0,415,21,0.958,1.0,0.7529411764705882,0.8590604026845637,0.8764705882352941
primary_45_SilentProbing_afp_Base,45,SilentProbing,afp,Base,28,69,0,415,16,0.968,1.0,0.8117647058823529,0.8961038961038961,0.9058823529411765
primary_45_SilentProbing_afp_Base,45,SilentProbing,afp,Base,29,65,0,415,20,0.96,1.0,0.7647058823529411,0.8666666666666666,0.8823529411764706
primary_45_SilentProbing_afp_Base,45,SilentProbing,afp,Base,30,69,0,415,16,0.968,1.0,0.8117647058823529,0.8961038961038961,0.9058823529411765
primary_45_SilentProbing_afp_Base,45,SilentProbing,afp,Base,31,68,0,415,17,0.966,1.0,0.8,0.888888888888889,0.9
primary_45_SilentProbing_afp_Base,45,SilentProbing,afp,Base,32,69,0,415,16,0.968,1.0,0.8117647058823529,0.8961038961038961,0.9058823529411765
primary_45_SilentProbing_afp_Base,45,SilentProbing,afp,Base,33,70,0,415,15,0.97,1.0,0.8235294117647058,0.9032258064516129,0.9117647058823529
primary_45_SilentProbing_afp_Base,45,SilentProbing,afp,Base,34,62,1,414,23,0.952,0.9841269841269841,0.7294117647058823,0.8378378378378377,0.8635010630758327
primary_45_SilentProbing_afp_Base,45,SilentProbing,afp,Base,35,63,0,415,22,0.956,1.0,0.7411764705882353,0.8513513513513514,0.8705882352941177
primary_45_SilentProbing_afp_Base,45,SilentProbing,afp,Base,36,67,0,415,18,0.964,1.0,0.788235294117647,0.8815789473684211,0.8941176470588235
primary_45_SilentProbing_afp_Base,45,SilentProbing,afp,Base,37,74,0,415,11,0.978,1.0,0.8705882352941177,0.9308176100628931,0.9352941176470588
primary_45_SilentProbing_afp_Base,45,SilentProbing,afp,Base,38,69,0,415,16,0.968,1.0,0.8117647058823529,0.8961038961038961,0.9058823529411765
primary_45_SilentProbing_afp_Base,45,SilentProbing,afp,Base,39,64,0,415,21,0.958,1.0,0.7529411764705882,0.8590604026845637,0.8764705882352941
primary_45_SilentProbing_afp_Base,45,SilentProbing,afp,Base,40,76,0,415,9,0.982,1.0,0.8941176470588236,0.9440993788819877,0.9470588235294117
primary_45_SilentProbing_afp_Base,45,SilentProbing,afp,Base,41,73,0,415,12,0.976,1.0,0.8588235294117647,0.9240506329113923,0.9294117647058824
primary_45_SilentProbing_afp_Base,45,SilentProbing,afp,Base,42,70,0,415,15,0.97,1.0,0.8235294117647058,0.9032258064516129,0.9117647058823529
primary_45_SilentProbing_afp_Base,45,SilentProbing,afp,Base,43,63,0,415,22,0.956,1.0,0.7411764705882353,0.8513513513513514,0.8705882352941177
primary_45_SilentProbing_afp_Base,45,SilentProbing,afp,Base,44,64,0,415,21,0.958,1.0,0.7529411764705882,0.8590604026845637,0.8764705882352941
primary_45_SilentProbing_afp_Base,45,SilentProbing,afp,Base,45,73,0,415,12,0.976,1.0,0.8588235294117647,0.9240506329113923,0.9294117647058824
primary_45_SilentProbing_afp_Base,45,SilentProbing,afp,Base,46,73,0,415,12,0.976,1.0,0.8588235294117647,0.9240506329113923,0.9294117647058824
primary_45_SilentProbing_afp_Base,45,SilentProbing,afp,Base,47,67,0,415,18,0.964,1.0,0.788235294117647,0.8815789473684211,0.8941176470588235
primary_45_SilentProbing_afp_Base,45,SilentProbing,afp,Base,48,72,0,415,13,0.974,1.0,0.8470588235294118,0.9171974522292993,0.9235294117647059
primary_45_SilentProbing_afp_Base,45,SilentProbing,afp,Base,49,67,1,414,18,0.962,0.9852941176470589,0.788235294117647,0.8758169934640523,0.8929128277817151
primary_45_SilentProbing_afp_Base,45,SilentProbing,afp,Base,50,71,0,415,14,0.972,1.0,0.8352941176470589,0.9102564102564102,0.9176470588235295
primary_45_SilentProbing_afp_Base,45,SilentProbing,afp,Base,51,70,0,415,15,0.97,1.0,0.8235294117647058,0.9032258064516129,0.9117647058823529
primary_45_SilentProbing_afp_Base,45,SilentProbing,afp,Base,52,66,0,415,19,0.962,1.0,0.7764705882352941,0.8741721854304636,0.888235294117647
primary_45_SilentProbing_afp_Base,45,SilentProbing,afp,Base,53,58,0,415,27,0.946,1.0,0.6823529411764706,0.8111888111888113,0.8411764705882353
primary_45_SilentProbing_afp_Base,45,SilentProbing,afp,Base,54,70,0,415,15,0.97,1.0,0.8235294117647058,0.9032258064516129,0.9117647058823529
primary_45_SilentProbing_afp_Base,45,SilentProbing,afp,Base,55,67,0,415,18,0.964,1.0,0.788235294117647,0.8815789473684211,0.8941176470588235
primary_45_SilentProbing_afp_Base,45,SilentProbing,afp,Base,56,67,0,415,18,0.964,1.0,0.788235294117647,0.8815789473684211,0.8941176470588235
primary_45_SilentProbing_afp_Base,45,SilentProbing,afp,Base,57,67,0,415,18,0.964,1.0,0.788235294117647,0.8815789473684211,0.8941176470588235
primary_45_SilentProbing_afp_Base,45,SilentProbing,afp,Base,58,72,0,415,13,0.974,1.0,0.8470588235294118,0.9171974522292993,0.9235294117647059
primary_45_SilentProbing_afp_Base,45,SilentProbing,afp,Base,59,70,0,415,15,0.97,1.0,0.8235294117647058,0.9032258064516129,0.9117647058823529
primary_45_SilentProbing_afp_Base,45,SilentProbing,afp,Base,60,67,0,415,18,0.964,1.0,0.788235294117647,0.8815789473684211,0.8941176470588235
primary_45_SilentProbing_afp_Base,45,SilentProbing,afp,Base,61,69,0,415,16,0.968,1.0,0.8117647058823529,0.8961038961038961,0.9058823529411765
primary_45_SilentProbing_afp_Base,45,SilentProbing,afp,Base,62,64,0,415,21,0.958,1.0,0.7529411764705882,0.8590604026845637,0.8764705882352941
primary_45_SilentProbing_afp_Base,45,SilentProbing,afp,Base,63,71,0,415,14,0.972,1.0,0.8352941176470589,0.9102564102564102,0.9176470588235295
primary_45_SilentProbing_afp_Base,45,SilentProbing,afp,Base,64,66,0,415,19,0.962,1.0,0.7764705882352941,0.8741721854304636,0.888235294117647
primary_45_SilentProbing_afp_Base,45,SilentProbing,afp,Base,65,65,0,415,20,0.96,1.0,0.7647058823529411,0.8666666666666666,0.8823529411764706
primary_45_SilentProbing_afp_Base,45,SilentProbing,afp,Base,66,65,0,415,20,0.96,1.0,0.7647058823529411,0.8666666666666666,0.8823529411764706
primary_45_SilentProbing_afp_Base,45,SilentProbing,afp,Base,67,69,0,415,16,0.968,1.0,0.8117647058823529,0.8961038961038961,0.9058823529411765
primary_45_SilentProbing_afp_Base,45,SilentProbing,afp,Base,68,67,0,415,18,0.964,1.0,0.788235294117647,0.8815789473684211,0.8941176470588235
primary_45_SilentProbing_afp_Base,45,SilentProbing,afp,Base,69,66,1,414,19,0.96,0.9850746268656716,0.7764705882352941,0.8684210526315789,0.8870304748405387
primary_45_SilentProbing_afp_Base,45,SilentProbing,afp,Base,70,69,0,415,16,0.968,1.0,0.8117647058823529,0.8961038961038961,0.9058823529411765
primary_45_SilentProbing_afp_Base,45,SilentProbing,afp,Base,71,71,0,415,14,0.972,1.0,0.8352941176470589,0.9102564102564102,0.9176470588235295
primary_45_SilentProbing_afp_Base,45,SilentProbing,afp,Base,72,69,0,415,16,0.968,1.0,0.8117647058823529,0.8961038961038961,0.9058823529411765
primary_45_SilentProbing_afp_Base,45,SilentProbing,afp,Base,73,69,0,415,16,0.968,1.0,0.8117647058823529,0.8961038961038961,0.9058823529411765
primary_45_SilentProbing_afp_Base,45,SilentProbing,afp,Base,74,75,0,415,10,0.98,1.0,0.8823529411764706,0.9375,0.9411764705882353
primary_45_SilentProbing_afp_Base,45,SilentProbing,afp,Base,75,67,0,415,18,0.964,1.0,0.788235294117647,0.8815789473684211,0.8941176470588235
primary_45_SilentProbing_afp_Base,45,SilentProbing,afp,Base,76,70,0,415,15,0.97,1.0,0.8235294117647058,0.9032258064516129,0.9117647058823529
primary_45_SilentProbing_afp_Base,45,SilentProbing,afp,Base,77,71,0,415,14,0.972,1.0,0.8352941176470589,0.9102564102564102,0.9176470588235295
primary_45_SilentProbing_afp_Base,45,SilentProbing,afp,Base,78,69,0,415,16,0.968,1.0,0.8117647058823529,0.8961038961038961,0.9058823529411765
primary_45_SilentProbing_afp_Base,45,SilentProbing,afp,Base,79,65,0,415,20,0.96,1.0,0.7647058823529411,0.8666666666666666,0.8823529411764706
primary_45_SilentProbing_afp_Base,45,SilentProbing,afp,Base,80,66,0,415,19,0.962,1.0,0.7764705882352941,0.8741721854304636,0.888235294117647
primary_45_SilentProbing_afp_Base,45,SilentProbing,afp,Base,81,69,0,415,16,0.968,1.0,0.8117647058823529,0.8961038961038961,0.9058823529411765
primary_45_SilentProbing_afp_Base,45,SilentProbing,afp,Base,82,68,0,415,17,0.966,1.0,0.8,0.888888888888889,0.9
primary_45_SilentProbing_afp_Base,45,SilentProbing,afp,Base,83,65,0,415,20,0.96,1.0,0.7647058823529411,0.8666666666666666,0.8823529411764706
primary_45_SilentProbing_afp_Base,45,SilentProbing,afp,Base,84,71,0,415,14,0.972,1.0,0.8352941176470589,0.9102564102564102,0.9176470588235295
primary_45_SilentProbing_afp_Base,45,SilentProbing,afp,Base,85,73,0,415,12,0.976,1.0,0.8588235294117647,0.9240506329113923,0.9294117647058824
primary_45_SilentProbing_afp_Base,45,SilentProbing,afp,Base,86,70,1,414,15,0.968,0.9859154929577465,0.8235294117647058,0.8974358974358974,0.9105598866052445
primary_45_SilentProbing_afp_Base,45,SilentProbing,afp,Base,87,66,0,415,19,0.962,1.0,0.7764705882352941,0.8741721854304636,0.888235294117647
primary_45_SilentProbing_afp_Base,45,SilentProbing,afp,Base,88,64,0,415,21,0.958,1.0,0.7529411764705882,0.8590604026845637,0.8764705882352941
primary_45_SilentProbing_afp_Base,45,SilentProbing,afp,Base,89,70,0,415,15,0.97,1.0,0.8235294117647058,0.9032258064516129,0.9117647058823529
primary_45_SilentProbing_afp_Base,45,SilentProbing,afp,Base,90,69,1,414,16,0.966,0.9857142857142858,0.8117647058823529,0.8903225806451613,0.904677533664068
primary_45_SilentProbing_afp_Base,45,SilentProbing,afp,Base,91,66,0,415,19,0.962,1.0,0.7764705882352941,0.8741721854304636,0.888235294117647
primary_45_SilentProbing_afp_Base,45,SilentProbing,afp,Base,92,63,0,415,22,0.956,1.0,0.7411764705882353,0.8513513513513514,0.8705882352941177
primary_45_SilentProbing_afp_Base,45,SilentProbing,afp,Base,93,69,0,415,16,0.968,1.0,0.8117647058823529,0.8961038961038961,0.9058823529411765
primary_45_SilentProbing_afp_Base,45,SilentProbing,afp,Base,94,68,0,415,17,0.966,1.0,0.8,0.888888888888889,0.9
primary_45_SilentProbing_afp_Base,45,SilentProbing,afp,Base,95,72,0,415,13,0.974,1.0,0.8470588235294118,0.9171974522292993,0.9235294117647059
primary_45_SilentProbing_afp_Base,45,SilentProbing,afp,Base,96,68,0,415,17,0.966,1.0,0.8,0.888888888888889,0.9
primary_45_SilentProbing_afp_Base,45,SilentProbing,afp,Base,97,63,0,415,22,0.956,1.0,0.7411764705882353,0.8513513513513514,0.8705882352941177
primary_45_SilentProbing_afp_Base,45,SilentProbing,afp,Base,98,70,0,415,15,0.97,1.0,0.8235294117647058,0.9032258064516129,0.9117647058823529
primary_45_SilentProbing_afp_Base,45,SilentProbing,afp,Base,99,62,0,415,23,0.954,1.0,0.7294117647058823,0.8435374149659863,0.8647058823529412
primary_45_SilentProbing_afp_Base,45,SilentProbing,afp,Base,100,72,0,415,13,0.974,1.0,0.8470588235294118,0.9171974522292993,0.9235294117647059
primary_45_SilentProbing_afp_Base,45,SilentProbing,afp,Base,101,69,0,415,16,0.968,1.0,0.8117647058823529,0.8961038961038961,0.9058823529411765
primary_45_SilentProbing_afp_Base,45,SilentProbing,afp,Base,102,70,0,415,15,0.97,1.0,0.8235294117647058,0.9032258064516129,0.9117647058823529
primary_45_SilentProbing_afp_Base,45,SilentProbing,afp,Base,103,72,0,415,13,0.974,1.0,0.8470588235294118,0.9171974522292993,0.9235294117647059
primary_45_SilentProbing_afp_Base,45,SilentProbing,afp,Base,104,74,0,415,11,0.978,1.0,0.8705882352941177,0.9308176100628931,0.9352941176470588
primary_45_SilentProbing_afp_Base,45,SilentProbing,afp,Base,105,74,0,415,11,0.978,1.0,0.8705882352941177,0.9308176100628931,0.9352941176470588
primary_45_SilentProbing_afp_Base,45,SilentProbing,afp,Base,106,69,0,415,16,0.968,1.0,0.8117647058823529,0.8961038961038961,0.9058823529411765
primary_45_SilentProbing_afp_Base,45,SilentProbing,afp,Base,107,64,0,415,21,0.958,1.0,0.7529411764705882,0.8590604026845637,0.8764705882352941
primary_45_SilentProbing_afp_Base,45,SilentProbing,afp,Base,108,71,0,415,14,0.972,1.0,0.8352941176470589,0.9102564102564102,0.9176470588235295
primary_45_SilentProbing_afp_Base,45,SilentProbing,afp,Base,109,64,0,415,21,0.958,1.0,0.7529411764705882,0.8590604026845637,0.8764705882352941
primary_45_SilentProbing_afp_Base,45,SilentProbing,afp,Base,110,66,1,414,19,0.96,0.9850746268656716,0.7764705882352941,0.8684210526315789,0.8870304748405387
primary_45_SilentProbing_afp_Base,45,SilentProbing,afp,Base,111,70,0,415,15,0.97,1.0,0.8235294117647058,0.9032258064516129,0.9117647058823529
primary_45_SilentProbing_afp_Base,45,SilentProbing,afp,Base,112,74,1,414,11,0.976,0.9866666666666667,0.8705882352941177,0.925,0.9340892983699505
primary_45_SilentProbing_afp_Base,45,SilentProbing,afp,Base,113,67,0,415,18,0.964,1.0,0.788235294117647,0.8815789473684211,0.8941176470588235
primary_45_SilentProbing_afp_Base,45,SilentProbing,afp,Base,114,67,0,415,18,0.964,1.0,0.788235294117647,0.8815789473684211,0.8941176470588235
primary_45_SilentProbing_afp_Base,45,SilentProbing,afp,Base,115,67,0,415,18,0.964,1.0,0.788235294117647,0.8815789473684211,0.8941176470588235
primary_45_SilentProbing_afp_Base,45,SilentProbing,afp,Base,116,63,0,415,22,0.956,1.0,0.7411764705882353,0.8513513513513514,0.8705882352941177
primary_45_SilentProbing_afp_Base,45,SilentProbing,afp,Base,117,70,1,414,15,0.968,0.9859154929577465,0.8235294117647058,0.8974358974358974,0.9105598866052445
primary_45_SilentProbing_afp_Base,45,SilentProbing,afp,Base,118,67,0,415,18,0.964,1.0,0.788235294117647,0.8815789473684211,0.8941176470588235
primary_45_SilentProbing_afp_Base,45,SilentProbing,afp,Base,119,71,0,415,14,0.972,1.0,0.8352941176470589,0.9102564102564102,0.9176470588235295
primary_45_SilentProbing_afp_Base,45,SilentProbing,afp,Base,120,73,0,415,12,0.976,1.0,0.8588235294117647,0.9240506329113923,0.9294117647058824
primary_45_SilentProbing_afp_Base,45,SilentProbing,afp,Base,121,71,0,415,14,0.972,1.0,0.8352941176470589,0.9102564102564102,0.9176470588235295
primary_45_SilentProbing_afp_Base,45,SilentProbing,afp,Base,122,73,0,415,12,0.976,1.0,0.8588235294117647,0.9240506329113923,0.9294117647058824
primary_45_SilentProbing_afp_Base,45,SilentProbing,afp,Base,123,66,0,415,19,0.962,1.0,0.7764705882352941,0.8741721854304636,0.888235294117647
primary_45_SilentProbing_afp_Base,45,SilentProbing,afp,Base,124,66,0,415,19,0.962,1.0,0.7764705882352941,0.8741721854304636,0.888235294117647
primary_45_SilentProbing_afp_Base,45,SilentProbing,afp,Base,125,70,0,415,15,0.97,1.0,0.8235294117647058,0.9032258064516129,0.9117647058823529
primary_45_SilentProbing_afp_Base,45,SilentProbing,afp,Base,126,74,0,415,11,0.978,1.0,0.8705882352941177,0.9308176100628931,0.9352941176470588
primary_45_SilentProbing_afp_Base,45,SilentProbing,afp,Base,127,62,0,415,23,0.954,1.0,0.7294117647058823,0.8435374149659863,0.8647058823529412
primary_45_SilentProbing_afp_Base,45,SilentProbing,afp,Base,128,71,0,415,14,0.972,1.0,0.8352941176470589,0.9102564102564102,0.9176470588235295
primary_45_SilentProbing_afp_Base,45,SilentProbing,afp,Base,129,69,0,415,16,0.968,1.0,0.8117647058823529,0.8961038961038961,0.9058823529411765
primary_45_SilentProbing_afp_Base,45,SilentProbing,afp,Base,130,74,0,415,11,0.978,1.0,0.8705882352941177,0.9308176100628931,0.9352941176470588
primary_45_SilentProbing_afp_Base,45,SilentProbing,afp,Base,131,64,0,415,21,0.958,1.0,0.7529411764705882,0.8590604026845637,0.8764705882352941
primary_45_SilentProbing_afp_Base,45,SilentProbing,afp,Base,132,64,0,415,21,0.958,1.0,0.7529411764705882,0.8590604026845637,0.8764705882352941
primary_45_SilentProbing_afp_Base,45,SilentProbing,afp,Base,133,67,0,415,18,0.964,1.0,0.788235294117647,0.8815789473684211,0.8941176470588235
primary_45_SilentProbing_afp_Base,45,SilentProbing,afp,Base,134,64,0,415,21,0.958,1.0,0.7529411764705882,0.8590604026845637,0.8764705882352941
primary_45_SilentProbing_afp_Base,45,SilentProbing,afp,Base,135,70,0,415,15,0.97,1.0,0.8235294117647058,0.9032258064516129,0.9117647058823529
primary_45_SilentProbing_afp_Base,45,SilentProbing,afp,Base,136,71,0,415,14,0.972,1.0,0.8352941176470589,0.9102564102564102,0.9176470588235295
primary_45_SilentProbing_afp_Base,45,SilentProbing,afp,Base,137,70,0,415,15,0.97,1.0,0.8235294117647058,0.9032258064516129,0.9117647058823529
primary_45_SilentProbing_afp_Base,45,SilentProbing,afp,Base,138,69,0,415,16,0.968,1.0,0.8117647058823529,0.8961038961038961,0.9058823529411765
primary_45_SilentProbing_afp_Base,45,SilentProbing,afp,Base,139,66,0,415,19,0.962,1.0,0.7764705882352941,0.8741721854304636,0.888235294117647
primary_45_SilentProbing_afp_Base,45,SilentProbing,afp,Base,140,69,0,415,16,0.968,1.0,0.8117647058823529,0.8961038961038961,0.9058823529411765
primary_45_SilentProbing_afp_Base,45,SilentProbing,afp,Base,141,67,0,415,18,0.964,1.0,0.788235294117647,0.8815789473684211,0.8941176470588235
primary_45_SilentProbing_afp_Base,45,SilentProbing,afp,Base,142,69,0,415,16,0.968,1.0,0.8117647058823529,0.8961038961038961,0.9058823529411765
primary_45_SilentProbing_afp_Base,45,SilentProbing,afp,Base,143,74,0,415,11,0.978,1.0,0.8705882352941177,0.9308176100628931,0.9352941176470588
primary_45_SilentProbing_afp_C1,45,SilentProbing,afp,C1,0,68,0,414,18,0.964,1.0,0.7906976744186046,0.8831168831168831,0.8953488372093024
primary_45_SilentProbing_afp_C1,45,SilentProbing,afp,C1,1,70,0,414,16,0.968,1.0,0.813953488372093,0.8974358974358974,0.9069767441860466
primary_45_SilentProbing_afp_C1,45,SilentProbing,afp,C1,2,81,1,413,5,0.988,0.9878048780487805,0.9418604651162791,0.9642857142857143,0.9697225030895404
primary_45_SilentProbing_afp_C1,45,SilentProbing,afp,C1,3,81,0,414,5,0.99,1.0,0.9418604651162791,0.970059880239521,0.9709302325581395
primary_45_SilentProbing_afp_C1,45,SilentProbing,afp,C1,4,83,1,413,3,0.992,0.9880952380952381,0.9651162790697675,0.9764705882352942,0.9813504100662847
primary_45_SilentProbing_afp_C1,45,SilentProbing,afp,C1,5,83,0,414,3,0.994,1.0,0.9651162790697675,0.9822485207100593,0.9825581395348837
primary_45_SilentProbing_afp_C1,45,SilentProbing,afp,C1,6,82,0,414,4,0.992,1.0,0.9534883720930233,0.9761904761904763,0.9767441860465116
primary_45_SilentProbing_afp_C1,45,SilentProbing,afp,C1,7,80,1,413,6,0.986,0.9876543209876543,0.9302325581395349,0.9580838323353293,0.9639085496011683
primary_45_SilentProbing_afp_C1,45,SilentProbing,afp,C1,8,79,0,414,7,0.986,1.0,0.9186046511627907,0.9575757575757576,0.9593023255813953
primary_45_SilentProbing_afp_C1,45,SilentProbing,afp,C1,9,84,0,414,2,0.996,1.0,0.9767441860465116,0.988235294117647,0.9883720930232558
primary_45_SilentProbing_afp_C1,45,SilentProbing,afp,C1,10,80,0,414,6,0.988,1.0,0.9302325581395349,0.963855421686747,0.9651162790697674
primary_45_SilentProbing_afp_C1,45,SilentProbing,afp,C1,11,80,0,414,6,0.988,1.0,0.9302325581395349,0.963855421686747,0.9651162790697674
primary_45_SilentProbing_afp_C1,45,SilentProbing,afp,C1,12,83,0,414,3,0.994,1.0,0.9651162790697675,0.9822485207100593,0.9825581395348837
primary_45_SilentProbing_afp_C1,45,SilentProbing,afp,C1,13,84,0,414,2,0.996,1.0,0.9767441860465116,0.988235294117647,0.9883720930232558
primary_45_SilentProbing_afp_C1,45,SilentProbing,afp,C1,14,84,0,414,2,0.996,1.0,0.9767441860465116,0.988235294117647,0.9883720930232558
primary_45_SilentProbing_afp_C1,45,SilentProbing,afp,C1,15,83,0,414,3,0.994,1.0,0.9651162790697675,0.9822485207100593,0.9825581395348837
primary_45_SilentProbing_afp_C1,45,SilentProbing,afp,C1,16,77,1,413,9,0.98,0.9871794871794872,0.8953488372093024,0.9390243902439025,0.9464666891360521
primary_45_SilentProbing_afp_C1,45,SilentProbing,afp,C1,17,84,0,415,1,0.998,1.0,0.9882352941176471,0.9940828402366864,0.9941176470588236
primary_45_SilentProbing_afp_C1,45,SilentProbing,afp,C1,18,80,0,415,5,0.99,1.0,0.9411764705882353,0.9696969696969697,0.9705882352941176
primary_45_SilentProbing_afp_C1,45,SilentProbing,afp,C1,19,82,0,415,3,0.994,1.0,0.9647058823529412,0.9820359281437125,0.9823529411764707
primary_45_SilentProbing_afp_C1,45,SilentProbing,afp,C1,20,74,0,415,11,0.978,1.0,0.8705882352941177,0.9308176100628931,0.9352941176470588
primary_45_SilentProbing_afp_C1,45,SilentProbing,afp,C1,21,75,1,414,10,0.978,0.9868421052631579,0.8823529411764706,0.9316770186335402,0.9399716513111269
primary_45_SilentProbing_afp_C1,45,SilentProbing,afp,C1,22,78,0,415,7,0.986,1.0,0.9176470588235294,0.9570552147239264,0.9588235294117646
primary_45_SilentProbing_afp_C1,45,SilentProbing,afp,C1,23,80,0,415,5,0.99,1.0,0.9411764705882353,0.9696969696969697,0.9705882352941176
primary_45_SilentProbing_afp_C1,45,SilentProbing,afp,C1,24,80,1,414,5,0.988,0.9876543209876543,0.9411764705882353,0.963855421686747,0.9693834160170092
primary_45_SilentProbing_afp_C1,45,SilentProbing,afp,C1,25,77,0,415,8,0.984,1.0,0.9058823529411765,0.9506172839506173,0.9529411764705882
primary_45_SilentProbing_afp_C1,45,SilentProbing,afp,C1,26,77,0,415,8,0.984,1.0,0.9058823529411765,0.9506172839506173,0.9529411764705882
primary_45_SilentProbing_afp_C1,45,SilentProbing,afp,C1,27,77,0,415,8,0.984,1.0,0.9058823529411765,0.9506172839506173,0.9529411764705882
primary_45_SilentProbing_afp_C1,45,SilentProbing,afp,C1,28,79,0,415,6,0.988,1.0,0.9294117647058824,0.9634146341463414,0.9647058823529412
primary_45_SilentProbing_afp_C1,45,SilentProbing,afp,C1,29,80,0,415,5,0.99,1.0,0.9411764705882353,0.9696969696969697,0.9705882352941176
primary_45_SilentProbing_afp_C1,45,SilentProbing,afp,C1,30,79,0,415,6,0.988,1.0,0.9294117647058824,0.9634146341463414,0.9647058823529412
primary_45_SilentProbing_afp_C1,45,SilentProbing,afp,C1,31,78,0,415,7,0.986,1.0,0.9176470588235294,0.9570552147239264,0.9588235294117646
primary_45_SilentProbing_afp_C1,45,SilentProbing,afp,C1,32,80,0,415,5,0.99,1.0,0.9411764705882353,0.9696969696969697,0.9705882352941176
primary_45_SilentProbing_afp_C1,45,SilentProbing,afp,C1,33,81,0,415,4,0.992,1.0,0.9529411764705882,0.9759036144578312,0.9764705882352941
primary_45_SilentProbing_afp_C1,45,SilentProbing,afp,C1,34,79,1,414,6,0.986,0.9875,0.9294117647058824,0.9575757575757576,0.9635010630758327
primary_45_SilentProbing_afp_C1,45,SilentProbing,afp,C1,35,75,1,414,10,0.978,0.9868421052631579,0.8823529411764706,0.9316770186335402,0.9399716513111269
primary_45_SilentProbing_afp_C1,45,SilentProbing,afp,C1,36,79,0,415,6,0.988,1.0,0.9294117647058824,0.9634146341463414,0.9647058823529412
primary_45_SilentProbing_afp_C1,45,SilentProbing,afp,C1,37,81,1,414,4,0.99,0.9878048780487805,0.9529411764705882,0.9700598802395209,0.9752657689581856
primary_45_SilentProbing_afp_C1,45,SilentProbing,afp,C1,38,81,0,415,4,0.992,1.0,0.9529411764705882,0.9759036144578312,0.9764705882352941
primary_45_SilentProbing_afp_C1,45,SilentProbing,afp,C1,39,81,0,415,4,0.992,1.0,0.9529411764705882,0.9759036144578312,0.9764705882352941
primary_45_SilentProbing_afp_C1,45,SilentProbing,afp,C1,40,82,0,415,3,0.994,1.0,0.9647058823529412,0.9820359281437125,0.9823529411764707
primary_45_SilentProbing_afp_C1,45,SilentProbing,afp,C1,41,82,0,415,3,0.994,1.0,0.9647058823529412,0.9820359281437125,0.9823529411764707
primary_45_SilentProbing_afp_C1,45,SilentProbing,afp,C1,42,81,0,415,4,0.992,1.0,0.9529411764705882,0.9759036144578312,0.9764705882352941
primary_45_SilentProbing_afp_C1,45,SilentProbing,afp,C1,43,78,1,414,7,0.984,0.9873417721518988,0.9176470588235294,0.9512195121951219,0.9576187101346563
primary_45_SilentProbing_afp_C1,45,SilentProbing,afp,C1,44,79,0,415,6,0.988,1.0,0.9294117647058824,0.9634146341463414,0.9647058823529412
primary_45_SilentProbing_afp_C1,45,SilentProbing,afp,C1,45,81,1,414,4,0.99,0.9878048780487805,0.9529411764705882,0.9700598802395209,0.9752657689581856
primary_45_SilentProbing_afp_C1,45,SilentProbing,afp,C1,46,82,2,413,3,0.99,0.9761904761904762,0.9647058823529412,0.9704142011834319,0.9799433026222537
primary_45_SilentProbing_afp_C1,45,SilentProbing,afp,C1,47,76,0,415,9,0.982,1.0,0.8941176470588236,0.9440993788819877,0.9470588235294117
primary_45_SilentProbing_afp_C1,45,SilentProbing,afp,C1,48,81,0,415,4,0.992,1.0,0.9529411764705882,0.9759036144578312,0.9764705882352941
primary_45_SilentProbing_afp_C1,45,SilentProbing,afp,C1,49,77,0,415,8,0.984,1.0,0.9058823529411765,0.9506172839506173,0.9529411764705882
primary_45_SilentProbing_afp_C1,45,SilentProbing,afp,C1,50,81,0,415,4,0.992,1.0,0.9529411764705882,0.9759036144578312,0.9764705882352941
primary_45_SilentProbing_afp_C1,45,SilentProbing,afp,C1,51,80,1,414,5,0.988,0.9876543209876543,0.9411764705882353,0.963855421686747,0.9693834160170092
primary_45_SilentProbing_afp_C1,45,SilentProbing,afp,C1,52,80,0,415,5,0.99,1.0,0.9411764705882353,0.9696969696969697,0.9705882352941176
primary_45_SilentProbing_afp_C1,45,SilentProbing,afp,C1,53,77,1,414,8,0.982,0.9871794871794872,0.9058823529411765,0.9447852760736197,0.9517363571934798
primary_45_SilentProbing_afp_C1,45,SilentProbing,afp,C1,54,82,0,415,3,0.994,1.0,0.9647058823529412,0.9820359281437125,0.9823529411764707
primary_45_SilentProbing_afp_C1,45,SilentProbing,afp,C1,55,78,0,415,7,0.986,1.0,0.9176470588235294,0.9570552147239264,0.9588235294117646
primary_45_SilentProbing_afp_C1,45,SilentProbing,afp,C1,56,78,0,415,7,0.986,1.0,0.9176470588235294,0.9570552147239264,0.9588235294117646
primary_45_SilentProbing_afp_C1,45,SilentProbing,afp,C1,57,81,0,415,4,0.992,1.0,0.9529411764705882,0.9759036144578312,0.9764705882352941
primary_45_SilentProbing_afp_C1,45,SilentProbing,afp,C1,58,82,2,413,3,0.99,0.9761904761904762,0.9647058823529412,0.9704142011834319,0.9799433026222537
primary_45_SilentProbing_afp_C1,45,SilentProbing,afp,C1,59,78,0,415,7,0.986,1.0,0.9176470588235294,0.9570552147239264,0.9588235294117646
primary_45_SilentProbing_afp_C1,45,SilentProbing,afp,C1,60,81,0,415,4,0.992,1.0,0.9529411764705882,0.9759036144578312,0.9764705882352941
primary_45_SilentProbing_afp_C1,45,SilentProbing,afp,C1,61,79,0,415,6,0.988,1.0,0.9294117647058824,0.9634146341463414,0.9647058823529412
primary_45_SilentProbing_afp_C1,45,SilentProbing,afp,C1,62,81,0,415,4,0.992,1.0,0.9529411764705882,0.9759036144578312,0.9764705882352941
primary_45_SilentProbing_afp_C1,45,SilentProbing,afp,C1,63,76,0,415,9,0.982,1.0,0.8941176470588236,0.9440993788819877,0.9470588235294117
primary_45_SilentProbing_afp_C1,45,SilentProbing,afp,C1,64,77,0,415,8,0.984,1.0,0.9058823529411765,0.9506172839506173,0.9529411764705882
primary_45_SilentProbing_afp_C1,45,SilentProbing,afp,C1,65,78,1,414,7,0.984,0.9873417721518988,0.9176470588235294,0.9512195121951219,0.9576187101346563
primary_45_SilentProbing_afp_C1,45,SilentProbing,afp,C1,66,80,0,415,5,0.99,1.0,0.9411764705882353,0.9696969696969697,0.9705882352941176
primary_45_SilentProbing_afp_C1,45,SilentProbing,afp,C1,67,81,0,415,4,0.992,1.0,0.9529411764705882,0.9759036144578312,0.9764705882352941
primary_45_SilentProbing_afp_C1,45,SilentProbing,afp,C1,68,79,0,415,6,0.988,1.0,0.9294117647058824,0.9634146341463414,0.9647058823529412
primary_45_SilentProbing_afp_C1,45,SilentProbing,afp,C1,69,80,2,413,5,0.986,0.975609756097561,0.9411764705882353,0.9580838323353293,0.9681785967399008
primary_45_SilentProbing_afp_C1,45,SilentProbing,afp,C1,70,82,0,415,3,0.994,1.0,0.9647058823529412,0.9820359281437125,0.9823529411764707
primary_45_SilentProbing_afp_C1,45,SilentProbing,afp,C1,71,77,0,415,8,0.984,1.0,0.9058823529411765,0.9506172839506173,0.9529411764705882
primary_45_SilentProbing_afp_C1,45,SilentProbing,afp,C1,72,78,0,415,7,0.986,1.0,0.9176470588235294,0.9570552147239264,0.9588235294117646
primary_45_SilentProbing_afp_C1,45,SilentProbing,afp,C1,73,77,1,414,8,0.982,0.9871794871794872,0.9058823529411765,0.9447852760736197,0.9517363571934798
primary_45_SilentProbing_afp_C1,45,SilentProbing,afp,C1,74,82,0,415,3,0.994,1.0,0.9647058823529412,0.9820359281437125,0.9823529411764707
primary_45_SilentProbing_afp_C1,45,SilentProbing,afp,C1,75,78,0,415,7,0.986,1.0,0.9176470588235294,0.9570552147239264,0.9588235294117646
primary_45_SilentProbing_afp_C1,45,SilentProbing,afp,C1,76,82,1,414,3,0.992,0.9879518072289156,0.9647058823529412,0.9761904761904762,0.9811481218993622
primary_45_SilentProbing_afp_C1,45,SilentProbing,afp,C1,77,80,0,415,5,0.99,1.0,0.9411764705882353,0.9696969696969697,0.9705882352941176
primary_45_SilentProbing_afp_C1,45,SilentProbing,afp,C1,78,83,2,413,2,0.992,0.9764705882352941,0.9764705882352941,0.9764705882352941,0.9858256555634302
primary_45_SilentProbing_afp_C1,45,SilentProbing,afp,C1,79,81,0,415,4,0.992,1.0,0.9529411764705882,0.9759036144578312,0.9764705882352941
primary_45_SilentProbing_afp_C1,45,SilentProbing,afp,C1,80,79,0,415,6,0.988,1.0,0.9294117647058824,0.9634146341463414,0.9647058823529412
primary_45_SilentProbing_afp_C1,45,SilentProbing,afp,C1,81,76,0,415,9,0.982,1.0,0.8941176470588236,0.9440993788819877,0.9470588235294117
primary_45_SilentProbing_afp_C1,45,SilentProbing,afp,C1,82,80,0,415,5,0.99,1.0,0.9411764705882353,0.9696969696969697,0.9705882352941176
primary_45_SilentProbing_afp_C1,45,SilentProbing,afp,C1,83,78,0,415,7,0.986,1.0,0.9176470588235294,0.9570552147239264,0.9588235294117646
primary_45_SilentProbing_afp_C1,45,SilentProbing,afp,C1,84,79,0,415,6,0.988,1.0,0.9294117647058824,0.9634146341463414,0.9647058823529412
primary_45_SilentProbing_afp_C1,45,SilentProbing,afp,C1,85,82,2,413,3,0.99,0.9761904761904762,0.9647058823529412,0.9704142011834319,0.9799433026222537
primary_45_SilentProbing_afp_C1,45,SilentProbing,afp,C1,86,76,2,413,9,0.978,0.9743589743589743,0.8941176470588236,0.9325153374233129,0.9446491849751949
primary_45_SilentProbing_afp_C1,45,SilentProbing,afp,C1,87,78,0,415,7,0.986,1.0,0.9176470588235294,0.9570552147239264,0.9588235294117646
primary_45_SilentProbing_afp_C1,45,SilentProbing,afp,C1,88,81,0,415,4,0.992,1.0,0.9529411764705882,0.9759036144578312,0.9764705882352941
primary_45_SilentProbing_afp_C1,45,SilentProbing,afp,C1,89,79,1,414,6,0.986,0.9875,0.9294117647058824,0.9575757575757576,0.9635010630758327
primary_45_SilentProbing_afp_C1,45,SilentProbing,afp,C1,90,82,1,414,3,0.992,0.9879518072289156,0.9647058823529412,0.9761904761904762,0.9811481218993622
primary_45_SilentProbing_afp_C1,45,SilentProbing,afp,C1,91,80,2,413,5,0.986,0.975609756097561,0.9411764705882353,0.9580838323353293,0.9681785967399008
primary_45_SilentProbing_afp_C1,45,SilentProbing,afp,C1,92,80,0,415,5,0.99,1.0,0.9411764705882353,0.9696969696969697,0.9705882352941176
primary_45_SilentProbing_afp_C1,45,SilentProbing,afp,C1,93,79,0,415,6,0.988,1.0,0.9294117647058824,0.9634146341463414,0.9647058823529412
primary_45_SilentProbing_afp_C1,45,SilentProbing,afp,C1,94,82,0,415,3,0.994,1.0,0.9647058823529412,0.9820359281437125,0.9823529411764707
primary_45_SilentProbing_afp_C1,45,SilentProbing,afp,C1,95,82,1,414,3,0.992,0.9879518072289156,0.9647058823529412,0.9761904761904762,0.9811481218993622
primary_45_SilentProbing_afp_C1,45,SilentProbing,afp,C1,96,84,0,415,1,0.998,1.0,0.9882352941176471,0.9940828402366864,0.9941176470588236
primary_45_SilentProbing_afp_C1,45,SilentProbing,afp,C1,97,76,1,414,9,0.98,0.987012987012987,0.8941176470588236,0.9382716049382716,0.9458540042523034
primary_45_SilentProbing_afp_C1,45,SilentProbing,afp,C1,98,80,0,415,5,0.99,1.0,0.9411764705882353,0.9696969696969697,0.9705882352941176
primary_45_SilentProbing_afp_C1,45,SilentProbing,afp,C1,99,82,1,414,3,0.992,0.9879518072289156,0.9647058823529412,0.9761904761904762,0.9811481218993622
primary_45_SilentProbing_afp_C1,45,SilentProbing,afp,C1,100,81,1,414,4,0.99,0.9878048780487805,0.9529411764705882,0.9700598802395209,0.9752657689581856
primary_45_SilentProbing_afp_C1,45,SilentProbing,afp,C1,101,81,0,415,4,0.992,1.0,0.9529411764705882,0.9759036144578312,0.9764705882352941
primary_45_SilentProbing_afp_C1,45,SilentProbing,afp,C1,102,82,0,415,3,0.994,1.0,0.9647058823529412,0.9820359281437125,0.9823529411764707
primary_45_SilentProbing_afp_C1,45,SilentProbing,afp,C1,103,81,0,415,4,0.992,1.0,0.9529411764705882,0.9759036144578312,0.9764705882352941
primary_45_SilentProbing_afp_C1,45,SilentProbing,afp,C1,104,82,0,415,3,0.994,1.0,0.9647058823529412,0.9820359281437125,0.9823529411764707
primary_45_SilentProbing_afp_C1,45,SilentProbing,afp,C1,105,82,0,415,3,0.994,1.0,0.9647058823529412,0.9820359281437125,0.9823529411764707
primary_45_SilentProbing_afp_C1,45,SilentProbing,afp,C1,106,79,0,415,6,0.988,1.0,0.9294117647058824,0.9634146341463414,0.9647058823529412
primary_45_SilentProbing_afp_C1,45,SilentProbing,afp,C1,107,79,0,415,6,0.988,1.0,0.9294117647058824,0.9634146341463414,0.9647058823529412
primary_45_SilentProbing_afp_C1,45,SilentProbing,afp,C1,108,81,0,415,4,0.992,1.0,0.9529411764705882,0.9759036144578312,0.9764705882352941
primary_45_SilentProbing_afp_C1,45,SilentProbing,afp,C1,109,78,0,415,7,0.986,1.0,0.9176470588235294,0.9570552147239264,0.9588235294117646
primary_45_SilentProbing_afp_C1,45,SilentProbing,afp,C1,110,78,1,414,7,0.984,0.9873417721518988,0.9176470588235294,0.9512195121951219,0.9576187101346563
primary_45_SilentProbing_afp_C1,45,SilentProbing,afp,C1,111,84,1,414,1,0.996,0.9882352941176471,0.9882352941176471,0.9882352941176471,0.9929128277817152
primary_45_SilentProbing_afp_C1,45,SilentProbing,afp,C1,112,81,1,414,4,0.99,0.9878048780487805,0.9529411764705882,0.9700598802395209,0.9752657689581856
primary_45_SilentProbing_afp_C1,45,SilentProbing,afp,C1,113,79,1,414,6,0.986,0.9875,0.9294117647058824,0.9575757575757576,0.9635010630758327
primary_45_SilentProbing_afp_C1,45,SilentProbing,afp,C1,114,80,0,415,5,0.99,1.0,0.9411764705882353,0.9696969696969697,0.9705882352941176
primary_45_SilentProbing_afp_C1,45,SilentProbing,afp,C1,115,78,0,415,7,0.986,1.0,0.9176470588235294,0.9570552147239264,0.9588235294117646
primary_45_SilentProbing_afp_C1,45,SilentProbing,afp,C1,116,78,1,414,7,0.984,0.9873417721518988,0.9176470588235294,0.9512195121951219,0.9576187101346563
primary_45_SilentProbing_afp_C1,45,SilentProbing,afp,C1,117,80,0,415,5,0.99,1.0,0.9411764705882353,0.9696969696969697,0.9705882352941176
primary_45_SilentProbing_afp_C1,45,SilentProbing,afp,C1,118,79,1,414,6,0.986,0.9875,0.9294117647058824,0.9575757575757576,0.9635010630758327
primary_45_SilentProbing_afp_C1,45,SilentProbing,afp,C1,119,80,0,415,5,0.99,1.0,0.9411764705882353,0.9696969696969697,0.9705882352941176
primary_45_SilentProbing_afp_C1,45,SilentProbing,afp,C1,120,82,0,415,3,0.994,1.0,0.9647058823529412,0.9820359281437125,0.9823529411764707
primary_45_SilentProbing_afp_C1,45,SilentProbing,afp,C1,121,81,0,415,4,0.992,1.0,0.9529411764705882,0.9759036144578312,0.9764705882352941
primary_45_SilentProbing_afp_C1,45,SilentProbing,afp,C1,122,80,0,415,5,0.99,1.0,0.9411764705882353,0.9696969696969697,0.9705882352941176
primary_45_SilentProbing_afp_C1,45,SilentProbing,afp,C1,123,76,0,415,9,0.982,1.0,0.8941176470588236,0.9440993788819877,0.9470588235294117
primary_45_SilentProbing_afp_C1,45,SilentProbing,afp,C1,124,80,1,414,5,0.988,0.9876543209876543,0.9411764705882353,0.963855421686747,0.9693834160170092
primary_45_SilentProbing_afp_C1,45,SilentProbing,afp,C1,125,82,2,413,3,0.99,0.9761904761904762,0.9647058823529412,0.9704142011834319,0.9799433026222537
primary_45_SilentProbing_afp_C1,45,SilentProbing,afp,C1,126,83,0,415,2,0.996,1.0,0.9764705882352941,0.988095238095238,0.9882352941176471
primary_45_SilentProbing_afp_C1,45,SilentProbing,afp,C1,127,77,0,415,8,0.984,1.0,0.9058823529411765,0.9506172839506173,0.9529411764705882
primary_45_SilentProbing_afp_C1,45,SilentProbing,afp,C1,128,83,0,415,2,0.996,1.0,0.9764705882352941,0.988095238095238,0.9882352941176471
primary_45_SilentProbing_afp_C1,45,SilentProbing,afp,C1,129,79,0,415,6,0.988,1.0,0.9294117647058824,0.9634146341463414,0.9647058823529412
primary_45_SilentProbing_afp_C1,45,SilentProbing,afp,C1,130,83,0,415,2,0.996,1.0,0.9764705882352941,0.988095238095238,0.9882352941176471
primary_45_SilentProbing_afp_C1,45,SilentProbing,afp,C1,131,80,1,414,5,0.988,0.9876543209876543,0.9411764705882353,0.963855421686747,0.9693834160170092
primary_45_SilentProbing_afp_C1,45,SilentProbing,afp,C1,132,78,0,415,7,0.986,1.0,0.9176470588235294,0.9570552147239264,0.9588235294117646
primary_45_SilentProbing_afp_C1,45,SilentProbing,afp,C1,133,81,1,414,4,0.99,0.9878048780487805,0.9529411764705882,0.9700598802395209,0.9752657689581856
primary_45_SilentProbing_afp_C1,45,SilentProbing,afp,C1,134,78,0,415,7,0.986,1.0,0.9176470588235294,0.9570552147239264,0.9588235294117646
primary_45_SilentProbing_afp_C1,45,SilentProbing,afp,C1,135,83,0,415,2,0.996,1.0,0.9764705882352941,0.988095238095238,0.9882352941176471
primary_45_SilentProbing_afp_C1,45,SilentProbing,afp,C1,136,82,0,415,3,0.994,1.0,0.9647058823529412,0.9820359281437125,0.9823529411764707
primary_45_SilentProbing_afp_C1,45,SilentProbing,afp,C1,137,79,2,413,6,0.984,0.9753086419753086,0.9294117647058824,0.9518072289156626,0.9622962437987244
primary_45_SilentProbing_afp_C1,45,SilentProbing,afp,C1,138,82,0,415,3,0.994,1.0,0.9647058823529412,0.9820359281437125,0.9823529411764707
primary_45_SilentProbing_afp_C1,45,SilentProbing,afp,C1,139,78,1,414,7,0.984,0.9873417721518988,0.9176470588235294,0.9512195121951219,0.9576187101346563
primary_45_SilentProbing_afp_C1,45,SilentProbing,afp,C1,140,79,0,415,6,0.988,1.0,0.9294117647058824,0.9634146341463414,0.9647058823529412
primary_45_SilentProbing_afp_C1,45,SilentProbing,afp,C1,141,78,0,415,7,0.986,1.0,0.9176470588235294,0.9570552147239264,0.9588235294117646
primary_45_SilentProbing_afp_C1,45,SilentProbing,afp,C1,142,84,0,415,1,0.998,1.0,0.9882352941176471,0.9940828402366864,0.9941176470588236
primary_45_SilentProbing_afp_C1,45,SilentProbing,afp,C1,143,81,0,415,4,0.992,1.0,0.9529411764705882,0.9759036144578312,0.9764705882352941
primary_45_SilentProbing_feature_squeezing_Base,45,SilentProbing,feature_squeezing,Base,0,80,0,414,6,0.988,1.0,0.9302325581395349,0.963855421686747,0.9651162790697674
primary_45_SilentProbing_feature_squeezing_Base,45,SilentProbing,feature_squeezing,Base,1,78,0,414,8,0.984,1.0,0.9069767441860465,0.951219512195122,0.9534883720930232
primary_45_SilentProbing_feature_squeezing_Base,45,SilentProbing,feature_squeezing,Base,2,82,1,413,4,0.99,0.9879518072289156,0.9534883720930233,0.9704142011834319,0.9755364565779125
primary_45_SilentProbing_feature_squeezing_Base,45,SilentProbing,feature_squeezing,Base,3,83,0,414,3,0.994,1.0,0.9651162790697675,0.9822485207100593,0.9825581395348837
primary_45_SilentProbing_feature_squeezing_Base,45,SilentProbing,feature_squeezing,Base,4,84,0,414,2,0.996,1.0,0.9767441860465116,0.988235294117647,0.9883720930232558
primary_45_SilentProbing_feature_squeezing_Base,45,SilentProbing,feature_squeezing,Base,5,82,1,413,4,0.99,0.9879518072289156,0.9534883720930233,0.9704142011834319,0.9755364565779125
primary_45_SilentProbing_feature_squeezing_Base,45,SilentProbing,feature_squeezing,Base,6,81,0,414,5,0.99,1.0,0.9418604651162791,0.970059880239521,0.9709302325581395
primary_45_SilentProbing_feature_squeezing_Base,45,SilentProbing,feature_squeezing,Base,7,79,0,414,7,0.986,1.0,0.9186046511627907,0.9575757575757576,0.9593023255813953
primary_45_SilentProbing_feature_squeezing_Base,45,SilentProbing,feature_squeezing,Base,8,80,0,414,6,0.988,1.0,0.9302325581395349,0.963855421686747,0.9651162790697674
primary_45_SilentProbing_feature_squeezing_Base,45,SilentProbing,feature_squeezing,Base,9,84,0,414,2,0.996,1.0,0.9767441860465116,0.988235294117647,0.9883720930232558
primary_45_SilentProbing_feature_squeezing_Base,45,SilentProbing,feature_squeezing,Base,10,81,0,414,5,0.99,1.0,0.9418604651162791,0.970059880239521,0.9709302325581395
primary_45_SilentProbing_feature_squeezing_Base,45,SilentProbing,feature_squeezing,Base,11,80,0,414,6,0.988,1.0,0.9302325581395349,0.963855421686747,0.9651162790697674
primary_45_SilentProbing_feature_squeezing_Base,45,SilentProbing,feature_squeezing,Base,12,83,0,414,3,0.994,1.0,0.9651162790697675,0.9822485207100593,0.9825581395348837
primary_45_SilentProbing_feature_squeezing_Base,45,SilentProbing,feature_squeezing,Base,13,83,0,414,3,0.994,1.0,0.9651162790697675,0.9822485207100593,0.9825581395348837
primary_45_SilentProbing_feature_squeezing_Base,45,SilentProbing,feature_squeezing,Base,14,83,1,413,3,0.992,0.9880952380952381,0.9651162790697675,0.9764705882352942,0.9813504100662847
primary_45_SilentProbing_feature_squeezing_Base,45,SilentProbing,feature_squeezing,Base,15,81,0,414,5,0.99,1.0,0.9418604651162791,0.970059880239521,0.9709302325581395
primary_45_SilentProbing_feature_squeezing_Base,45,SilentProbing,feature_squeezing,Base,16,78,0,414,8,0.984,1.0,0.9069767441860465,0.951219512195122,0.9534883720930232
primary_45_SilentProbing_feature_squeezing_Base,45,SilentProbing,feature_squeezing,Base,17,84,0,415,1,0.998,1.0,0.9882352941176471,0.9940828402366864,0.9941176470588236
primary_45_SilentProbing_feature_squeezing_Base,45,SilentProbing,feature_squeezing,Base,18,80,0,415,5,0.99,1.0,0.9411764705882353,0.9696969696969697,0.9705882352941176
primary_45_SilentProbing_feature_squeezing_Base,45,SilentProbing,feature_squeezing,Base,19,83,0,415,2,0.996,1.0,0.9764705882352941,0.988095238095238,0.9882352941176471
primary_45_SilentProbing_feature_squeezing_Base,45,SilentProbing,feature_squeezing,Base,20,74,0,415,11,0.978,1.0,0.8705882352941177,0.9308176100628931,0.9352941176470588
primary_45_SilentProbing_feature_squeezing_Base,45,SilentProbing,feature_squeezing,Base,21,75,0,415,10,0.98,1.0,0.8823529411764706,0.9375,0.9411764705882353
primary_45_SilentProbing_feature_squeezing_Base,45,SilentProbing,feature_squeezing,Base,22,76,0,415,9,0.982,1.0,0.8941176470588236,0.9440993788819877,0.9470588235294117
primary_45_SilentProbing_feature_squeezing_Base,45,SilentProbing,feature_squeezing,Base,23,81,0,415,4,0.992,1.0,0.9529411764705882,0.9759036144578312,0.9764705882352941
primary_45_SilentProbing_feature_squeezing_Base,45,SilentProbing,feature_squeezing,Base,24,80,0,415,5,0.99,1.0,0.9411764705882353,0.9696969696969697,0.9705882352941176
primary_45_SilentProbing_feature_squeezing_Base,45,SilentProbing,feature_squeezing,Base,25,77,0,415,8,0.984,1.0,0.9058823529411765,0.9506172839506173,0.9529411764705882
primary_45_SilentProbing_feature_squeezing_Base,45,SilentProbing,feature_squeezing,Base,26,76,0,415,9,0.982,1.0,0.8941176470588236,0.9440993788819877,0.9470588235294117
primary_45_SilentProbing_feature_squeezing_Base,45,SilentProbing,feature_squeezing,Base,27,76,0,415,9,0.982,1.0,0.8941176470588236,0.9440993788819877,0.9470588235294117
primary_45_SilentProbing_feature_squeezing_Base,45,SilentProbing,feature_squeezing,Base,28,79,0,415,6,0.988,1.0,0.9294117647058824,0.9634146341463414,0.9647058823529412
primary_45_SilentProbing_feature_squeezing_Base,45,SilentProbing,feature_squeezing,Base,29,80,0,415,5,0.99,1.0,0.9411764705882353,0.9696969696969697,0.9705882352941176
primary_45_SilentProbing_feature_squeezing_Base,45,SilentProbing,feature_squeezing,Base,30,79,0,415,6,0.988,1.0,0.9294117647058824,0.9634146341463414,0.9647058823529412
primary_45_SilentProbing_feature_squeezing_Base,45,SilentProbing,feature_squeezing,Base,31,77,0,415,8,0.984,1.0,0.9058823529411765,0.9506172839506173,0.9529411764705882
primary_45_SilentProbing_feature_squeezing_Base,45,SilentProbing,feature_squeezing,Base,32,78,0,415,7,0.986,1.0,0.9176470588235294,0.9570552147239264,0.9588235294117646
primary_45_SilentProbing_feature_squeezing_Base,45,SilentProbing,feature_squeezing,Base,33,81,0,415,4,0.992,1.0,0.9529411764705882,0.9759036144578312,0.9764705882352941
primary_45_SilentProbing_feature_squeezing_Base,45,SilentProbing,feature_squeezing,Base,34,78,1,414,7,0.984,0.9873417721518988,0.9176470588235294,0.9512195121951219,0.9576187101346563
primary_45_SilentProbing_feature_squeezing_Base,45,SilentProbing,feature_squeezing,Base,35,74,0,415,11,0.978,1.0,0.8705882352941177,0.9308176100628931,0.9352941176470588
primary_45_SilentProbing_feature_squeezing_Base,45,SilentProbing,feature_squeezing,Base,36,79,0,415,6,0.988,1.0,0.9294117647058824,0.9634146341463414,0.9647058823529412
primary_45_SilentProbing_feature_squeezing_Base,45,SilentProbing,feature_squeezing,Base,37,80,1,414,5,0.988,0.9876543209876543,0.9411764705882353,0.963855421686747,0.9693834160170092
primary_45_SilentProbing_feature_squeezing_Base,45,SilentProbing,feature_squeezing,Base,38,81,0,415,4,0.992,1.0,0.9529411764705882,0.9759036144578312,0.9764705882352941
primary_45_SilentProbing_feature_squeezing_Base,45,SilentProbing,feature_squeezing,Base,39,79,0,415,6,0.988,1.0,0.9294117647058824,0.9634146341463414,0.9647058823529412
primary_45_SilentProbing_feature_squeezing_Base,45,SilentProbing,feature_squeezing,Base,40,82,0,415,3,0.994,1.0,0.9647058823529412,0.9820359281437125,0.9823529411764707
primary_45_SilentProbing_feature_squeezing_Base,45,SilentProbing,feature_squeezing,Base,41,80,0,415,5,0.99,1.0,0.9411764705882353,0.9696969696969697,0.9705882352941176
primary_45_SilentProbing_feature_squeezing_Base,45,SilentProbing,feature_squeezing,Base,42,80,0,415,5,0.99,1.0,0.9411764705882353,0.9696969696969697,0.9705882352941176
primary_45_SilentProbing_feature_squeezing_Base,45,SilentProbing,feature_squeezing,Base,43,77,1,414,8,0.982,0.9871794871794872,0.9058823529411765,0.9447852760736197,0.9517363571934798
primary_45_SilentProbing_feature_squeezing_Base,45,SilentProbing,feature_squeezing,Base,44,79,0,415,6,0.988,1.0,0.9294117647058824,0.9634146341463414,0.9647058823529412
primary_45_SilentProbing_feature_squeezing_Base,45,SilentProbing,feature_squeezing,Base,45,81,0,415,4,0.992,1.0,0.9529411764705882,0.9759036144578312,0.9764705882352941
primary_45_SilentProbing_feature_squeezing_Base,45,SilentProbing,feature_squeezing,Base,46,81,1,414,4,0.99,0.9878048780487805,0.9529411764705882,0.9700598802395209,0.9752657689581856
primary_45_SilentProbing_feature_squeezing_Base,45,SilentProbing,feature_squeezing,Base,47,75,0,415,10,0.98,1.0,0.8823529411764706,0.9375,0.9411764705882353
primary_45_SilentProbing_feature_squeezing_Base,45,SilentProbing,feature_squeezing,Base,48,81,0,415,4,0.992,1.0,0.9529411764705882,0.9759036144578312,0.9764705882352941
primary_45_SilentProbing_feature_squeezing_Base,45,SilentProbing,feature_squeezing,Base,49,77,0,415,8,0.984,1.0,0.9058823529411765,0.9506172839506173,0.9529411764705882
primary_45_SilentProbing_feature_squeezing_Base,45,SilentProbing,feature_squeezing,Base,50,79,0,415,6,0.988,1.0,0.9294117647058824,0.9634146341463414,0.9647058823529412
primary_45_SilentProbing_feature_squeezing_Base,45,SilentProbing,feature_squeezing,Base,51,80,1,414,5,0.988,0.9876543209876543,0.9411764705882353,0.963855421686747,0.9693834160170092
primary_45_SilentProbing_feature_squeezing_Base,45,SilentProbing,feature_squeezing,Base,52,79,0,415,6,0.988,1.0,0.9294117647058824,0.9634146341463414,0.9647058823529412
primary_45_SilentProbing_feature_squeezing_Base,45,SilentProbing,feature_squeezing,Base,53,76,0,415,9,0.982,1.0,0.8941176470588236,0.9440993788819877,0.9470588235294117
primary_45_SilentProbing_feature_squeezing_Base,45,SilentProbing,feature_squeezing,Base,54,82,0,415,3,0.994,1.0,0.9647058823529412,0.9820359281437125,0.9823529411764707
primary_45_SilentProbing_feature_squeezing_Base,45,SilentProbing,feature_squeezing,Base,55,78,0,415,7,0.986,1.0,0.9176470588235294,0.9570552147239264,0.9588235294117646
primary_45_SilentProbing_feature_squeezing_Base,45,SilentProbing,feature_squeezing,Base,56,78,0,415,7,0.986,1.0,0.9176470588235294,0.9570552147239264,0.9588235294117646
primary_45_SilentProbing_feature_squeezing_Base,45,SilentProbing,feature_squeezing,Base,57,81,0,415,4,0.992,1.0,0.9529411764705882,0.9759036144578312,0.9764705882352941
primary_45_SilentProbing_feature_squeezing_Base,45,SilentProbing,feature_squeezing,Base,58,82,0,415,3,0.994,1.0,0.9647058823529412,0.9820359281437125,0.9823529411764707
primary_45_SilentProbing_feature_squeezing_Base,45,SilentProbing,feature_squeezing,Base,59,77,0,415,8,0.984,1.0,0.9058823529411765,0.9506172839506173,0.9529411764705882
primary_45_SilentProbing_feature_squeezing_Base,45,SilentProbing,feature_squeezing,Base,60,79,0,415,6,0.988,1.0,0.9294117647058824,0.9634146341463414,0.9647058823529412
primary_45_SilentProbing_feature_squeezing_Base,45,SilentProbing,feature_squeezing,Base,61,77,0,415,8,0.984,1.0,0.9058823529411765,0.9506172839506173,0.9529411764705882
primary_45_SilentProbing_feature_squeezing_Base,45,SilentProbing,feature_squeezing,Base,62,81,0,415,4,0.992,1.0,0.9529411764705882,0.9759036144578312,0.9764705882352941
primary_45_SilentProbing_feature_squeezing_Base,45,SilentProbing,feature_squeezing,Base,63,76,0,415,9,0.982,1.0,0.8941176470588236,0.9440993788819877,0.9470588235294117
primary_45_SilentProbing_feature_squeezing_Base,45,SilentProbing,feature_squeezing,Base,64,77,0,415,8,0.984,1.0,0.9058823529411765,0.9506172839506173,0.9529411764705882
primary_45_SilentProbing_feature_squeezing_Base,45,SilentProbing,feature_squeezing,Base,65,77,0,415,8,0.984,1.0,0.9058823529411765,0.9506172839506173,0.9529411764705882
primary_45_SilentProbing_feature_squeezing_Base,45,SilentProbing,feature_squeezing,Base,66,79,0,415,6,0.988,1.0,0.9294117647058824,0.9634146341463414,0.9647058823529412
primary_45_SilentProbing_feature_squeezing_Base,45,SilentProbing,feature_squeezing,Base,67,81,0,415,4,0.992,1.0,0.9529411764705882,0.9759036144578312,0.9764705882352941
primary_45_SilentProbing_feature_squeezing_Base,45,SilentProbing,feature_squeezing,Base,68,79,0,415,6,0.988,1.0,0.9294117647058824,0.9634146341463414,0.9647058823529412
primary_45_SilentProbing_feature_squeezing_Base,45,SilentProbing,feature_squeezing,Base,69,76,1,414,9,0.98,0.987012987012987,0.8941176470588236,0.9382716049382716,0.9458540042523034
primary_45_SilentProbing_feature_squeezing_Base,45,SilentProbing,feature_squeezing,Base,70,82,0,415,3,0.994,1.0,0.9647058823529412,0.9820359281437125,0.9823529411764707
primary_45_SilentProbing_feature_squeezing_Base,45,SilentProbing,feature_squeezing,Base,71,77,0,415,8,0.984,1.0,0.9058823529411765,0.9506172839506173,0.9529411764705882
primary_45_SilentProbing_feature_squeezing_Base,45,SilentProbing,feature_squeezing,Base,72,78,0,415,7,0.986,1.0,0.9176470588235294,0.9570552147239264,0.9588235294117646
primary_45_SilentProbing_feature_squeezing_Base,45,SilentProbing,feature_squeezing,Base,73,77,0,415,8,0.984,1.0,0.9058823529411765,0.9506172839506173,0.9529411764705882
primary_45_SilentProbing_feature_squeezing_Base,45,SilentProbing,feature_squeezing,Base,74,82,0,415,3,0.994,1.0,0.9647058823529412,0.9820359281437125,0.9823529411764707
primary_45_SilentProbing_feature_squeezing_Base,45,SilentProbing,feature_squeezing,Base,75,78,0,415,7,0.986,1.0,0.9176470588235294,0.9570552147239264,0.9588235294117646
primary_45_SilentProbing_feature_squeezing_Base,45,SilentProbing,feature_squeezing,Base,76,82,1,414,3,0.992,0.9879518072289156,0.9647058823529412,0.9761904761904762,0.9811481218993622
primary_45_SilentProbing_feature_squeezing_Base,45,SilentProbing,feature_squeezing,Base,77,80,0,415,5,0.99,1.0,0.9411764705882353,0.9696969696969697,0.9705882352941176
primary_45_SilentProbing_feature_squeezing_Base,45,SilentProbing,feature_squeezing,Base,78,79,0,415,6,0.988,1.0,0.9294117647058824,0.9634146341463414,0.9647058823529412
primary_45_SilentProbing_feature_squeezing_Base,45,SilentProbing,feature_squeezing,Base,79,80,0,415,5,0.99,1.0,0.9411764705882353,0.9696969696969697,0.9705882352941176
primary_45_SilentProbing_feature_squeezing_Base,45,SilentProbing,feature_squeezing,Base,80,77,0,415,8,0.984,1.0,0.9058823529411765,0.9506172839506173,0.9529411764705882
primary_45_SilentProbing_feature_squeezing_Base,45,SilentProbing,feature_squeezing,Base,81,75,0,415,10,0.98,1.0,0.8823529411764706,0.9375,0.9411764705882353
primary_45_SilentProbing_feature_squeezing_Base,45,SilentProbing,feature_squeezing,Base,82,79,0,415,6,0.988,1.0,0.9294117647058824,0.9634146341463414,0.9647058823529412
primary_45_SilentProbing_feature_squeezing_Base,45,SilentProbing,feature_squeezing,Base,83,76,0,415,9,0.982,1.0,0.8941176470588236,0.9440993788819877,0.9470588235294117
primary_45_SilentProbing_feature_squeezing_Base,45,SilentProbing,feature_squeezing,Base,84,79,0,415,6,0.988,1.0,0.9294117647058824,0.9634146341463414,0.9647058823529412
primary_45_SilentProbing_feature_squeezing_Base,45,SilentProbing,feature_squeezing,Base,85,81,0,415,4,0.992,1.0,0.9529411764705882,0.9759036144578312,0.9764705882352941
primary_45_SilentProbing_feature_squeezing_Base,45,SilentProbing,feature_squeezing,Base,86,75,1,414,10,0.978,0.9868421052631579,0.8823529411764706,0.9316770186335402,0.9399716513111269
primary_45_SilentProbing_feature_squeezing_Base,45,SilentProbing,feature_squeezing,Base,87,78,0,415,7,0.986,1.0,0.9176470588235294,0.9570552147239264,0.9588235294117646
primary_45_SilentProbing_feature_squeezing_Base,45,SilentProbing,feature_squeezing,Base,88,81,0,415,4,0.992,1.0,0.9529411764705882,0.9759036144578312,0.9764705882352941
primary_45_SilentProbing_feature_squeezing_Base,45,SilentProbing,feature_squeezing,Base,89,79,0,415,6,0.988,1.0,0.9294117647058824,0.9634146341463414,0.9647058823529412
primary_45_SilentProbing_feature_squeezing_Base,45,SilentProbing,feature_squeezing,Base,90,80,1,414,5,0.988,0.9876543209876543,0.9411764705882353,0.963855421686747,0.9693834160170092
primary_45_SilentProbing_feature_squeezing_Base,45,SilentProbing,feature_squeezing,Base,91,80,0,415,5,0.99,1.0,0.9411764705882353,0.9696969696969697,0.9705882352941176
primary_45_SilentProbing_feature_squeezing_Base,45,SilentProbing,feature_squeezing,Base,92,79,0,415,6,0.988,1.0,0.9294117647058824,0.9634146341463414,0.9647058823529412
primary_45_SilentProbing_feature_squeezing_Base,45,SilentProbing,feature_squeezing,Base,93,78,0,415,7,0.986,1.0,0.9176470588235294,0.9570552147239264,0.9588235294117646
primary_45_SilentProbing_feature_squeezing_Base,45,SilentProbing,feature_squeezing,Base,94,81,0,415,4,0.992,1.0,0.9529411764705882,0.9759036144578312,0.9764705882352941
primary_45_SilentProbing_feature_squeezing_Base,45,SilentProbing,feature_squeezing,Base,95,81,0,415,4,0.992,1.0,0.9529411764705882,0.9759036144578312,0.9764705882352941
primary_45_SilentProbing_feature_squeezing_Base,45,SilentProbing,feature_squeezing,Base,96,84,0,415,1,0.998,1.0,0.9882352941176471,0.9940828402366864,0.9941176470588236
primary_45_SilentProbing_feature_squeezing_Base,45,SilentProbing,feature_squeezing,Base,97,74,1,414,11,0.976,0.9866666666666667,0.8705882352941177,0.925,0.9340892983699505
primary_45_SilentProbing_feature_squeezing_Base,45,SilentProbing,feature_squeezing,Base,98,79,0,415,6,0.988,1.0,0.9294117647058824,0.9634146341463414,0.9647058823529412
primary_45_SilentProbing_feature_squeezing_Base,45,SilentProbing,feature_squeezing,Base,99,80,0,415,5,0.99,1.0,0.9411764705882353,0.9696969696969697,0.9705882352941176
primary_45_SilentProbing_feature_squeezing_Base,45,SilentProbing,feature_squeezing,Base,100,81,0,415,4,0.992,1.0,0.9529411764705882,0.9759036144578312,0.9764705882352941
primary_45_SilentProbing_feature_squeezing_Base,45,SilentProbing,feature_squeezing,Base,101,80,0,415,5,0.99,1.0,0.9411764705882353,0.9696969696969697,0.9705882352941176
primary_45_SilentProbing_feature_squeezing_Base,45,SilentProbing,feature_squeezing,Base,102,81,0,415,4,0.992,1.0,0.9529411764705882,0.9759036144578312,0.9764705882352941
primary_45_SilentProbing_feature_squeezing_Base,45,SilentProbing,feature_squeezing,Base,103,81,0,415,4,0.992,1.0,0.9529411764705882,0.9759036144578312,0.9764705882352941
primary_45_SilentProbing_feature_squeezing_Base,45,SilentProbing,feature_squeezing,Base,104,80,0,415,5,0.99,1.0,0.9411764705882353,0.9696969696969697,0.9705882352941176
primary_45_SilentProbing_feature_squeezing_Base,45,SilentProbing,feature_squeezing,Base,105,81,0,415,4,0.992,1.0,0.9529411764705882,0.9759036144578312,0.9764705882352941
primary_45_SilentProbing_feature_squeezing_Base,45,SilentProbing,feature_squeezing,Base,106,78,0,415,7,0.986,1.0,0.9176470588235294,0.9570552147239264,0.9588235294117646
primary_45_SilentProbing_feature_squeezing_Base,45,SilentProbing,feature_squeezing,Base,107,78,0,415,7,0.986,1.0,0.9176470588235294,0.9570552147239264,0.9588235294117646
primary_45_SilentProbing_feature_squeezing_Base,45,SilentProbing,feature_squeezing,Base,108,81,0,415,4,0.992,1.0,0.9529411764705882,0.9759036144578312,0.9764705882352941
primary_45_SilentProbing_feature_squeezing_Base,45,SilentProbing,feature_squeezing,Base,109,77,0,415,8,0.984,1.0,0.9058823529411765,0.9506172839506173,0.9529411764705882
primary_45_SilentProbing_feature_squeezing_Base,45,SilentProbing,feature_squeezing,Base,110,77,1,414,8,0.982,0.9871794871794872,0.9058823529411765,0.9447852760736197,0.9517363571934798
primary_45_SilentProbing_feature_squeezing_Base,45,SilentProbing,feature_squeezing,Base,111,83,0,415,2,0.996,1.0,0.9764705882352941,0.988095238095238,0.9882352941176471
primary_45_SilentProbing_feature_squeezing_Base,45,SilentProbing,feature_squeezing,Base,112,81,1,414,4,0.99,0.9878048780487805,0.9529411764705882,0.9700598802395209,0.9752657689581856
primary_45_SilentProbing_feature_squeezing_Base,45,SilentProbing,feature_squeezing,Base,113,79,0,415,6,0.988,1.0,0.9294117647058824,0.9634146341463414,0.9647058823529412
primary_45_SilentProbing_feature_squeezing_Base,45,SilentProbing,feature_squeezing,Base,114,78,0,415,7,0.986,1.0,0.9176470588235294,0.9570552147239264,0.9588235294117646
primary_45_SilentProbing_feature_squeezing_Base,45,SilentProbing,feature_squeezing,Base,115,77,0,415,8,0.984,1.0,0.9058823529411765,0.9506172839506173,0.9529411764705882
primary_45_SilentProbing_feature_squeezing_Base,45,SilentProbing,feature_squeezing,Base,116,77,0,415,8,0.984,1.0,0.9058823529411765,0.9506172839506173,0.9529411764705882
primary_45_SilentProbing_feature_squeezing_Base,45,SilentProbing,feature_squeezing,Base,117,80,1,414,5,0.988,0.9876543209876543,0.9411764705882353,0.963855421686747,0.9693834160170092
primary_45_SilentProbing_feature_squeezing_Base,45,SilentProbing,feature_squeezing,Base,118,78,0,415,7,0.986,1.0,0.9176470588235294,0.9570552147239264,0.9588235294117646
primary_45_SilentProbing_feature_squeezing_Base,45,SilentProbing,feature_squeezing,Base,119,80,0,415,5,0.99,1.0,0.9411764705882353,0.9696969696969697,0.9705882352941176
primary_45_SilentProbing_feature_squeezing_Base,45,SilentProbing,feature_squeezing,Base,120,81,0,415,4,0.992,1.0,0.9529411764705882,0.9759036144578312,0.9764705882352941
primary_45_SilentProbing_feature_squeezing_Base,45,SilentProbing,feature_squeezing,Base,121,81,0,415,4,0.992,1.0,0.9529411764705882,0.9759036144578312,0.9764705882352941
primary_45_SilentProbing_feature_squeezing_Base,45,SilentProbing,feature_squeezing,Base,122,80,0,415,5,0.99,1.0,0.9411764705882353,0.9696969696969697,0.9705882352941176
primary_45_SilentProbing_feature_squeezing_Base,45,SilentProbing,feature_squeezing,Base,123,75,0,415,10,0.98,1.0,0.8823529411764706,0.9375,0.9411764705882353
primary_45_SilentProbing_feature_squeezing_Base,45,SilentProbing,feature_squeezing,Base,124,78,0,415,7,0.986,1.0,0.9176470588235294,0.9570552147239264,0.9588235294117646
primary_45_SilentProbing_feature_squeezing_Base,45,SilentProbing,feature_squeezing,Base,125,79,0,415,6,0.988,1.0,0.9294117647058824,0.9634146341463414,0.9647058823529412
primary_45_SilentProbing_feature_squeezing_Base,45,SilentProbing,feature_squeezing,Base,126,82,0,415,3,0.994,1.0,0.9647058823529412,0.9820359281437125,0.9823529411764707
primary_45_SilentProbing_feature_squeezing_Base,45,SilentProbing,feature_squeezing,Base,127,75,0,415,10,0.98,1.0,0.8823529411764706,0.9375,0.9411764705882353
primary_45_SilentProbing_feature_squeezing_Base,45,SilentProbing,feature_squeezing,Base,128,82,0,415,3,0.994,1.0,0.9647058823529412,0.9820359281437125,0.9823529411764707
primary_45_SilentProbing_feature_squeezing_Base,45,SilentProbing,feature_squeezing,Base,129,79,0,415,6,0.988,1.0,0.9294117647058824,0.9634146341463414,0.9647058823529412
primary_45_SilentProbing_feature_squeezing_Base,45,SilentProbing,feature_squeezing,Base,130,83,0,415,2,0.996,1.0,0.9764705882352941,0.988095238095238,0.9882352941176471
primary_45_SilentProbing_feature_squeezing_Base,45,SilentProbing,feature_squeezing,Base,131,78,0,415,7,0.986,1.0,0.9176470588235294,0.9570552147239264,0.9588235294117646
primary_45_SilentProbing_feature_squeezing_Base,45,SilentProbing,feature_squeezing,Base,132,78,0,415,7,0.986,1.0,0.9176470588235294,0.9570552147239264,0.9588235294117646
primary_45_SilentProbing_feature_squeezing_Base,45,SilentProbing,feature_squeezing,Base,133,81,0,415,4,0.992,1.0,0.9529411764705882,0.9759036144578312,0.9764705882352941
primary_45_SilentProbing_feature_squeezing_Base,45,SilentProbing,feature_squeezing,Base,134,77,0,415,8,0.984,1.0,0.9058823529411765,0.9506172839506173,0.9529411764705882
primary_45_SilentProbing_feature_squeezing_Base,45,SilentProbing,feature_squeezing,Base,135,83,0,415,2,0.996,1.0,0.9764705882352941,0.988095238095238,0.9882352941176471
primary_45_SilentProbing_feature_squeezing_Base,45,SilentProbing,feature_squeezing,Base,136,80,0,415,5,0.99,1.0,0.9411764705882353,0.9696969696969697,0.9705882352941176
primary_45_SilentProbing_feature_squeezing_Base,45,SilentProbing,feature_squeezing,Base,137,78,0,415,7,0.986,1.0,0.9176470588235294,0.9570552147239264,0.9588235294117646
primary_45_SilentProbing_feature_squeezing_Base,45,SilentProbing,feature_squeezing,Base,138,81,0,415,4,0.992,1.0,0.9529411764705882,0.9759036144578312,0.9764705882352941
primary_45_SilentProbing_feature_squeezing_Base,45,SilentProbing,feature_squeezing,Base,139,78,0,415,7,0.986,1.0,0.9176470588235294,0.9570552147239264,0.9588235294117646
primary_45_SilentProbing_feature_squeezing_Base,45,SilentProbing,feature_squeezing,Base,140,77,0,415,8,0.984,1.0,0.9058823529411765,0.9506172839506173,0.9529411764705882
primary_45_SilentProbing_feature_squeezing_Base,45,SilentProbing,feature_squeezing,Base,141,77,0,415,8,0.984,1.0,0.9058823529411765,0.9506172839506173,0.9529411764705882
primary_45_SilentProbing_feature_squeezing_Base,45,SilentProbing,feature_squeezing,Base,142,84,0,415,1,0.998,1.0,0.9882352941176471,0.9940828402366864,0.9941176470588236
primary_45_SilentProbing_feature_squeezing_Base,45,SilentProbing,feature_squeezing,Base,143,80,0,415,5,0.99,1.0,0.9411764705882353,0.9696969696969697,0.9705882352941176
primary_45_SilentProbing_feature_squeezing_C1,45,SilentProbing,feature_squeezing,C1,0,80,0,414,6,0.988,1.0,0.9302325581395349,0.963855421686747,0.9651162790697674
primary_45_SilentProbing_feature_squeezing_C1,45,SilentProbing,feature_squeezing,C1,1,79,0,414,7,0.986,1.0,0.9186046511627907,0.9575757575757576,0.9593023255813953
primary_45_SilentProbing_feature_squeezing_C1,45,SilentProbing,feature_squeezing,C1,2,83,1,413,3,0.992,0.9880952380952381,0.9651162790697675,0.9764705882352942,0.9813504100662847
primary_45_SilentProbing_feature_squeezing_C1,45,SilentProbing,feature_squeezing,C1,3,84,0,414,2,0.996,1.0,0.9767441860465116,0.988235294117647,0.9883720930232558
primary_45_SilentProbing_feature_squeezing_C1,45,SilentProbing,feature_squeezing,C1,4,84,1,413,2,0.994,0.9882352941176471,0.9767441860465116,0.9824561403508771,0.9871643635546568
primary_45_SilentProbing_feature_squeezing_C1,45,SilentProbing,feature_squeezing,C1,5,83,0,414,3,0.994,1.0,0.9651162790697675,0.9822485207100593,0.9825581395348837
primary_45_SilentProbing_feature_squeezing_C1,45,SilentProbing,feature_squeezing,C1,6,82,0,414,4,0.992,1.0,0.9534883720930233,0.9761904761904763,0.9767441860465116
primary_45_SilentProbing_feature_squeezing_C1,45,SilentProbing,feature_squeezing,C1,7,81,1,413,5,0.988,0.9878048780487805,0.9418604651162791,0.9642857142857143,0.9697225030895404
primary_45_SilentProbing_feature_squeezing_C1,45,SilentProbing,feature_squeezing,C1,8,81,1,413,5,0.988,0.9878048780487805,0.9418604651162791,0.9642857142857143,0.9697225030895404
primary_45_SilentProbing_feature_squeezing_C1,45,SilentProbing,feature_squeezing,C1,9,84,0,414,2,0.996,1.0,0.9767441860465116,0.988235294117647,0.9883720930232558
primary_45_SilentProbing_feature_squeezing_C1,45,SilentProbing,feature_squeezing,C1,10,81,1,413,5,0.988,0.9878048780487805,0.9418604651162791,0.9642857142857143,0.9697225030895404
primary_45_SilentProbing_feature_squeezing_C1,45,SilentProbing,feature_squeezing,C1,11,80,0,414,6,0.988,1.0,0.9302325581395349,0.963855421686747,0.9651162790697674
primary_45_SilentProbing_feature_squeezing_C1,45,SilentProbing,feature_squeezing,C1,12,83,0,414,3,0.994,1.0,0.9651162790697675,0.9822485207100593,0.9825581395348837
primary_45_SilentProbing_feature_squeezing_C1,45,SilentProbing,feature_squeezing,C1,13,84,0,414,2,0.996,1.0,0.9767441860465116,0.988235294117647,0.9883720930232558
primary_45_SilentProbing_feature_squeezing_C1,45,SilentProbing,feature_squeezing,C1,14,84,1,413,2,0.994,0.9882352941176471,0.9767441860465116,0.9824561403508771,0.9871643635546568
primary_45_SilentProbing_feature_squeezing_C1,45,SilentProbing,feature_squeezing,C1,15,83,0,414,3,0.994,1.0,0.9651162790697675,0.9822485207100593,0.9825581395348837
primary_45_SilentProbing_feature_squeezing_C1,45,SilentProbing,feature_squeezing,C1,16,78,0,414,8,0.984,1.0,0.9069767441860465,0.951219512195122,0.9534883720930232
primary_45_SilentProbing_feature_squeezing_C1,45,SilentProbing,feature_squeezing,C1,17,84,0,415,1,0.998,1.0,0.9882352941176471,0.9940828402366864,0.9941176470588236
primary_45_SilentProbing_feature_squeezing_C1,45,SilentProbing,feature_squeezing,C1,18,80,0,415,5,0.99,1.0,0.9411764705882353,0.9696969696969697,0.9705882352941176
primary_45_SilentProbing_feature_squeezing_C1,45,SilentProbing,feature_squeezing,C1,19,83,0,415,2,0.996,1.0,0.9764705882352941,0.988095238095238,0.9882352941176471
primary_45_SilentProbing_feature_squeezing_C1,45,SilentProbing,feature_squeezing,C1,20,74,0,415,11,0.978,1.0,0.8705882352941177,0.9308176100628931,0.9352941176470588
primary_45_SilentProbing_feature_squeezing_C1,45,SilentProbing,feature_squeezing,C1,21,76,1,414,9,0.98,0.987012987012987,0.8941176470588236,0.9382716049382716,0.9458540042523034
primary_45_SilentProbing_feature_squeezing_C1,45,SilentProbing,feature_squeezing,C1,22,78,0,415,7,0.986,1.0,0.9176470588235294,0.9570552147239264,0.9588235294117646
primary_45_SilentProbing_feature_squeezing_C1,45,SilentProbing,feature_squeezing,C1,23,81,0,415,4,0.992,1.0,0.9529411764705882,0.9759036144578312,0.9764705882352941
primary_45_SilentProbing_feature_squeezing_C1,45,SilentProbing,feature_squeezing,C1,24,80,1,414,5,0.988,0.9876543209876543,0.9411764705882353,0.963855421686747,0.9693834160170092
primary_45_SilentProbing_feature_squeezing_C1,45,SilentProbing,feature_squeezing,C1,25,77,0,415,8,0.984,1.0,0.9058823529411765,0.9506172839506173,0.9529411764705882
primary_45_SilentProbing_feature_squeezing_C1,45,SilentProbing,feature_squeezing,C1,26,77,0,415,8,0.984,1.0,0.9058823529411765,0.9506172839506173,0.9529411764705882
primary_45_SilentProbing_feature_squeezing_C1,45,SilentProbing,feature_squeezing,C1,27,77,0,415,8,0.984,1.0,0.9058823529411765,0.9506172839506173,0.9529411764705882
primary_45_SilentProbing_feature_squeezing_C1,45,SilentProbing,feature_squeezing,C1,28,79,0,415,6,0.988,1.0,0.9294117647058824,0.9634146341463414,0.9647058823529412
primary_45_SilentProbing_feature_squeezing_C1,45,SilentProbing,feature_squeezing,C1,29,80,0,415,5,0.99,1.0,0.9411764705882353,0.9696969696969697,0.9705882352941176
primary_45_SilentProbing_feature_squeezing_C1,45,SilentProbing,feature_squeezing,C1,30,79,0,415,6,0.988,1.0,0.9294117647058824,0.9634146341463414,0.9647058823529412
primary_45_SilentProbing_feature_squeezing_C1,45,SilentProbing,feature_squeezing,C1,31,78,1,414,7,0.984,0.9873417721518988,0.9176470588235294,0.9512195121951219,0.9576187101346563
primary_45_SilentProbing_feature_squeezing_C1,45,SilentProbing,feature_squeezing,C1,32,80,0,415,5,0.99,1.0,0.9411764705882353,0.9696969696969697,0.9705882352941176
primary_45_SilentProbing_feature_squeezing_C1,45,SilentProbing,feature_squeezing,C1,33,81,0,415,4,0.992,1.0,0.9529411764705882,0.9759036144578312,0.9764705882352941
primary_45_SilentProbing_feature_squeezing_C1,45,SilentProbing,feature_squeezing,C1,34,79,1,414,6,0.986,0.9875,0.9294117647058824,0.9575757575757576,0.9635010630758327
primary_45_SilentProbing_feature_squeezing_C1,45,SilentProbing,feature_squeezing,C1,35,75,0,415,10,0.98,1.0,0.8823529411764706,0.9375,0.9411764705882353
primary_45_SilentProbing_feature_squeezing_C1,45,SilentProbing,feature_squeezing,C1,36,80,0,415,5,0.99,1.0,0.9411764705882353,0.9696969696969697,0.9705882352941176
primary_45_SilentProbing_feature_squeezing_C1,45,SilentProbing,feature_squeezing,C1,37,81,1,414,4,0.99,0.9878048780487805,0.9529411764705882,0.9700598802395209,0.9752657689581856
primary_45_SilentProbing_feature_squeezing_C1,45,SilentProbing,feature_squeezing,C1,38,81,0,415,4,0.992,1.0,0.9529411764705882,0.9759036144578312,0.9764705882352941
primary_45_SilentProbing_feature_squeezing_C1,45,SilentProbing,feature_squeezing,C1,39,81,0,415,4,0.992,1.0,0.9529411764705882,0.9759036144578312,0.9764705882352941
primary_45_SilentProbing_feature_squeezing_C1,45,SilentProbing,feature_squeezing,C1,40,82,0,415,3,0.994,1.0,0.9647058823529412,0.9820359281437125,0.9823529411764707
primary_45_SilentProbing_feature_squeezing_C1,45,SilentProbing,feature_squeezing,C1,41,82,0,415,3,0.994,1.0,0.9647058823529412,0.9820359281437125,0.9823529411764707
primary_45_SilentProbing_feature_squeezing_C1,45,SilentProbing,feature_squeezing,C1,42,81,0,415,4,0.992,1.0,0.9529411764705882,0.9759036144578312,0.9764705882352941
primary_45_SilentProbing_feature_squeezing_C1,45,SilentProbing,feature_squeezing,C1,43,78,1,414,7,0.984,0.9873417721518988,0.9176470588235294,0.9512195121951219,0.9576187101346563
primary_45_SilentProbing_feature_squeezing_C1,45,SilentProbing,feature_squeezing,C1,44,79,0,415,6,0.988,1.0,0.9294117647058824,0.9634146341463414,0.9647058823529412
primary_45_SilentProbing_feature_squeezing_C1,45,SilentProbing,feature_squeezing,C1,45,81,0,415,4,0.992,1.0,0.9529411764705882,0.9759036144578312,0.9764705882352941
primary_45_SilentProbing_feature_squeezing_C1,45,SilentProbing,feature_squeezing,C1,46,81,1,414,4,0.99,0.9878048780487805,0.9529411764705882,0.9700598802395209,0.9752657689581856
primary_45_SilentProbing_feature_squeezing_C1,45,SilentProbing,feature_squeezing,C1,47,76,0,415,9,0.982,1.0,0.8941176470588236,0.9440993788819877,0.9470588235294117
primary_45_SilentProbing_feature_squeezing_C1,45,SilentProbing,feature_squeezing,C1,48,81,0,415,4,0.992,1.0,0.9529411764705882,0.9759036144578312,0.9764705882352941
primary_45_SilentProbing_feature_squeezing_C1,45,SilentProbing,feature_squeezing,C1,49,77,0,415,8,0.984,1.0,0.9058823529411765,0.9506172839506173,0.9529411764705882
primary_45_SilentProbing_feature_squeezing_C1,45,SilentProbing,feature_squeezing,C1,50,81,0,415,4,0.992,1.0,0.9529411764705882,0.9759036144578312,0.9764705882352941
primary_45_SilentProbing_feature_squeezing_C1,45,SilentProbing,feature_squeezing,C1,51,80,1,414,5,0.988,0.9876543209876543,0.9411764705882353,0.963855421686747,0.9693834160170092
primary_45_SilentProbing_feature_squeezing_C1,45,SilentProbing,feature_squeezing,C1,52,80,1,414,5,0.988,0.9876543209876543,0.9411764705882353,0.963855421686747,0.9693834160170092
primary_45_SilentProbing_feature_squeezing_C1,45,SilentProbing,feature_squeezing,C1,53,77,1,414,8,0.982,0.9871794871794872,0.9058823529411765,0.9447852760736197,0.9517363571934798
primary_45_SilentProbing_feature_squeezing_C1,45,SilentProbing,feature_squeezing,C1,54,82,0,415,3,0.994,1.0,0.9647058823529412,0.9820359281437125,0.9823529411764707
primary_45_SilentProbing_feature_squeezing_C1,45,SilentProbing,feature_squeezing,C1,55,78,0,415,7,0.986,1.0,0.9176470588235294,0.9570552147239264,0.9588235294117646
primary_45_SilentProbing_feature_squeezing_C1,45,SilentProbing,feature_squeezing,C1,56,78,0,415,7,0.986,1.0,0.9176470588235294,0.9570552147239264,0.9588235294117646
primary_45_SilentProbing_feature_squeezing_C1,45,SilentProbing,feature_squeezing,C1,57,81,0,415,4,0.992,1.0,0.9529411764705882,0.9759036144578312,0.9764705882352941
primary_45_SilentProbing_feature_squeezing_C1,45,SilentProbing,feature_squeezing,C1,58,82,1,414,3,0.992,0.9879518072289156,0.9647058823529412,0.9761904761904762,0.9811481218993622
primary_45_SilentProbing_feature_squeezing_C1,45,SilentProbing,feature_squeezing,C1,59,78,0,415,7,0.986,1.0,0.9176470588235294,0.9570552147239264,0.9588235294117646
primary_45_SilentProbing_feature_squeezing_C1,45,SilentProbing,feature_squeezing,C1,60,81,0,415,4,0.992,1.0,0.9529411764705882,0.9759036144578312,0.9764705882352941
primary_45_SilentProbing_feature_squeezing_C1,45,SilentProbing,feature_squeezing,C1,61,79,0,415,6,0.988,1.0,0.9294117647058824,0.9634146341463414,0.9647058823529412
primary_45_SilentProbing_feature_squeezing_C1,45,SilentProbing,feature_squeezing,C1,62,81,0,415,4,0.992,1.0,0.9529411764705882,0.9759036144578312,0.9764705882352941
primary_45_SilentProbing_feature_squeezing_C1,45,SilentProbing,feature_squeezing,C1,63,77,0,415,8,0.984,1.0,0.9058823529411765,0.9506172839506173,0.9529411764705882
primary_45_SilentProbing_feature_squeezing_C1,45,SilentProbing,feature_squeezing,C1,64,77,0,415,8,0.984,1.0,0.9058823529411765,0.9506172839506173,0.9529411764705882
primary_45_SilentProbing_feature_squeezing_C1,45,SilentProbing,feature_squeezing,C1,65,78,0,415,7,0.986,1.0,0.9176470588235294,0.9570552147239264,0.9588235294117646
primary_45_SilentProbing_feature_squeezing_C1,45,SilentProbing,feature_squeezing,C1,66,80,0,415,5,0.99,1.0,0.9411764705882353,0.9696969696969697,0.9705882352941176
primary_45_SilentProbing_feature_squeezing_C1,45,SilentProbing,feature_squeezing,C1,67,81,0,415,4,0.992,1.0,0.9529411764705882,0.9759036144578312,0.9764705882352941
primary_45_SilentProbing_feature_squeezing_C1,45,SilentProbing,feature_squeezing,C1,68,79,0,415,6,0.988,1.0,0.9294117647058824,0.9634146341463414,0.9647058823529412
primary_45_SilentProbing_feature_squeezing_C1,45,SilentProbing,feature_squeezing,C1,69,80,1,414,5,0.988,0.9876543209876543,0.9411764705882353,0.963855421686747,0.9693834160170092
primary_45_SilentProbing_feature_squeezing_C1,45,SilentProbing,feature_squeezing,C1,70,82,0,415,3,0.994,1.0,0.9647058823529412,0.9820359281437125,0.9823529411764707
primary_45_SilentProbing_feature_squeezing_C1,45,SilentProbing,feature_squeezing,C1,71,77,0,415,8,0.984,1.0,0.9058823529411765,0.9506172839506173,0.9529411764705882
primary_45_SilentProbing_feature_squeezing_C1,45,SilentProbing,feature_squeezing,C1,72,78,0,415,7,0.986,1.0,0.9176470588235294,0.9570552147239264,0.9588235294117646
primary_45_SilentProbing_feature_squeezing_C1,45,SilentProbing,feature_squeezing,C1,73,77,0,415,8,0.984,1.0,0.9058823529411765,0.9506172839506173,0.9529411764705882
primary_45_SilentProbing_feature_squeezing_C1,45,SilentProbing,feature_squeezing,C1,74,82,0,415,3,0.994,1.0,0.9647058823529412,0.9820359281437125,0.9823529411764707
primary_45_SilentProbing_feature_squeezing_C1,45,SilentProbing,feature_squeezing,C1,75,78,0,415,7,0.986,1.0,0.9176470588235294,0.9570552147239264,0.9588235294117646
primary_45_SilentProbing_feature_squeezing_C1,45,SilentProbing,feature_squeezing,C1,76,82,0,415,3,0.994,1.0,0.9647058823529412,0.9820359281437125,0.9823529411764707
primary_45_SilentProbing_feature_squeezing_C1,45,SilentProbing,feature_squeezing,C1,77,80,0,415,5,0.99,1.0,0.9411764705882353,0.9696969696969697,0.9705882352941176
primary_45_SilentProbing_feature_squeezing_C1,45,SilentProbing,feature_squeezing,C1,78,83,0,415,2,0.996,1.0,0.9764705882352941,0.988095238095238,0.9882352941176471
primary_45_SilentProbing_feature_squeezing_C1,45,SilentProbing,feature_squeezing,C1,79,81,0,415,4,0.992,1.0,0.9529411764705882,0.9759036144578312,0.9764705882352941
primary_45_SilentProbing_feature_squeezing_C1,45,SilentProbing,feature_squeezing,C1,80,78,0,415,7,0.986,1.0,0.9176470588235294,0.9570552147239264,0.9588235294117646
primary_45_SilentProbing_feature_squeezing_C1,45,SilentProbing,feature_squeezing,C1,81,76,0,415,9,0.982,1.0,0.8941176470588236,0.9440993788819877,0.9470588235294117
primary_45_SilentProbing_feature_squeezing_C1,45,SilentProbing,feature_squeezing,C1,82,79,0,415,6,0.988,1.0,0.9294117647058824,0.9634146341463414,0.9647058823529412
primary_45_SilentProbing_feature_squeezing_C1,45,SilentProbing,feature_squeezing,C1,83,78,0,415,7,0.986,1.0,0.9176470588235294,0.9570552147239264,0.9588235294117646
primary_45_SilentProbing_feature_squeezing_C1,45,SilentProbing,feature_squeezing,C1,84,79,0,415,6,0.988,1.0,0.9294117647058824,0.9634146341463414,0.9647058823529412
primary_45_SilentProbing_feature_squeezing_C1,45,SilentProbing,feature_squeezing,C1,85,82,1,414,3,0.992,0.9879518072289156,0.9647058823529412,0.9761904761904762,0.9811481218993622
primary_45_SilentProbing_feature_squeezing_C1,45,SilentProbing,feature_squeezing,C1,86,76,1,414,9,0.98,0.987012987012987,0.8941176470588236,0.9382716049382716,0.9458540042523034
primary_45_SilentProbing_feature_squeezing_C1,45,SilentProbing,feature_squeezing,C1,87,78,0,415,7,0.986,1.0,0.9176470588235294,0.9570552147239264,0.9588235294117646
primary_45_SilentProbing_feature_squeezing_C1,45,SilentProbing,feature_squeezing,C1,88,81,0,415,4,0.992,1.0,0.9529411764705882,0.9759036144578312,0.9764705882352941
primary_45_SilentProbing_feature_squeezing_C1,45,SilentProbing,feature_squeezing,C1,89,79,1,414,6,0.986,0.9875,0.9294117647058824,0.9575757575757576,0.9635010630758327
primary_45_SilentProbing_feature_squeezing_C1,45,SilentProbing,feature_squeezing,C1,90,81,1,414,4,0.99,0.9878048780487805,0.9529411764705882,0.9700598802395209,0.9752657689581856
primary_45_SilentProbing_feature_squeezing_C1,45,SilentProbing,feature_squeezing,C1,91,80,1,414,5,0.988,0.9876543209876543,0.9411764705882353,0.963855421686747,0.9693834160170092
primary_45_SilentProbing_feature_squeezing_C1,45,SilentProbing,feature_squeezing,C1,92,80,0,415,5,0.99,1.0,0.9411764705882353,0.9696969696969697,0.9705882352941176
primary_45_SilentProbing_feature_squeezing_C1,45,SilentProbing,feature_squeezing,C1,93,79,0,415,6,0.988,1.0,0.9294117647058824,0.9634146341463414,0.9647058823529412
primary_45_SilentProbing_feature_squeezing_C1,45,SilentProbing,feature_squeezing,C1,94,81,0,415,4,0.992,1.0,0.9529411764705882,0.9759036144578312,0.9764705882352941
primary_45_SilentProbing_feature_squeezing_C1,45,SilentProbing,feature_squeezing,C1,95,81,0,415,4,0.992,1.0,0.9529411764705882,0.9759036144578312,0.9764705882352941
primary_45_SilentProbing_feature_squeezing_C1,45,SilentProbing,feature_squeezing,C1,96,84,0,415,1,0.998,1.0,0.9882352941176471,0.9940828402366864,0.9941176470588236
primary_45_SilentProbing_feature_squeezing_C1,45,SilentProbing,feature_squeezing,C1,97,75,1,414,10,0.978,0.9868421052631579,0.8823529411764706,0.9316770186335402,0.9399716513111269
primary_45_SilentProbing_feature_squeezing_C1,45,SilentProbing,feature_squeezing,C1,98,80,0,415,5,0.99,1.0,0.9411764705882353,0.9696969696969697,0.9705882352941176
primary_45_SilentProbing_feature_squeezing_C1,45,SilentProbing,feature_squeezing,C1,99,81,0,415,4,0.992,1.0,0.9529411764705882,0.9759036144578312,0.9764705882352941
primary_45_SilentProbing_feature_squeezing_C1,45,SilentProbing,feature_squeezing,C1,100,81,0,415,4,0.992,1.0,0.9529411764705882,0.9759036144578312,0.9764705882352941
primary_45_SilentProbing_feature_squeezing_C1,45,SilentProbing,feature_squeezing,C1,101,81,0,415,4,0.992,1.0,0.9529411764705882,0.9759036144578312,0.9764705882352941
primary_45_SilentProbing_feature_squeezing_C1,45,SilentProbing,feature_squeezing,C1,102,82,0,415,3,0.994,1.0,0.9647058823529412,0.9820359281437125,0.9823529411764707
primary_45_SilentProbing_feature_squeezing_C1,45,SilentProbing,feature_squeezing,C1,103,81,0,415,4,0.992,1.0,0.9529411764705882,0.9759036144578312,0.9764705882352941
primary_45_SilentProbing_feature_squeezing_C1,45,SilentProbing,feature_squeezing,C1,104,81,0,415,4,0.992,1.0,0.9529411764705882,0.9759036144578312,0.9764705882352941
primary_45_SilentProbing_feature_squeezing_C1,45,SilentProbing,feature_squeezing,C1,105,82,0,415,3,0.994,1.0,0.9647058823529412,0.9820359281437125,0.9823529411764707
primary_45_SilentProbing_feature_squeezing_C1,45,SilentProbing,feature_squeezing,C1,106,79,0,415,6,0.988,1.0,0.9294117647058824,0.9634146341463414,0.9647058823529412
primary_45_SilentProbing_feature_squeezing_C1,45,SilentProbing,feature_squeezing,C1,107,79,0,415,6,0.988,1.0,0.9294117647058824,0.9634146341463414,0.9647058823529412
primary_45_SilentProbing_feature_squeezing_C1,45,SilentProbing,feature_squeezing,C1,108,81,0,415,4,0.992,1.0,0.9529411764705882,0.9759036144578312,0.9764705882352941
primary_45_SilentProbing_feature_squeezing_C1,45,SilentProbing,feature_squeezing,C1,109,78,0,415,7,0.986,1.0,0.9176470588235294,0.9570552147239264,0.9588235294117646
primary_45_SilentProbing_feature_squeezing_C1,45,SilentProbing,feature_squeezing,C1,110,78,1,414,7,0.984,0.9873417721518988,0.9176470588235294,0.9512195121951219,0.9576187101346563
primary_45_SilentProbing_feature_squeezing_C1,45,SilentProbing,feature_squeezing,C1,111,84,0,415,1,0.998,1.0,0.9882352941176471,0.9940828402366864,0.9941176470588236
primary_45_SilentProbing_feature_squeezing_C1,45,SilentProbing,feature_squeezing,C1,112,81,1,414,4,0.99,0.9878048780487805,0.9529411764705882,0.9700598802395209,0.9752657689581856
primary_45_SilentProbing_feature_squeezing_C1,45,SilentProbing,feature_squeezing,C1,113,79,1,414,6,0.986,0.9875,0.9294117647058824,0.9575757575757576,0.9635010630758327
primary_45_SilentProbing_feature_squeezing_C1,45,SilentProbing,feature_squeezing,C1,114,79,0,415,6,0.988,1.0,0.9294117647058824,0.9634146341463414,0.9647058823529412
primary_45_SilentProbing_feature_squeezing_C1,45,SilentProbing,feature_squeezing,C1,115,77,0,415,8,0.984,1.0,0.9058823529411765,0.9506172839506173,0.9529411764705882
primary_45_SilentProbing_feature_squeezing_C1,45,SilentProbing,feature_squeezing,C1,116,78,0,415,7,0.986,1.0,0.9176470588235294,0.9570552147239264,0.9588235294117646
primary_45_SilentProbing_feature_squeezing_C1,45,SilentProbing,feature_squeezing,C1,117,80,0,415,5,0.99,1.0,0.9411764705882353,0.9696969696969697,0.9705882352941176
primary_45_SilentProbing_feature_squeezing_C1,45,SilentProbing,feature_squeezing,C1,118,78,1,414,7,0.984,0.9873417721518988,0.9176470588235294,0.9512195121951219,0.9576187101346563
primary_45_SilentProbing_feature_squeezing_C1,45,SilentProbing,feature_squeezing,C1,119,80,0,415,5,0.99,1.0,0.9411764705882353,0.9696969696969697,0.9705882352941176
primary_45_SilentProbing_feature_squeezing_C1,45,SilentProbing,feature_squeezing,C1,120,81,0,415,4,0.992,1.0,0.9529411764705882,0.9759036144578312,0.9764705882352941
primary_45_SilentProbing_feature_squeezing_C1,45,SilentProbing,feature_squeezing,C1,121,81,0,415,4,0.992,1.0,0.9529411764705882,0.9759036144578312,0.9764705882352941
primary_45_SilentProbing_feature_squeezing_C1,45,SilentProbing,feature_squeezing,C1,122,80,0,415,5,0.99,1.0,0.9411764705882353,0.9696969696969697,0.9705882352941176
primary_45_SilentProbing_feature_squeezing_C1,45,SilentProbing,feature_squeezing,C1,123,76,0,415,9,0.982,1.0,0.8941176470588236,0.9440993788819877,0.9470588235294117
primary_45_SilentProbing_feature_squeezing_C1,45,SilentProbing,feature_squeezing,C1,124,80,0,415,5,0.99,1.0,0.9411764705882353,0.9696969696969697,0.9705882352941176
primary_45_SilentProbing_feature_squeezing_C1,45,SilentProbing,feature_squeezing,C1,125,80,1,414,5,0.988,0.9876543209876543,0.9411764705882353,0.963855421686747,0.9693834160170092
primary_45_SilentProbing_feature_squeezing_C1,45,SilentProbing,feature_squeezing,C1,126,83,0,415,2,0.996,1.0,0.9764705882352941,0.988095238095238,0.9882352941176471
primary_45_SilentProbing_feature_squeezing_C1,45,SilentProbing,feature_squeezing,C1,127,77,0,415,8,0.984,1.0,0.9058823529411765,0.9506172839506173,0.9529411764705882
primary_45_SilentProbing_feature_squeezing_C1,45,SilentProbing,feature_squeezing,C1,128,83,0,415,2,0.996,1.0,0.9764705882352941,0.988095238095238,0.9882352941176471
primary_45_SilentProbing_feature_squeezing_C1,45,SilentProbing,feature_squeezing,C1,129,79,0,415,6,0.988,1.0,0.9294117647058824,0.9634146341463414,0.9647058823529412
primary_45_SilentProbing_feature_squeezing_C1,45,SilentProbing,feature_squeezing,C1,130,83,0,415,2,0.996,1.0,0.9764705882352941,0.988095238095238,0.9882352941176471
primary_45_SilentProbing_feature_squeezing_C1,45,SilentProbing,feature_squeezing,C1,131,80,0,415,5,0.99,1.0,0.9411764705882353,0.9696969696969697,0.9705882352941176
primary_45_SilentProbing_feature_squeezing_C1,45,SilentProbing,feature_squeezing,C1,132,78,0,415,7,0.986,1.0,0.9176470588235294,0.9570552147239264,0.9588235294117646
primary_45_SilentProbing_feature_squeezing_C1,45,SilentProbing,feature_squeezing,C1,133,81,0,415,4,0.992,1.0,0.9529411764705882,0.9759036144578312,0.9764705882352941
primary_45_SilentProbing_feature_squeezing_C1,45,SilentProbing,feature_squeezing,C1,134,78,0,415,7,0.986,1.0,0.9176470588235294,0.9570552147239264,0.9588235294117646
primary_45_SilentProbing_feature_squeezing_C1,45,SilentProbing,feature_squeezing,C1,135,83,0,415,2,0.996,1.0,0.9764705882352941,0.988095238095238,0.9882352941176471
primary_45_SilentProbing_feature_squeezing_C1,45,SilentProbing,feature_squeezing,C1,136,82,0,415,3,0.994,1.0,0.9647058823529412,0.9820359281437125,0.9823529411764707
primary_45_SilentProbing_feature_squeezing_C1,45,SilentProbing,feature_squeezing,C1,137,79,1,414,6,0.986,0.9875,0.9294117647058824,0.9575757575757576,0.9635010630758327
primary_45_SilentProbing_feature_squeezing_C1,45,SilentProbing,feature_squeezing,C1,138,82,0,415,3,0.994,1.0,0.9647058823529412,0.9820359281437125,0.9823529411764707
primary_45_SilentProbing_feature_squeezing_C1,45,SilentProbing,feature_squeezing,C1,139,78,0,415,7,0.986,1.0,0.9176470588235294,0.9570552147239264,0.9588235294117646
primary_45_SilentProbing_feature_squeezing_C1,45,SilentProbing,feature_squeezing,C1,140,78,0,415,7,0.986,1.0,0.9176470588235294,0.9570552147239264,0.9588235294117646
primary_45_SilentProbing_feature_squeezing_C1,45,SilentProbing,feature_squeezing,C1,141,77,0,415,8,0.984,1.0,0.9058823529411765,0.9506172839506173,0.9529411764705882
primary_45_SilentProbing_feature_squeezing_C1,45,SilentProbing,feature_squeezing,C1,142,84,0,415,1,0.998,1.0,0.9882352941176471,0.9940828402366864,0.9941176470588236
primary_45_SilentProbing_feature_squeezing_C1,45,SilentProbing,feature_squeezing,C1,143,81,0,415,4,0.992,1.0,0.9529411764705882,0.9759036144578312,0.9764705882352941
primary_45_SilentProbing_randomized_smoothing_Base,45,SilentProbing,randomized_smoothing,Base,0,72,0,414,14,0.972,1.0,0.8372093023255814,0.9113924050632911,0.9186046511627908
primary_45_SilentProbing_randomized_smoothing_Base,45,SilentProbing,randomized_smoothing,Base,1,65,0,414,21,0.958,1.0,0.7558139534883721,0.8609271523178808,0.877906976744186
primary_45_SilentProbing_randomized_smoothing_Base,45,SilentProbing,randomized_smoothing,Base,2,73,1,413,13,0.972,0.9864864864864865,0.8488372093023255,0.9125,0.9232108751825637
primary_45_SilentProbing_randomized_smoothing_Base,45,SilentProbing,randomized_smoothing,Base,3,69,0,414,17,0.966,1.0,0.8023255813953488,0.8903225806451612,0.9011627906976745
primary_45_SilentProbing_randomized_smoothing_Base,45,SilentProbing,randomized_smoothing,Base,4,74,0,414,12,0.976,1.0,0.8604651162790697,0.9249999999999999,0.9302325581395349
primary_45_SilentProbing_randomized_smoothing_Base,45,SilentProbing,randomized_smoothing,Base,5,69,0,414,17,0.966,1.0,0.8023255813953488,0.8903225806451612,0.9011627906976745
primary_45_SilentProbing_randomized_smoothing_Base,45,SilentProbing,randomized_smoothing,Base,6,73,0,414,13,0.974,1.0,0.8488372093023255,0.9182389937106918,0.9244186046511628
primary_45_SilentProbing_randomized_smoothing_Base,45,SilentProbing,randomized_smoothing,Base,7,71,0,414,15,0.97,1.0,0.8255813953488372,0.9044585987261146,0.9127906976744187
primary_45_SilentProbing_randomized_smoothing_Base,45,SilentProbing,randomized_smoothing,Base,8,67,0,414,19,0.962,1.0,0.7790697674418605,0.8758169934640523,0.8895348837209303
primary_45_SilentProbing_randomized_smoothing_Base,45,SilentProbing,randomized_smoothing,Base,9,74,0,414,12,0.976,1.0,0.8604651162790697,0.9249999999999999,0.9302325581395349
primary_45_SilentProbing_randomized_smoothing_Base,45,SilentProbing,randomized_smoothing,Base,10,71,0,414,15,0.97,1.0,0.8255813953488372,0.9044585987261146,0.9127906976744187
primary_45_SilentProbing_randomized_smoothing_Base,45,SilentProbing,randomized_smoothing,Base,11,70,0,414,16,0.968,1.0,0.813953488372093,0.8974358974358974,0.9069767441860466
primary_45_SilentProbing_randomized_smoothing_Base,45,SilentProbing,randomized_smoothing,Base,12,71,0,414,15,0.97,1.0,0.8255813953488372,0.9044585987261146,0.9127906976744187
primary_45_SilentProbing_randomized_smoothing_Base,45,SilentProbing,randomized_smoothing,Base,13,75,0,414,11,0.978,1.0,0.872093023255814,0.9316770186335404,0.936046511627907
primary_45_SilentProbing_randomized_smoothing_Base,45,SilentProbing,randomized_smoothing,Base,14,73,0,414,13,0.974,1.0,0.8488372093023255,0.9182389937106918,0.9244186046511628
primary_45_SilentProbing_randomized_smoothing_Base,45,SilentProbing,randomized_smoothing,Base,15,71,0,414,15,0.97,1.0,0.8255813953488372,0.9044585987261146,0.9127906976744187
primary_45_SilentProbing_randomized_smoothing_Base,45,SilentProbing,randomized_smoothing,Base,16,67,0,414,19,0.962,1.0,0.7790697674418605,0.8758169934640523,0.8895348837209303
primary_45_SilentProbing_randomized_smoothing_Base,45,SilentProbing,randomized_smoothing,Base,17,78,0,415,7,0.986,1.0,0.9176470588235294,0.9570552147239264,0.9588235294117646
primary_45_SilentProbing_randomized_smoothing_Base,45,SilentProbing,randomized_smoothing,Base,18,67,0,415,18,0.964,1.0,0.788235294117647,0.8815789473684211,0.8941176470588235
primary_45_SilentProbing_randomized_smoothing_Base,45,SilentProbing,randomized_smoothing,Base,19,73,0,415,12,0.976,1.0,0.8588235294117647,0.9240506329113923,0.9294117647058824
primary_45_SilentProbing_randomized_smoothing_Base,45,SilentProbing,randomized_smoothing,Base,20,65,0,415,20,0.96,1.0,0.7647058823529411,0.8666666666666666,0.8823529411764706
primary_45_SilentProbing_randomized_smoothing_Base,45,SilentProbing,randomized_smoothing,Base,21,67,0,415,18,0.964,1.0,0.788235294117647,0.8815789473684211,0.8941176470588235
primary_45_SilentProbing_randomized_smoothing_Base,45,SilentProbing,randomized_smoothing,Base,22,71,0,415,14,0.972,1.0,0.8352941176470589,0.9102564102564102,0.9176470588235295
primary_45_SilentProbing_randomized_smoothing_Base,45,SilentProbing,randomized_smoothing,Base,23,70,0,415,15,0.97,1.0,0.8235294117647058,0.9032258064516129,0.9117647058823529
primary_45_SilentProbing_randomized_smoothing_Base,45,SilentProbing,randomized_smoothing,Base,24,68,0,415,17,0.966,1.0,0.8,0.888888888888889,0.9
primary_45_SilentProbing_randomized_smoothing_Base,45,SilentProbing,randomized_smoothing,Base,25,72,0,415,13,0.974,1.0,0.8470588235294118,0.9171974522292993,0.9235294117647059
primary_45_SilentProbing_randomized_smoothing_Base,45,SilentProbing,randomized_smoothing,Base,26,64,0,415,21,0.958,1.0,0.7529411764705882,0.8590604026845637,0.8764705882352941
primary_45_SilentProbing_randomized_smoothing_Base,45,SilentProbing,randomized_smoothing,Base,27,62,0,415,23,0.954,1.0,0.7294117647058823,0.8435374149659863,0.8647058823529412
primary_45_SilentProbing_randomized_smoothing_Base,45,SilentProbing,randomized_smoothing,Base,28,71,0,415,14,0.972,1.0,0.8352941176470589,0.9102564102564102,0.9176470588235295
primary_45_SilentProbing_randomized_smoothing_Base,45,SilentProbing,randomized_smoothing,Base,29,68,0,415,17,0.966,1.0,0.8,0.888888888888889,0.9
primary_45_SilentProbing_randomized_smoothing_Base,45,SilentProbing,randomized_smoothing,Base,30,72,0,415,13,0.974,1.0,0.8470588235294118,0.9171974522292993,0.9235294117647059
primary_45_SilentProbing_randomized_smoothing_Base,45,SilentProbing,randomized_smoothing,Base,31,67,0,415,18,0.964,1.0,0.788235294117647,0.8815789473684211,0.8941176470588235
primary_45_SilentProbing_randomized_smoothing_Base,45,SilentProbing,randomized_smoothing,Base,32,66,0,415,19,0.962,1.0,0.7764705882352941,0.8741721854304636,0.888235294117647
primary_45_SilentProbing_randomized_smoothing_Base,45,SilentProbing,randomized_smoothing,Base,33,66,0,415,19,0.962,1.0,0.7764705882352941,0.8741721854304636,0.888235294117647
primary_45_SilentProbing_randomized_smoothing_Base,45,SilentProbing,randomized_smoothing,Base,34,65,1,414,20,0.958,0.9848484848484849,0.7647058823529411,0.8609271523178808,0.8811481218993622
primary_45_SilentProbing_randomized_smoothing_Base,45,SilentProbing,randomized_smoothing,Base,35,62,0,415,23,0.954,1.0,0.7294117647058823,0.8435374149659863,0.8647058823529412
primary_45_SilentProbing_randomized_smoothing_Base,45,SilentProbing,randomized_smoothing,Base,36,67,0,415,18,0.964,1.0,0.788235294117647,0.8815789473684211,0.8941176470588235
primary_45_SilentProbing_randomized_smoothing_Base,45,SilentProbing,randomized_smoothing,Base,37,74,0,415,11,0.978,1.0,0.8705882352941177,0.9308176100628931,0.9352941176470588
primary_45_SilentProbing_randomized_smoothing_Base,45,SilentProbing,randomized_smoothing,Base,38,70,0,415,15,0.97,1.0,0.8235294117647058,0.9032258064516129,0.9117647058823529
primary_45_SilentProbing_randomized_smoothing_Base,45,SilentProbing,randomized_smoothing,Base,39,67,0,415,18,0.964,1.0,0.788235294117647,0.8815789473684211,0.8941176470588235
primary_45_SilentProbing_randomized_smoothing_Base,45,SilentProbing,randomized_smoothing,Base,40,75,0,415,10,0.98,1.0,0.8823529411764706,0.9375,0.9411764705882353
primary_45_SilentProbing_randomized_smoothing_Base,45,SilentProbing,randomized_smoothing,Base,41,72,0,415,13,0.974,1.0,0.8470588235294118,0.9171974522292993,0.9235294117647059
primary_45_SilentProbing_randomized_smoothing_Base,45,SilentProbing,randomized_smoothing,Base,42,68,0,415,17,0.966,1.0,0.8,0.888888888888889,0.9
primary_45_SilentProbing_randomized_smoothing_Base,45,SilentProbing,randomized_smoothing,Base,43,67,0,415,18,0.964,1.0,0.788235294117647,0.8815789473684211,0.8941176470588235
primary_45_SilentProbing_randomized_smoothing_Base,45,SilentProbing,randomized_smoothing,Base,44,66,0,415,19,0.962,1.0,0.7764705882352941,0.8741721854304636,0.888235294117647
primary_45_SilentProbing_randomized_smoothing_Base,45,SilentProbing,randomized_smoothing,Base,45,73,0,415,12,0.976,1.0,0.8588235294117647,0.9240506329113923,0.9294117647058824
primary_45_SilentProbing_randomized_smoothing_Base,45,SilentProbing,randomized_smoothing,Base,46,73,0,415,12,0.976,1.0,0.8588235294117647,0.9240506329113923,0.9294117647058824
primary_45_SilentProbing_randomized_smoothing_Base,45,SilentProbing,randomized_smoothing,Base,47,68,0,415,17,0.966,1.0,0.8,0.888888888888889,0.9
primary_45_SilentProbing_randomized_smoothing_Base,45,SilentProbing,randomized_smoothing,Base,48,73,0,415,12,0.976,1.0,0.8588235294117647,0.9240506329113923,0.9294117647058824
primary_45_SilentProbing_randomized_smoothing_Base,45,SilentProbing,randomized_smoothing,Base,49,70,0,415,15,0.97,1.0,0.8235294117647058,0.9032258064516129,0.9117647058823529
primary_45_SilentProbing_randomized_smoothing_Base,45,SilentProbing,randomized_smoothing,Base,50,71,0,415,14,0.972,1.0,0.8352941176470589,0.9102564102564102,0.9176470588235295
primary_45_SilentProbing_randomized_smoothing_Base,45,SilentProbing,randomized_smoothing,Base,51,71,0,415,14,0.972,1.0,0.8352941176470589,0.9102564102564102,0.9176470588235295
primary_45_SilentProbing_randomized_smoothing_Base,45,SilentProbing,randomized_smoothing,Base,52,67,0,415,18,0.964,1.0,0.788235294117647,0.8815789473684211,0.8941176470588235
primary_45_SilentProbing_randomized_smoothing_Base,45,SilentProbing,randomized_smoothing,Base,53,62,0,415,23,0.954,1.0,0.7294117647058823,0.8435374149659863,0.8647058823529412
primary_45_SilentProbing_randomized_smoothing_Base,45,SilentProbing,randomized_smoothing,Base,54,67,0,415,18,0.964,1.0,0.788235294117647,0.8815789473684211,0.8941176470588235
primary_45_SilentProbing_randomized_smoothing_Base,45,SilentProbing,randomized_smoothing,Base,55,65,0,415,20,0.96,1.0,0.7647058823529411,0.8666666666666666,0.8823529411764706
primary_45_SilentProbing_randomized_smoothing_Base,45,SilentProbing,randomized_smoothing,Base,56,68,0,415,17,0.966,1.0,0.8,0.888888888888889,0.9
primary_45_SilentProbing_randomized_smoothing_Base,45,SilentProbing,randomized_smoothing,Base,57,68,0,415,17,0.966,1.0,0.8,0.888888888888889,0.9
primary_45_SilentProbing_randomized_smoothing_Base,45,SilentProbing,randomized_smoothing,Base,58,72,0,415,13,0.974,1.0,0.8470588235294118,0.9171974522292993,0.9235294117647059
primary_45_SilentProbing_randomized_smoothing_Base,45,SilentProbing,randomized_smoothing,Base,59,71,0,415,14,0.972,1.0,0.8352941176470589,0.9102564102564102,0.9176470588235295
primary_45_SilentProbing_randomized_smoothing_Base,45,SilentProbing,randomized_smoothing,Base,60,65,0,415,20,0.96,1.0,0.7647058823529411,0.8666666666666666,0.8823529411764706
primary_45_SilentProbing_randomized_smoothing_Base,45,SilentProbing,randomized_smoothing,Base,61,68,0,415,17,0.966,1.0,0.8,0.888888888888889,0.9
primary_45_SilentProbing_randomized_smoothing_Base,45,SilentProbing,randomized_smoothing,Base,62,68,0,415,17,0.966,1.0,0.8,0.888888888888889,0.9
primary_45_SilentProbing_randomized_smoothing_Base,45,SilentProbing,randomized_smoothing,Base,63,68,0,415,17,0.966,1.0,0.8,0.888888888888889,0.9
primary_45_SilentProbing_randomized_smoothing_Base,45,SilentProbing,randomized_smoothing,Base,64,67,0,415,18,0.964,1.0,0.788235294117647,0.8815789473684211,0.8941176470588235
primary_45_SilentProbing_randomized_smoothing_Base,45,SilentProbing,randomized_smoothing,Base,65,64,0,415,21,0.958,1.0,0.7529411764705882,0.8590604026845637,0.8764705882352941
primary_45_SilentProbing_randomized_smoothing_Base,45,SilentProbing,randomized_smoothing,Base,66,67,0,415,18,0.964,1.0,0.788235294117647,0.8815789473684211,0.8941176470588235
primary_45_SilentProbing_randomized_smoothing_Base,45,SilentProbing,randomized_smoothing,Base,67,70,0,415,15,0.97,1.0,0.8235294117647058,0.9032258064516129,0.9117647058823529
primary_45_SilentProbing_randomized_smoothing_Base,45,SilentProbing,randomized_smoothing,Base,68,67,0,415,18,0.964,1.0,0.788235294117647,0.8815789473684211,0.8941176470588235
primary_45_SilentProbing_randomized_smoothing_Base,45,SilentProbing,randomized_smoothing,Base,69,67,1,414,18,0.962,0.9852941176470589,0.788235294117647,0.8758169934640523,0.8929128277817151
primary_45_SilentProbing_randomized_smoothing_Base,45,SilentProbing,randomized_smoothing,Base,70,67,0,415,18,0.964,1.0,0.788235294117647,0.8815789473684211,0.8941176470588235
primary_45_SilentProbing_randomized_smoothing_Base,45,SilentProbing,randomized_smoothing,Base,71,71,0,415,14,0.972,1.0,0.8352941176470589,0.9102564102564102,0.9176470588235295
primary_45_SilentProbing_randomized_smoothing_Base,45,SilentProbing,randomized_smoothing,Base,72,68,0,415,17,0.966,1.0,0.8,0.888888888888889,0.9
primary_45_SilentProbing_randomized_smoothing_Base,45,SilentProbing,randomized_smoothing,Base,73,67,0,415,18,0.964,1.0,0.788235294117647,0.8815789473684211,0.8941176470588235
primary_45_SilentProbing_randomized_smoothing_Base,45,SilentProbing,randomized_smoothing,Base,74,77,0,415,8,0.984,1.0,0.9058823529411765,0.9506172839506173,0.9529411764705882
primary_45_SilentProbing_randomized_smoothing_Base,45,SilentProbing,randomized_smoothing,Base,75,68,0,415,17,0.966,1.0,0.8,0.888888888888889,0.9
primary_45_SilentProbing_randomized_smoothing_Base,45,SilentProbing,randomized_smoothing,Base,76,70,0,415,15,0.97,1.0,0.8235294117647058,0.9032258064516129,0.9117647058823529
primary_45_SilentProbing_randomized_smoothing_Base,45,SilentProbing,randomized_smoothing,Base,77,70,0,415,15,0.97,1.0,0.8235294117647058,0.9032258064516129,0.9117647058823529
primary_45_SilentProbing_randomized_smoothing_Base,45,SilentProbing,randomized_smoothing,Base,78,69,0,415,16,0.968,1.0,0.8117647058823529,0.8961038961038961,0.9058823529411765
primary_45_SilentProbing_randomized_smoothing_Base,45,SilentProbing,randomized_smoothing,Base,79,67,0,415,18,0.964,1.0,0.788235294117647,0.8815789473684211,0.8941176470588235
primary_45_SilentProbing_randomized_smoothing_Base,45,SilentProbing,randomized_smoothing,Base,80,66,0,415,19,0.962,1.0,0.7764705882352941,0.8741721854304636,0.888235294117647
primary_45_SilentProbing_randomized_smoothing_Base,45,SilentProbing,randomized_smoothing,Base,81,69,0,415,16,0.968,1.0,0.8117647058823529,0.8961038961038961,0.9058823529411765
primary_45_SilentProbing_randomized_smoothing_Base,45,SilentProbing,randomized_smoothing,Base,82,72,0,415,13,0.974,1.0,0.8470588235294118,0.9171974522292993,0.9235294117647059
primary_45_SilentProbing_randomized_smoothing_Base,45,SilentProbing,randomized_smoothing,Base,83,63,0,415,22,0.956,1.0,0.7411764705882353,0.8513513513513514,0.8705882352941177
primary_45_SilentProbing_randomized_smoothing_Base,45,SilentProbing,randomized_smoothing,Base,84,73,0,415,12,0.976,1.0,0.8588235294117647,0.9240506329113923,0.9294117647058824
primary_45_SilentProbing_randomized_smoothing_Base,45,SilentProbing,randomized_smoothing,Base,85,68,0,415,17,0.966,1.0,0.8,0.888888888888889,0.9
primary_45_SilentProbing_randomized_smoothing_Base,45,SilentProbing,randomized_smoothing,Base,86,70,1,414,15,0.968,0.9859154929577465,0.8235294117647058,0.8974358974358974,0.9105598866052445
primary_45_SilentProbing_randomized_smoothing_Base,45,SilentProbing,randomized_smoothing,Base,87,62,0,415,23,0.954,1.0,0.7294117647058823,0.8435374149659863,0.8647058823529412
primary_45_SilentProbing_randomized_smoothing_Base,45,SilentProbing,randomized_smoothing,Base,88,65,0,415,20,0.96,1.0,0.7647058823529411,0.8666666666666666,0.8823529411764706
primary_45_SilentProbing_randomized_smoothing_Base,45,SilentProbing,randomized_smoothing,Base,89,70,0,415,15,0.97,1.0,0.8235294117647058,0.9032258064516129,0.9117647058823529
primary_45_SilentProbing_randomized_smoothing_Base,45,SilentProbing,randomized_smoothing,Base,90,70,0,415,15,0.97,1.0,0.8235294117647058,0.9032258064516129,0.9117647058823529
primary_45_SilentProbing_randomized_smoothing_Base,45,SilentProbing,randomized_smoothing,Base,91,65,0,415,20,0.96,1.0,0.7647058823529411,0.8666666666666666,0.8823529411764706
primary_45_SilentProbing_randomized_smoothing_Base,45,SilentProbing,randomized_smoothing,Base,92,65,0,415,20,0.96,1.0,0.7647058823529411,0.8666666666666666,0.8823529411764706
primary_45_SilentProbing_randomized_smoothing_Base,45,SilentProbing,randomized_smoothing,Base,93,71,0,415,14,0.972,1.0,0.8352941176470589,0.9102564102564102,0.9176470588235295
primary_45_SilentProbing_randomized_smoothing_Base,45,SilentProbing,randomized_smoothing,Base,94,66,0,415,19,0.962,1.0,0.7764705882352941,0.8741721854304636,0.888235294117647
primary_45_SilentProbing_randomized_smoothing_Base,45,SilentProbing,randomized_smoothing,Base,95,71,0,415,14,0.972,1.0,0.8352941176470589,0.9102564102564102,0.9176470588235295
primary_45_SilentProbing_randomized_smoothing_Base,45,SilentProbing,randomized_smoothing,Base,96,68,0,415,17,0.966,1.0,0.8,0.888888888888889,0.9
primary_45_SilentProbing_randomized_smoothing_Base,45,SilentProbing,randomized_smoothing,Base,97,64,0,415,21,0.958,1.0,0.7529411764705882,0.8590604026845637,0.8764705882352941
primary_45_SilentProbing_randomized_smoothing_Base,45,SilentProbing,randomized_smoothing,Base,98,72,0,415,13,0.974,1.0,0.8470588235294118,0.9171974522292993,0.9235294117647059
primary_45_SilentProbing_randomized_smoothing_Base,45,SilentProbing,randomized_smoothing,Base,99,63,0,415,22,0.956,1.0,0.7411764705882353,0.8513513513513514,0.8705882352941177
primary_45_SilentProbing_randomized_smoothing_Base,45,SilentProbing,randomized_smoothing,Base,100,75,0,415,10,0.98,1.0,0.8823529411764706,0.9375,0.9411764705882353
primary_45_SilentProbing_randomized_smoothing_Base,45,SilentProbing,randomized_smoothing,Base,101,68,0,415,17,0.966,1.0,0.8,0.888888888888889,0.9
primary_45_SilentProbing_randomized_smoothing_Base,45,SilentProbing,randomized_smoothing,Base,102,71,0,415,14,0.972,1.0,0.8352941176470589,0.9102564102564102,0.9176470588235295
primary_45_SilentProbing_randomized_smoothing_Base,45,SilentProbing,randomized_smoothing,Base,103,73,0,415,12,0.976,1.0,0.8588235294117647,0.9240506329113923,0.9294117647058824
primary_45_SilentProbing_randomized_smoothing_Base,45,SilentProbing,randomized_smoothing,Base,104,73,0,415,12,0.976,1.0,0.8588235294117647,0.9240506329113923,0.9294117647058824
primary_45_SilentProbing_randomized_smoothing_Base,45,SilentProbing,randomized_smoothing,Base,105,74,0,415,11,0.978,1.0,0.8705882352941177,0.9308176100628931,0.9352941176470588
primary_45_SilentProbing_randomized_smoothing_Base,45,SilentProbing,randomized_smoothing,Base,106,68,0,415,17,0.966,1.0,0.8,0.888888888888889,0.9
primary_45_SilentProbing_randomized_smoothing_Base,45,SilentProbing,randomized_smoothing,Base,107,65,0,415,20,0.96,1.0,0.7647058823529411,0.8666666666666666,0.8823529411764706
primary_45_SilentProbing_randomized_smoothing_Base,45,SilentProbing,randomized_smoothing,Base,108,71,0,415,14,0.972,1.0,0.8352941176470589,0.9102564102564102,0.9176470588235295
primary_45_SilentProbing_randomized_smoothing_Base,45,SilentProbing,randomized_smoothing,Base,109,64,0,415,21,0.958,1.0,0.7529411764705882,0.8590604026845637,0.8764705882352941
primary_45_SilentProbing_randomized_smoothing_Base,45,SilentProbing,randomized_smoothing,Base,110,64,1,414,21,0.956,0.9846153846153847,0.7529411764705882,0.8533333333333333,0.8752657689581858
primary_45_SilentProbing_randomized_smoothing_Base,45,SilentProbing,randomized_smoothing,Base,111,71,0,415,14,0.972,1.0,0.8352941176470589,0.9102564102564102,0.9176470588235295
primary_45_SilentProbing_randomized_smoothing_Base,45,SilentProbing,randomized_smoothing,Base,112,71,1,414,14,0.97,0.9861111111111112,0.8352941176470589,0.9044585987261147,0.916442239546421
primary_45_SilentProbing_randomized_smoothing_Base,45,SilentProbing,randomized_smoothing,Base,113,68,0,415,17,0.966,1.0,0.8,0.888888888888889,0.9
primary_45_SilentProbing_randomized_smoothing_Base,45,SilentProbing,randomized_smoothing,Base,114,66,0,415,19,0.962,1.0,0.7764705882352941,0.8741721854304636,0.888235294117647
primary_45_SilentProbing_randomized_smoothing_Base,45,SilentProbing,randomized_smoothing,Base,115,66,0,415,19,0.962,1.0,0.7764705882352941,0.8741721854304636,0.888235294117647
primary_45_SilentProbing_randomized_smoothing_Base,45,SilentProbing,randomized_smoothing,Base,116,61,0,415,24,0.952,1.0,0.7176470588235294,0.8356164383561643,0.8588235294117648
primary_45_SilentProbing_randomized_smoothing_Base,45,SilentProbing,randomized_smoothing,Base,117,70,0,415,15,0.97,1.0,0.8235294117647058,0.9032258064516129,0.9117647058823529
primary_45_SilentProbing_randomized_smoothing_Base,45,SilentProbing,randomized_smoothing,Base,118,71,0,415,14,0.972,1.0,0.8352941176470589,0.9102564102564102,0.9176470588235295
primary_45_SilentProbing_randomized_smoothing_Base,45,SilentProbing,randomized_smoothing,Base,119,73,0,415,12,0.976,1.0,0.8588235294117647,0.9240506329113923,0.9294117647058824
primary_45_SilentProbing_randomized_smoothing_Base,45,SilentProbing,randomized_smoothing,Base,120,77,0,415,8,0.984,1.0,0.9058823529411765,0.9506172839506173,0.9529411764705882
primary_45_SilentProbing_randomized_smoothing_Base,45,SilentProbing,randomized_smoothing,Base,121,71,0,415,14,0.972,1.0,0.8352941176470589,0.9102564102564102,0.9176470588235295
primary_45_SilentProbing_randomized_smoothing_Base,45,SilentProbing,randomized_smoothing,Base,122,73,0,415,12,0.976,1.0,0.8588235294117647,0.9240506329113923,0.9294117647058824
primary_45_SilentProbing_randomized_smoothing_Base,45,SilentProbing,randomized_smoothing,Base,123,66,0,415,19,0.962,1.0,0.7764705882352941,0.8741721854304636,0.888235294117647
primary_45_SilentProbing_randomized_smoothing_Base,45,SilentProbing,randomized_smoothing,Base,124,65,0,415,20,0.96,1.0,0.7647058823529411,0.8666666666666666,0.8823529411764706
primary_45_SilentProbing_randomized_smoothing_Base,45,SilentProbing,randomized_smoothing,Base,125,71,0,415,14,0.972,1.0,0.8352941176470589,0.9102564102564102,0.9176470588235295
primary_45_SilentProbing_randomized_smoothing_Base,45,SilentProbing,randomized_smoothing,Base,126,75,0,415,10,0.98,1.0,0.8823529411764706,0.9375,0.9411764705882353
primary_45_SilentProbing_randomized_smoothing_Base,45,SilentProbing,randomized_smoothing,Base,127,63,0,415,22,0.956,1.0,0.7411764705882353,0.8513513513513514,0.8705882352941177
primary_45_SilentProbing_randomized_smoothing_Base,45,SilentProbing,randomized_smoothing,Base,128,71,0,415,14,0.972,1.0,0.8352941176470589,0.9102564102564102,0.9176470588235295
primary_45_SilentProbing_randomized_smoothing_Base,45,SilentProbing,randomized_smoothing,Base,129,68,0,415,17,0.966,1.0,0.8,0.888888888888889,0.9
primary_45_SilentProbing_randomized_smoothing_Base,45,SilentProbing,randomized_smoothing,Base,130,73,0,415,12,0.976,1.0,0.8588235294117647,0.9240506329113923,0.9294117647058824
primary_45_SilentProbing_randomized_smoothing_Base,45,SilentProbing,randomized_smoothing,Base,131,62,0,415,23,0.954,1.0,0.7294117647058823,0.8435374149659863,0.8647058823529412
primary_45_SilentProbing_randomized_smoothing_Base,45,SilentProbing,randomized_smoothing,Base,132,64,0,415,21,0.958,1.0,0.7529411764705882,0.8590604026845637,0.8764705882352941
primary_45_SilentProbing_randomized_smoothing_Base,45,SilentProbing,randomized_smoothing,Base,133,69,0,415,16,0.968,1.0,0.8117647058823529,0.8961038961038961,0.9058823529411765
primary_45_SilentProbing_randomized_smoothing_Base,45,SilentProbing,randomized_smoothing,Base,134,63,0,415,22,0.956,1.0,0.7411764705882353,0.8513513513513514,0.8705882352941177
primary_45_SilentProbing_randomized_smoothing_Base,45,SilentProbing,randomized_smoothing,Base,135,67,0,415,18,0.964,1.0,0.788235294117647,0.8815789473684211,0.8941176470588235
primary_45_SilentProbing_randomized_smoothing_Base,45,SilentProbing,randomized_smoothing,Base,136,70,0,415,15,0.97,1.0,0.8235294117647058,0.9032258064516129,0.9117647058823529
primary_45_SilentProbing_randomized_smoothing_Base,45,SilentProbing,randomized_smoothing,Base,137,70,0,415,15,0.97,1.0,0.8235294117647058,0.9032258064516129,0.9117647058823529
primary_45_SilentProbing_randomized_smoothing_Base,45,SilentProbing,randomized_smoothing,Base,138,71,0,415,14,0.972,1.0,0.8352941176470589,0.9102564102564102,0.9176470588235295
primary_45_SilentProbing_randomized_smoothing_Base,45,SilentProbing,randomized_smoothing,Base,139,67,0,415,18,0.964,1.0,0.788235294117647,0.8815789473684211,0.8941176470588235
primary_45_SilentProbing_randomized_smoothing_Base,45,SilentProbing,randomized_smoothing,Base,140,70,0,415,15,0.97,1.0,0.8235294117647058,0.9032258064516129,0.9117647058823529
primary_45_SilentProbing_randomized_smoothing_Base,45,SilentProbing,randomized_smoothing,Base,141,69,0,415,16,0.968,1.0,0.8117647058823529,0.8961038961038961,0.9058823529411765
primary_45_SilentProbing_randomized_smoothing_Base,45,SilentProbing,randomized_smoothing,Base,142,69,0,415,16,0.968,1.0,0.8117647058823529,0.8961038961038961,0.9058823529411765
primary_45_SilentProbing_randomized_smoothing_Base,45,SilentProbing,randomized_smoothing,Base,143,72,0,415,13,0.974,1.0,0.8470588235294118,0.9171974522292993,0.9235294117647059
primary_45_SilentProbing_randomized_smoothing_C1,45,SilentProbing,randomized_smoothing,C1,0,72,0,414,14,0.972,1.0,0.8372093023255814,0.9113924050632911,0.9186046511627908
primary_45_SilentProbing_randomized_smoothing_C1,45,SilentProbing,randomized_smoothing,C1,1,72,0,414,14,0.972,1.0,0.8372093023255814,0.9113924050632911,0.9186046511627908
primary_45_SilentProbing_randomized_smoothing_C1,45,SilentProbing,randomized_smoothing,C1,2,79,1,413,7,0.984,0.9875,0.9186046511627907,0.9518072289156626,0.9580945961127962
primary_45_SilentProbing_randomized_smoothing_C1,45,SilentProbing,randomized_smoothing,C1,3,76,0,414,10,0.98,1.0,0.8837209302325582,0.9382716049382717,0.9418604651162791
primary_45_SilentProbing_randomized_smoothing_C1,45,SilentProbing,randomized_smoothing,C1,4,82,0,414,4,0.992,1.0,0.9534883720930233,0.9761904761904763,0.9767441860465116
primary_45_SilentProbing_randomized_smoothing_C1,45,SilentProbing,randomized_smoothing,C1,5,82,0,414,4,0.992,1.0,0.9534883720930233,0.9761904761904763,0.9767441860465116
primary_45_SilentProbing_randomized_smoothing_C1,45,SilentProbing,randomized_smoothing,C1,6,79,0,414,7,0.986,1.0,0.9186046511627907,0.9575757575757576,0.9593023255813953
primary_45_SilentProbing_randomized_smoothing_C1,45,SilentProbing,randomized_smoothing,C1,7,78,0,414,8,0.984,1.0,0.9069767441860465,0.951219512195122,0.9534883720930232
primary_45_SilentProbing_randomized_smoothing_C1,45,SilentProbing,randomized_smoothing,C1,8,79,0,414,7,0.986,1.0,0.9186046511627907,0.9575757575757576,0.9593023255813953
primary_45_SilentProbing_randomized_smoothing_C1,45,SilentProbing,randomized_smoothing,C1,9,82,0,414,4,0.992,1.0,0.9534883720930233,0.9761904761904763,0.9767441860465116
primary_45_SilentProbing_randomized_smoothing_C1,45,SilentProbing,randomized_smoothing,C1,10,80,1,413,6,0.986,0.9876543209876543,0.9302325581395349,0.9580838323353293,0.9639085496011683
primary_45_SilentProbing_randomized_smoothing_C1,45,SilentProbing,randomized_smoothing,C1,11,80,0,414,6,0.988,1.0,0.9302325581395349,0.963855421686747,0.9651162790697674
primary_45_SilentProbing_randomized_smoothing_C1,45,SilentProbing,randomized_smoothing,C1,12,83,0,414,3,0.994,1.0,0.9651162790697675,0.9822485207100593,0.9825581395348837
primary_45_SilentProbing_randomized_smoothing_C1,45,SilentProbing,randomized_smoothing,C1,13,84,0,414,2,0.996,1.0,0.9767441860465116,0.988235294117647,0.9883720930232558
primary_45_SilentProbing_randomized_smoothing_C1,45,SilentProbing,randomized_smoothing,C1,14,83,1,413,3,0.992,0.9880952380952381,0.9651162790697675,0.9764705882352942,0.9813504100662847
primary_45_SilentProbing_randomized_smoothing_C1,45,SilentProbing,randomized_smoothing,C1,15,83,0,414,3,0.994,1.0,0.9651162790697675,0.9822485207100593,0.9825581395348837
primary_45_SilentProbing_randomized_smoothing_C1,45,SilentProbing,randomized_smoothing,C1,16,78,1,413,8,0.982,0.9873417721518988,0.9069767441860465,0.9454545454545454,0.9522806426244241
primary_45_SilentProbing_randomized_smoothing_C1,45,SilentProbing,randomized_smoothing,C1,17,84,0,415,1,0.998,1.0,0.9882352941176471,0.9940828402366864,0.9941176470588236
primary_45_SilentProbing_randomized_smoothing_C1,45,SilentProbing,randomized_smoothing,C1,18,79,0,415,6,0.988,1.0,0.9294117647058824,0.9634146341463414,0.9647058823529412
primary_45_SilentProbing_randomized_smoothing_C1,45,SilentProbing,randomized_smoothing,C1,19,82,0,415,3,0.994,1.0,0.9647058823529412,0.9820359281437125,0.9823529411764707
primary_45_SilentProbing_randomized_smoothing_C1,45,SilentProbing,randomized_smoothing,C1,20,75,1,414,10,0.978,0.9868421052631579,0.8823529411764706,0.9316770186335402,0.9399716513111269
primary_45_SilentProbing_randomized_smoothing_C1,45,SilentProbing,randomized_smoothing,C1,21,75,1,414,10,0.978,0.9868421052631579,0.8823529411764706,0.9316770186335402,0.9399716513111269
primary_45_SilentProbing_randomized_smoothing_C1,45,SilentProbing,randomized_smoothing,C1,22,77,0,415,8,0.984,1.0,0.9058823529411765,0.9506172839506173,0.9529411764705882
primary_45_SilentProbing_randomized_smoothing_C1,45,SilentProbing,randomized_smoothing,C1,23,81,0,415,4,0.992,1.0,0.9529411764705882,0.9759036144578312,0.9764705882352941
primary_45_SilentProbing_randomized_smoothing_C1,45,SilentProbing,randomized_smoothing,C1,24,80,1,414,5,0.988,0.9876543209876543,0.9411764705882353,0.963855421686747,0.9693834160170092
primary_45_SilentProbing_randomized_smoothing_C1,45,SilentProbing,randomized_smoothing,C1,25,77,0,415,8,0.984,1.0,0.9058823529411765,0.9506172839506173,0.9529411764705882
primary_45_SilentProbing_randomized_smoothing_C1,45,SilentProbing,randomized_smoothing,C1,26,77,0,415,8,0.984,1.0,0.9058823529411765,0.9506172839506173,0.9529411764705882
primary_45_SilentProbing_randomized_smoothing_C1,45,SilentProbing,randomized_smoothing,C1,27,77,0,415,8,0.984,1.0,0.9058823529411765,0.9506172839506173,0.9529411764705882
primary_45_SilentProbing_randomized_smoothing_C1,45,SilentProbing,randomized_smoothing,C1,28,79,0,415,6,0.988,1.0,0.9294117647058824,0.9634146341463414,0.9647058823529412
primary_45_SilentProbing_randomized_smoothing_C1,45,SilentProbing,randomized_smoothing,C1,29,80,0,415,5,0.99,1.0,0.9411764705882353,0.9696969696969697,0.9705882352941176
primary_45_SilentProbing_randomized_smoothing_C1,45,SilentProbing,randomized_smoothing,C1,30,79,0,415,6,0.988,1.0,0.9294117647058824,0.9634146341463414,0.9647058823529412
primary_45_SilentProbing_randomized_smoothing_C1,45,SilentProbing,randomized_smoothing,C1,31,78,0,415,7,0.986,1.0,0.9176470588235294,0.9570552147239264,0.9588235294117646
primary_45_SilentProbing_randomized_smoothing_C1,45,SilentProbing,randomized_smoothing,C1,32,80,0,415,5,0.99,1.0,0.9411764705882353,0.9696969696969697,0.9705882352941176
primary_45_SilentProbing_randomized_smoothing_C1,45,SilentProbing,randomized_smoothing,C1,33,81,0,415,4,0.992,1.0,0.9529411764705882,0.9759036144578312,0.9764705882352941
primary_45_SilentProbing_randomized_smoothing_C1,45,SilentProbing,randomized_smoothing,C1,34,79,1,414,6,0.986,0.9875,0.9294117647058824,0.9575757575757576,0.9635010630758327
primary_45_SilentProbing_randomized_smoothing_C1,45,SilentProbing,randomized_smoothing,C1,35,75,0,415,10,0.98,1.0,0.8823529411764706,0.9375,0.9411764705882353
primary_45_SilentProbing_randomized_smoothing_C1,45,SilentProbing,randomized_smoothing,C1,36,79,0,415,6,0.988,1.0,0.9294117647058824,0.9634146341463414,0.9647058823529412
primary_45_SilentProbing_randomized_smoothing_C1,45,SilentProbing,randomized_smoothing,C1,37,81,1,414,4,0.99,0.9878048780487805,0.9529411764705882,0.9700598802395209,0.9752657689581856
primary_45_SilentProbing_randomized_smoothing_C1,45,SilentProbing,randomized_smoothing,C1,38,81,0,415,4,0.992,1.0,0.9529411764705882,0.9759036144578312,0.9764705882352941
primary_45_SilentProbing_randomized_smoothing_C1,45,SilentProbing,randomized_smoothing,C1,39,81,0,415,4,0.992,1.0,0.9529411764705882,0.9759036144578312,0.9764705882352941
primary_45_SilentProbing_randomized_smoothing_C1,45,SilentProbing,randomized_smoothing,C1,40,82,0,415,3,0.994,1.0,0.9647058823529412,0.9820359281437125,0.9823529411764707
primary_45_SilentProbing_randomized_smoothing_C1,45,SilentProbing,randomized_smoothing,C1,41,82,0,415,3,0.994,1.0,0.9647058823529412,0.9820359281437125,0.9823529411764707
primary_45_SilentProbing_randomized_smoothing_C1,45,SilentProbing,randomized_smoothing,C1,42,81,0,415,4,0.992,1.0,0.9529411764705882,0.9759036144578312,0.9764705882352941
primary_45_SilentProbing_randomized_smoothing_C1,45,SilentProbing,randomized_smoothing,C1,43,78,1,414,7,0.984,0.9873417721518988,0.9176470588235294,0.9512195121951219,0.9576187101346563
primary_45_SilentProbing_randomized_smoothing_C1,45,SilentProbing,randomized_smoothing,C1,44,79,0,415,6,0.988,1.0,0.9294117647058824,0.9634146341463414,0.9647058823529412
primary_45_SilentProbing_randomized_smoothing_C1,45,SilentProbing,randomized_smoothing,C1,45,81,0,415,4,0.992,1.0,0.9529411764705882,0.9759036144578312,0.9764705882352941
primary_45_SilentProbing_randomized_smoothing_C1,45,SilentProbing,randomized_smoothing,C1,46,81,1,414,4,0.99,0.9878048780487805,0.9529411764705882,0.9700598802395209,0.9752657689581856
primary_45_SilentProbing_randomized_smoothing_C1,45,SilentProbing,randomized_smoothing,C1,47,76,0,415,9,0.982,1.0,0.8941176470588236,0.9440993788819877,0.9470588235294117
primary_45_SilentProbing_randomized_smoothing_C1,45,SilentProbing,randomized_smoothing,C1,48,81,0,415,4,0.992,1.0,0.9529411764705882,0.9759036144578312,0.9764705882352941
primary_45_SilentProbing_randomized_smoothing_C1,45,SilentProbing,randomized_smoothing,C1,49,77,1,414,8,0.982,0.9871794871794872,0.9058823529411765,0.9447852760736197,0.9517363571934798
primary_45_SilentProbing_randomized_smoothing_C1,45,SilentProbing,randomized_smoothing,C1,50,81,0,415,4,0.992,1.0,0.9529411764705882,0.9759036144578312,0.9764705882352941
primary_45_SilentProbing_randomized_smoothing_C1,45,SilentProbing,randomized_smoothing,C1,51,80,1,414,5,0.988,0.9876543209876543,0.9411764705882353,0.963855421686747,0.9693834160170092
primary_45_SilentProbing_randomized_smoothing_C1,45,SilentProbing,randomized_smoothing,C1,52,80,0,415,5,0.99,1.0,0.9411764705882353,0.9696969696969697,0.9705882352941176
primary_45_SilentProbing_randomized_smoothing_C1,45,SilentProbing,randomized_smoothing,C1,53,77,1,414,8,0.982,0.9871794871794872,0.9058823529411765,0.9447852760736197,0.9517363571934798
primary_45_SilentProbing_randomized_smoothing_C1,45,SilentProbing,randomized_smoothing,C1,54,82,0,415,3,0.994,1.0,0.9647058823529412,0.9820359281437125,0.9823529411764707
primary_45_SilentProbing_randomized_smoothing_C1,45,SilentProbing,randomized_smoothing,C1,55,78,0,415,7,0.986,1.0,0.9176470588235294,0.9570552147239264,0.9588235294117646
primary_45_SilentProbing_randomized_smoothing_C1,45,SilentProbing,randomized_smoothing,C1,56,78,0,415,7,0.986,1.0,0.9176470588235294,0.9570552147239264,0.9588235294117646
primary_45_SilentProbing_randomized_smoothing_C1,45,SilentProbing,randomized_smoothing,C1,57,81,0,415,4,0.992,1.0,0.9529411764705882,0.9759036144578312,0.9764705882352941
primary_45_SilentProbing_randomized_smoothing_C1,45,SilentProbing,randomized_smoothing,C1,58,82,2,413,3,0.99,0.9761904761904762,0.9647058823529412,0.9704142011834319,0.9799433026222537
primary_45_SilentProbing_randomized_smoothing_C1,45,SilentProbing,randomized_smoothing,C1,59,78,0,415,7,0.986,1.0,0.9176470588235294,0.9570552147239264,0.9588235294117646
primary_45_SilentProbing_randomized_smoothing_C1,45,SilentProbing,randomized_smoothing,C1,60,81,0,415,4,0.992,1.0,0.9529411764705882,0.9759036144578312,0.9764705882352941
primary_45_SilentProbing_randomized_smoothing_C1,45,SilentProbing,randomized_smoothing,C1,61,78,0,415,7,0.986,1.0,0.9176470588235294,0.9570552147239264,0.9588235294117646
primary_45_SilentProbing_randomized_smoothing_C1,45,SilentProbing,randomized_smoothing,C1,62,81,0,415,4,0.992,1.0,0.9529411764705882,0.9759036144578312,0.9764705882352941
primary_45_SilentProbing_randomized_smoothing_C1,45,SilentProbing,randomized_smoothing,C1,63,77,0,415,8,0.984,1.0,0.9058823529411765,0.9506172839506173,0.9529411764705882
primary_45_SilentProbing_randomized_smoothing_C1,45,SilentProbing,randomized_smoothing,C1,64,77,0,415,8,0.984,1.0,0.9058823529411765,0.9506172839506173,0.9529411764705882
primary_45_SilentProbing_randomized_smoothing_C1,45,SilentProbing,randomized_smoothing,C1,65,78,0,415,7,0.986,1.0,0.9176470588235294,0.9570552147239264,0.9588235294117646
primary_45_SilentProbing_randomized_smoothing_C1,45,SilentProbing,randomized_smoothing,C1,66,81,0,415,4,0.992,1.0,0.9529411764705882,0.9759036144578312,0.9764705882352941
primary_45_SilentProbing_randomized_smoothing_C1,45,SilentProbing,randomized_smoothing,C1,67,81,0,415,4,0.992,1.0,0.9529411764705882,0.9759036144578312,0.9764705882352941
primary_45_SilentProbing_randomized_smoothing_C1,45,SilentProbing,randomized_smoothing,C1,68,79,0,415,6,0.988,1.0,0.9294117647058824,0.9634146341463414,0.9647058823529412
primary_45_SilentProbing_randomized_smoothing_C1,45,SilentProbing,randomized_smoothing,C1,69,80,2,413,5,0.986,0.975609756097561,0.9411764705882353,0.9580838323353293,0.9681785967399008
primary_45_SilentProbing_randomized_smoothing_C1,45,SilentProbing,randomized_smoothing,C1,70,82,0,415,3,0.994,1.0,0.9647058823529412,0.9820359281437125,0.9823529411764707
primary_45_SilentProbing_randomized_smoothing_C1,45,SilentProbing,randomized_smoothing,C1,71,77,0,415,8,0.984,1.0,0.9058823529411765,0.9506172839506173,0.9529411764705882
primary_45_SilentProbing_randomized_smoothing_C1,45,SilentProbing,randomized_smoothing,C1,72,78,0,415,7,0.986,1.0,0.9176470588235294,0.9570552147239264,0.9588235294117646
primary_45_SilentProbing_randomized_smoothing_C1,45,SilentProbing,randomized_smoothing,C1,73,77,1,414,8,0.982,0.9871794871794872,0.9058823529411765,0.9447852760736197,0.9517363571934798
primary_45_SilentProbing_randomized_smoothing_C1,45,SilentProbing,randomized_smoothing,C1,74,82,0,415,3,0.994,1.0,0.9647058823529412,0.9820359281437125,0.9823529411764707
primary_45_SilentProbing_randomized_smoothing_C1,45,SilentProbing,randomized_smoothing,C1,75,78,0,415,7,0.986,1.0,0.9176470588235294,0.9570552147239264,0.9588235294117646
primary_45_SilentProbing_randomized_smoothing_C1,45,SilentProbing,randomized_smoothing,C1,76,82,1,414,3,0.992,0.9879518072289156,0.9647058823529412,0.9761904761904762,0.9811481218993622
primary_45_SilentProbing_randomized_smoothing_C1,45,SilentProbing,randomized_smoothing,C1,77,80,0,415,5,0.99,1.0,0.9411764705882353,0.9696969696969697,0.9705882352941176
primary_45_SilentProbing_randomized_smoothing_C1,45,SilentProbing,randomized_smoothing,C1,78,83,0,415,2,0.996,1.0,0.9764705882352941,0.988095238095238,0.9882352941176471
primary_45_SilentProbing_randomized_smoothing_C1,45,SilentProbing,randomized_smoothing,C1,79,81,0,415,4,0.992,1.0,0.9529411764705882,0.9759036144578312,0.9764705882352941
primary_45_SilentProbing_randomized_smoothing_C1,45,SilentProbing,randomized_smoothing,C1,80,79,0,415,6,0.988,1.0,0.9294117647058824,0.9634146341463414,0.9647058823529412
primary_45_SilentProbing_randomized_smoothing_C1,45,SilentProbing,randomized_smoothing,C1,81,76,0,415,9,0.982,1.0,0.8941176470588236,0.9440993788819877,0.9470588235294117
primary_45_SilentProbing_randomized_smoothing_C1,45,SilentProbing,randomized_smoothing,C1,82,79,0,415,6,0.988,1.0,0.9294117647058824,0.9634146341463414,0.9647058823529412
primary_45_SilentProbing_randomized_smoothing_C1,45,SilentProbing,randomized_smoothing,C1,83,78,0,415,7,0.986,1.0,0.9176470588235294,0.9570552147239264,0.9588235294117646
primary_45_SilentProbing_randomized_smoothing_C1,45,SilentProbing,randomized_smoothing,C1,84,79,0,415,6,0.988,1.0,0.9294117647058824,0.9634146341463414,0.9647058823529412
primary_45_SilentProbing_randomized_smoothing_C1,45,SilentProbing,randomized_smoothing,C1,85,82,1,414,3,0.992,0.9879518072289156,0.9647058823529412,0.9761904761904762,0.9811481218993622
primary_45_SilentProbing_randomized_smoothing_C1,45,SilentProbing,randomized_smoothing,C1,86,76,2,413,9,0.978,0.9743589743589743,0.8941176470588236,0.9325153374233129,0.9446491849751949
primary_45_SilentProbing_randomized_smoothing_C1,45,SilentProbing,randomized_smoothing,C1,87,78,0,415,7,0.986,1.0,0.9176470588235294,0.9570552147239264,0.9588235294117646
primary_45_SilentProbing_randomized_smoothing_C1,45,SilentProbing,randomized_smoothing,C1,88,81,0,415,4,0.992,1.0,0.9529411764705882,0.9759036144578312,0.9764705882352941
primary_45_SilentProbing_randomized_smoothing_C1,45,SilentProbing,randomized_smoothing,C1,89,79,1,414,6,0.986,0.9875,0.9294117647058824,0.9575757575757576,0.9635010630758327
primary_45_SilentProbing_randomized_smoothing_C1,45,SilentProbing,randomized_smoothing,C1,90,82,1,414,3,0.992,0.9879518072289156,0.9647058823529412,0.9761904761904762,0.9811481218993622
primary_45_SilentProbing_randomized_smoothing_C1,45,SilentProbing,randomized_smoothing,C1,91,80,2,413,5,0.986,0.975609756097561,0.9411764705882353,0.9580838323353293,0.9681785967399008
primary_45_SilentProbing_randomized_smoothing_C1,45,SilentProbing,randomized_smoothing,C1,92,80,0,415,5,0.99,1.0,0.9411764705882353,0.9696969696969697,0.9705882352941176
primary_45_SilentProbing_randomized_smoothing_C1,45,SilentProbing,randomized_smoothing,C1,93,79,0,415,6,0.988,1.0,0.9294117647058824,0.9634146341463414,0.9647058823529412
primary_45_SilentProbing_randomized_smoothing_C1,45,SilentProbing,randomized_smoothing,C1,94,82,0,415,3,0.994,1.0,0.9647058823529412,0.9820359281437125,0.9823529411764707
primary_45_SilentProbing_randomized_smoothing_C1,45,SilentProbing,randomized_smoothing,C1,95,82,1,414,3,0.992,0.9879518072289156,0.9647058823529412,0.9761904761904762,0.9811481218993622
primary_45_SilentProbing_randomized_smoothing_C1,45,SilentProbing,randomized_smoothing,C1,96,84,0,415,1,0.998,1.0,0.9882352941176471,0.9940828402366864,0.9941176470588236
primary_45_SilentProbing_randomized_smoothing_C1,45,SilentProbing,randomized_smoothing,C1,97,76,1,414,9,0.98,0.987012987012987,0.8941176470588236,0.9382716049382716,0.9458540042523034
primary_45_SilentProbing_randomized_smoothing_C1,45,SilentProbing,randomized_smoothing,C1,98,80,0,415,5,0.99,1.0,0.9411764705882353,0.9696969696969697,0.9705882352941176
primary_45_SilentProbing_randomized_smoothing_C1,45,SilentProbing,randomized_smoothing,C1,99,82,1,414,3,0.992,0.9879518072289156,0.9647058823529412,0.9761904761904762,0.9811481218993622
primary_45_SilentProbing_randomized_smoothing_C1,45,SilentProbing,randomized_smoothing,C1,100,81,1,414,4,0.99,0.9878048780487805,0.9529411764705882,0.9700598802395209,0.9752657689581856
primary_45_SilentProbing_randomized_smoothing_C1,45,SilentProbing,randomized_smoothing,C1,101,81,0,415,4,0.992,1.0,0.9529411764705882,0.9759036144578312,0.9764705882352941
primary_45_SilentProbing_randomized_smoothing_C1,45,SilentProbing,randomized_smoothing,C1,102,82,0,415,3,0.994,1.0,0.9647058823529412,0.9820359281437125,0.9823529411764707
primary_45_SilentProbing_randomized_smoothing_C1,45,SilentProbing,randomized_smoothing,C1,103,81,0,415,4,0.992,1.0,0.9529411764705882,0.9759036144578312,0.9764705882352941
primary_45_SilentProbing_randomized_smoothing_C1,45,SilentProbing,randomized_smoothing,C1,104,82,0,415,3,0.994,1.0,0.9647058823529412,0.9820359281437125,0.9823529411764707
primary_45_SilentProbing_randomized_smoothing_C1,45,SilentProbing,randomized_smoothing,C1,105,82,0,415,3,0.994,1.0,0.9647058823529412,0.9820359281437125,0.9823529411764707
primary_45_SilentProbing_randomized_smoothing_C1,45,SilentProbing,randomized_smoothing,C1,106,79,0,415,6,0.988,1.0,0.9294117647058824,0.9634146341463414,0.9647058823529412
primary_45_SilentProbing_randomized_smoothing_C1,45,SilentProbing,randomized_smoothing,C1,107,79,0,415,6,0.988,1.0,0.9294117647058824,0.9634146341463414,0.9647058823529412
primary_45_SilentProbing_randomized_smoothing_C1,45,SilentProbing,randomized_smoothing,C1,108,81,0,415,4,0.992,1.0,0.9529411764705882,0.9759036144578312,0.9764705882352941
primary_45_SilentProbing_randomized_smoothing_C1,45,SilentProbing,randomized_smoothing,C1,109,78,0,415,7,0.986,1.0,0.9176470588235294,0.9570552147239264,0.9588235294117646
primary_45_SilentProbing_randomized_smoothing_C1,45,SilentProbing,randomized_smoothing,C1,110,78,1,414,7,0.984,0.9873417721518988,0.9176470588235294,0.9512195121951219,0.9576187101346563
primary_45_SilentProbing_randomized_smoothing_C1,45,SilentProbing,randomized_smoothing,C1,111,84,1,414,1,0.996,0.9882352941176471,0.9882352941176471,0.9882352941176471,0.9929128277817152
primary_45_SilentProbing_randomized_smoothing_C1,45,SilentProbing,randomized_smoothing,C1,112,81,1,414,4,0.99,0.9878048780487805,0.9529411764705882,0.9700598802395209,0.9752657689581856
primary_45_SilentProbing_randomized_smoothing_C1,45,SilentProbing,randomized_smoothing,C1,113,79,1,414,6,0.986,0.9875,0.9294117647058824,0.9575757575757576,0.9635010630758327
primary_45_SilentProbing_randomized_smoothing_C1,45,SilentProbing,randomized_smoothing,C1,114,80,0,415,5,0.99,1.0,0.9411764705882353,0.9696969696969697,0.9705882352941176
primary_45_SilentProbing_randomized_smoothing_C1,45,SilentProbing,randomized_smoothing,C1,115,78,0,415,7,0.986,1.0,0.9176470588235294,0.9570552147239264,0.9588235294117646
primary_45_SilentProbing_randomized_smoothing_C1,45,SilentProbing,randomized_smoothing,C1,116,78,1,414,7,0.984,0.9873417721518988,0.9176470588235294,0.9512195121951219,0.9576187101346563
primary_45_SilentProbing_randomized_smoothing_C1,45,SilentProbing,randomized_smoothing,C1,117,80,0,415,5,0.99,1.0,0.9411764705882353,0.9696969696969697,0.9705882352941176
primary_45_SilentProbing_randomized_smoothing_C1,45,SilentProbing,randomized_smoothing,C1,118,79,1,414,6,0.986,0.9875,0.9294117647058824,0.9575757575757576,0.9635010630758327
primary_45_SilentProbing_randomized_smoothing_C1,45,SilentProbing,randomized_smoothing,C1,119,80,0,415,5,0.99,1.0,0.9411764705882353,0.9696969696969697,0.9705882352941176
primary_45_SilentProbing_randomized_smoothing_C1,45,SilentProbing,randomized_smoothing,C1,120,82,0,415,3,0.994,1.0,0.9647058823529412,0.9820359281437125,0.9823529411764707
primary_45_SilentProbing_randomized_smoothing_C1,45,SilentProbing,randomized_smoothing,C1,121,81,0,415,4,0.992,1.0,0.9529411764705882,0.9759036144578312,0.9764705882352941
primary_45_SilentProbing_randomized_smoothing_C1,45,SilentProbing,randomized_smoothing,C1,122,80,0,415,5,0.99,1.0,0.9411764705882353,0.9696969696969697,0.9705882352941176
primary_45_SilentProbing_randomized_smoothing_C1,45,SilentProbing,randomized_smoothing,C1,123,76,0,415,9,0.982,1.0,0.8941176470588236,0.9440993788819877,0.9470588235294117
primary_45_SilentProbing_randomized_smoothing_C1,45,SilentProbing,randomized_smoothing,C1,124,80,1,414,5,0.988,0.9876543209876543,0.9411764705882353,0.963855421686747,0.9693834160170092
primary_45_SilentProbing_randomized_smoothing_C1,45,SilentProbing,randomized_smoothing,C1,125,82,2,413,3,0.99,0.9761904761904762,0.9647058823529412,0.9704142011834319,0.9799433026222537
primary_45_SilentProbing_randomized_smoothing_C1,45,SilentProbing,randomized_smoothing,C1,126,83,0,415,2,0.996,1.0,0.9764705882352941,0.988095238095238,0.9882352941176471
primary_45_SilentProbing_randomized_smoothing_C1,45,SilentProbing,randomized_smoothing,C1,127,77,0,415,8,0.984,1.0,0.9058823529411765,0.9506172839506173,0.9529411764705882
primary_45_SilentProbing_randomized_smoothing_C1,45,SilentProbing,randomized_smoothing,C1,128,83,0,415,2,0.996,1.0,0.9764705882352941,0.988095238095238,0.9882352941176471
primary_45_SilentProbing_randomized_smoothing_C1,45,SilentProbing,randomized_smoothing,C1,129,79,0,415,6,0.988,1.0,0.9294117647058824,0.9634146341463414,0.9647058823529412
primary_45_SilentProbing_randomized_smoothing_C1,45,SilentProbing,randomized_smoothing,C1,130,83,0,415,2,0.996,1.0,0.9764705882352941,0.988095238095238,0.9882352941176471
primary_45_SilentProbing_randomized_smoothing_C1,45,SilentProbing,randomized_smoothing,C1,131,80,1,414,5,0.988,0.9876543209876543,0.9411764705882353,0.963855421686747,0.9693834160170092
primary_45_SilentProbing_randomized_smoothing_C1,45,SilentProbing,randomized_smoothing,C1,132,78,0,415,7,0.986,1.0,0.9176470588235294,0.9570552147239264,0.9588235294117646
primary_45_SilentProbing_randomized_smoothing_C1,45,SilentProbing,randomized_smoothing,C1,133,81,1,414,4,0.99,0.9878048780487805,0.9529411764705882,0.9700598802395209,0.9752657689581856
primary_45_SilentProbing_randomized_smoothing_C1,45,SilentProbing,randomized_smoothing,C1,134,78,0,415,7,0.986,1.0,0.9176470588235294,0.9570552147239264,0.9588235294117646
primary_45_SilentProbing_randomized_smoothing_C1,45,SilentProbing,randomized_smoothing,C1,135,83,0,415,2,0.996,1.0,0.9764705882352941,0.988095238095238,0.9882352941176471
primary_45_SilentProbing_randomized_smoothing_C1,45,SilentProbing,randomized_smoothing,C1,136,82,0,415,3,0.994,1.0,0.9647058823529412,0.9820359281437125,0.9823529411764707
primary_45_SilentProbing_randomized_smoothing_C1,45,SilentProbing,randomized_smoothing,C1,137,79,2,413,6,0.984,0.9753086419753086,0.9294117647058824,0.9518072289156626,0.9622962437987244
primary_45_SilentProbing_randomized_smoothing_C1,45,SilentProbing,randomized_smoothing,C1,138,82,0,415,3,0.994,1.0,0.9647058823529412,0.9820359281437125,0.9823529411764707
primary_45_SilentProbing_randomized_smoothing_C1,45,SilentProbing,randomized_smoothing,C1,139,78,1,414,7,0.984,0.9873417721518988,0.9176470588235294,0.9512195121951219,0.9576187101346563
primary_45_SilentProbing_randomized_smoothing_C1,45,SilentProbing,randomized_smoothing,C1,140,79,0,415,6,0.988,1.0,0.9294117647058824,0.9634146341463414,0.9647058823529412
primary_45_SilentProbing_randomized_smoothing_C1,45,SilentProbing,randomized_smoothing,C1,141,78,0,415,7,0.986,1.0,0.9176470588235294,0.9570552147239264,0.9588235294117646
primary_45_SilentProbing_randomized_smoothing_C1,45,SilentProbing,randomized_smoothing,C1,142,84,0,415,1,0.998,1.0,0.9882352941176471,0.9940828402366864,0.9941176470588236
primary_45_SilentProbing_randomized_smoothing_C1,45,SilentProbing,randomized_smoothing,C1,143,81,0,415,4,0.992,1.0,0.9529411764705882,0.9759036144578312,0.9764705882352941
primary_45_SurrogateTransfer_afp_Base,45,SurrogateTransfer,afp,Base,0,71,0,414,15,0.97,1.0,0.8255813953488372,0.9044585987261146,0.9127906976744187
primary_45_SurrogateTransfer_afp_Base,45,SurrogateTransfer,afp,Base,1,65,0,414,21,0.958,1.0,0.7558139534883721,0.8609271523178808,0.877906976744186
primary_45_SurrogateTransfer_afp_Base,45,SurrogateTransfer,afp,Base,2,72,0,414,14,0.972,1.0,0.8372093023255814,0.9113924050632911,0.9186046511627908
primary_45_SurrogateTransfer_afp_Base,45,SurrogateTransfer,afp,Base,3,68,0,414,18,0.964,1.0,0.7906976744186046,0.8831168831168831,0.8953488372093024
primary_45_SurrogateTransfer_afp_Base,45,SurrogateTransfer,afp,Base,4,73,0,414,13,0.974,1.0,0.8488372093023255,0.9182389937106918,0.9244186046511628
primary_45_SurrogateTransfer_afp_Base,45,SurrogateTransfer,afp,Base,5,68,0,414,18,0.964,1.0,0.7906976744186046,0.8831168831168831,0.8953488372093024
primary_45_SurrogateTransfer_afp_Base,45,SurrogateTransfer,afp,Base,6,76,0,414,10,0.98,1.0,0.8837209302325582,0.9382716049382717,0.9418604651162791
primary_45_SurrogateTransfer_afp_Base,45,SurrogateTransfer,afp,Base,7,69,0,414,17,0.966,1.0,0.8023255813953488,0.8903225806451612,0.9011627906976745
primary_45_SurrogateTransfer_afp_Base,45,SurrogateTransfer,afp,Base,8,66,0,414,20,0.96,1.0,0.7674418604651163,0.868421052631579,0.8837209302325582
primary_45_SurrogateTransfer_afp_Base,45,SurrogateTransfer,afp,Base,9,73,0,414,13,0.974,1.0,0.8488372093023255,0.9182389937106918,0.9244186046511628
primary_45_SurrogateTransfer_afp_Base,45,SurrogateTransfer,afp,Base,10,72,0,414,14,0.972,1.0,0.8372093023255814,0.9113924050632911,0.9186046511627908
primary_45_SurrogateTransfer_afp_Base,45,SurrogateTransfer,afp,Base,11,63,0,414,23,0.954,1.0,0.7325581395348837,0.8456375838926175,0.8662790697674418
primary_45_SurrogateTransfer_afp_Base,45,SurrogateTransfer,afp,Base,12,69,0,414,17,0.966,1.0,0.8023255813953488,0.8903225806451612,0.9011627906976745
primary_45_SurrogateTransfer_afp_Base,45,SurrogateTransfer,afp,Base,13,75,0,414,11,0.978,1.0,0.872093023255814,0.9316770186335404,0.936046511627907
primary_45_SurrogateTransfer_afp_Base,45,SurrogateTransfer,afp,Base,14,72,1,413,14,0.97,0.9863013698630136,0.8372093023255814,0.9056603773584905,0.9173969216941917
primary_45_SurrogateTransfer_afp_Base,45,SurrogateTransfer,afp,Base,15,72,0,414,14,0.972,1.0,0.8372093023255814,0.9113924050632911,0.9186046511627908
primary_45_SurrogateTransfer_afp_Base,45,SurrogateTransfer,afp,Base,16,67,0,414,19,0.962,1.0,0.7790697674418605,0.8758169934640523,0.8895348837209303
primary_45_SurrogateTransfer_afp_Base,45,SurrogateTransfer,afp,Base,17,75,0,415,10,0.98,1.0,0.8823529411764706,0.9375,0.9411764705882353
primary_45_SurrogateTransfer_afp_Base,45,SurrogateTransfer,afp,Base,18,67,0,415,18,0.964,1.0,0.788235294117647,0.8815789473684211,0.8941176470588235
primary_45_SurrogateTransfer_afp_Base,45,SurrogateTransfer,afp,Base,19,74,0,415,11,0.978,1.0,0.8705882352941177,0.9308176100628931,0.9352941176470588
primary_45_SurrogateTransfer_afp_Base,45,SurrogateTransfer,afp,Base,20,65,0,415,20,0.96,1.0,0.7647058823529411,0.8666666666666666,0.8823529411764706
primary_45_SurrogateTransfer_afp_Base,45,SurrogateTransfer,afp,Base,21,66,1,414,19,0.96,0.9850746268656716,0.7764705882352941,0.8684210526315789,0.8870304748405387
primary_45_SurrogateTransfer_afp_Base,45,SurrogateTransfer,afp,Base,22,72,0,415,13,0.974,1.0,0.8470588235294118,0.9171974522292993,0.9235294117647059
primary_45_SurrogateTransfer_afp_Base,45,SurrogateTransfer,afp,Base,23,69,0,415,16,0.968,1.0,0.8117647058823529,0.8961038961038961,0.9058823529411765
primary_45_SurrogateTransfer_afp_Base,45,SurrogateTransfer,afp,Base,24,69,0,415,16,0.968,1.0,0.8117647058823529,0.8961038961038961,0.9058823529411765
primary_45_SurrogateTransfer_afp_Base,45,SurrogateTransfer,afp,Base,25,70,0,415,15,0.97,1.0,0.8235294117647058,0.9032258064516129,0.9117647058823529
primary_45_SurrogateTransfer_afp_Base,45,SurrogateTransfer,afp,Base,26,65,0,415,20,0.96,1.0,0.7647058823529411,0.8666666666666666,0.8823529411764706
primary_45_SurrogateTransfer_afp_Base,45,SurrogateTransfer,afp,Base,27,62,0,415,23,0.954,1.0,0.7294117647058823,0.8435374149659863,0.8647058823529412
primary_45_SurrogateTransfer_afp_Base,45,SurrogateTransfer,afp,Base,28,72,0,415,13,0.974,1.0,0.8470588235294118,0.9171974522292993,0.9235294117647059
primary_45_SurrogateTransfer_afp_Base,45,SurrogateTransfer,afp,Base,29,67,0,415,18,0.964,1.0,0.788235294117647,0.8815789473684211,0.8941176470588235
primary_45_SurrogateTransfer_afp_Base,45,SurrogateTransfer,afp,Base,30,70,0,415,15,0.97,1.0,0.8235294117647058,0.9032258064516129,0.9117647058823529
primary_45_SurrogateTransfer_afp_Base,45,SurrogateTransfer,afp,Base,31,67,0,415,18,0.964,1.0,0.788235294117647,0.8815789473684211,0.8941176470588235
primary_45_SurrogateTransfer_afp_Base,45,SurrogateTransfer,afp,Base,32,64,0,415,21,0.958,1.0,0.7529411764705882,0.8590604026845637,0.8764705882352941
primary_45_SurrogateTransfer_afp_Base,45,SurrogateTransfer,afp,Base,33,66,0,415,19,0.962,1.0,0.7764705882352941,0.8741721854304636,0.888235294117647
primary_45_SurrogateTransfer_afp_Base,45,SurrogateTransfer,afp,Base,34,65,0,415,20,0.96,1.0,0.7647058823529411,0.8666666666666666,0.8823529411764706
primary_45_SurrogateTransfer_afp_Base,45,SurrogateTransfer,afp,Base,35,62,0,415,23,0.954,1.0,0.7294117647058823,0.8435374149659863,0.8647058823529412
primary_45_SurrogateTransfer_afp_Base,45,SurrogateTransfer,afp,Base,36,66,0,415,19,0.962,1.0,0.7764705882352941,0.8741721854304636,0.888235294117647
primary_45_SurrogateTransfer_afp_Base,45,SurrogateTransfer,afp,Base,37,75,0,415,10,0.98,1.0,0.8823529411764706,0.9375,0.9411764705882353
primary_45_SurrogateTransfer_afp_Base,45,SurrogateTransfer,afp,Base,38,73,0,415,12,0.976,1.0,0.8588235294117647,0.9240506329113923,0.9294117647058824
primary_45_SurrogateTransfer_afp_Base,45,SurrogateTransfer,afp,Base,39,67,0,415,18,0.964,1.0,0.788235294117647,0.8815789473684211,0.8941176470588235
primary_45_SurrogateTransfer_afp_Base,45,SurrogateTransfer,afp,Base,40,76,0,415,9,0.982,1.0,0.8941176470588236,0.9440993788819877,0.9470588235294117
primary_45_SurrogateTransfer_afp_Base,45,SurrogateTransfer,afp,Base,41,73,0,415,12,0.976,1.0,0.8588235294117647,0.9240506329113923,0.9294117647058824
primary_45_SurrogateTransfer_afp_Base,45,SurrogateTransfer,afp,Base,42,71,0,415,14,0.972,1.0,0.8352941176470589,0.9102564102564102,0.9176470588235295
primary_45_SurrogateTransfer_afp_Base,45,SurrogateTransfer,afp,Base,43,67,0,415,18,0.964,1.0,0.788235294117647,0.8815789473684211,0.8941176470588235
primary_45_SurrogateTransfer_afp_Base,45,SurrogateTransfer,afp,Base,44,68,0,415,17,0.966,1.0,0.8,0.888888888888889,0.9
primary_45_SurrogateTransfer_afp_Base,45,SurrogateTransfer,afp,Base,45,71,0,415,14,0.972,1.0,0.8352941176470589,0.9102564102564102,0.9176470588235295
primary_45_SurrogateTransfer_afp_Base,45,SurrogateTransfer,afp,Base,46,71,0,415,14,0.972,1.0,0.8352941176470589,0.9102564102564102,0.9176470588235295
primary_45_SurrogateTransfer_afp_Base,45,SurrogateTransfer,afp,Base,47,67,0,415,18,0.964,1.0,0.788235294117647,0.8815789473684211,0.8941176470588235
primary_45_SurrogateTransfer_afp_Base,45,SurrogateTransfer,afp,Base,48,73,0,415,12,0.976,1.0,0.8588235294117647,0.9240506329113923,0.9294117647058824
primary_45_SurrogateTransfer_afp_Base,45,SurrogateTransfer,afp,Base,49,69,0,415,16,0.968,1.0,0.8117647058823529,0.8961038961038961,0.9058823529411765
primary_45_SurrogateTransfer_afp_Base,45,SurrogateTransfer,afp,Base,50,69,0,415,16,0.968,1.0,0.8117647058823529,0.8961038961038961,0.9058823529411765
primary_45_SurrogateTransfer_afp_Base,45,SurrogateTransfer,afp,Base,51,73,0,415,12,0.976,1.0,0.8588235294117647,0.9240506329113923,0.9294117647058824
primary_45_SurrogateTransfer_afp_Base,45,SurrogateTransfer,afp,Base,52,67,0,415,18,0.964,1.0,0.788235294117647,0.8815789473684211,0.8941176470588235
primary_45_SurrogateTransfer_afp_Base,45,SurrogateTransfer,afp,Base,53,58,0,415,27,0.946,1.0,0.6823529411764706,0.8111888111888113,0.8411764705882353
primary_45_SurrogateTransfer_afp_Base,45,SurrogateTransfer,afp,Base,54,69,0,415,16,0.968,1.0,0.8117647058823529,0.8961038961038961,0.9058823529411765
primary_45_SurrogateTransfer_afp_Base,45,SurrogateTransfer,afp,Base,55,65,0,415,20,0.96,1.0,0.7647058823529411,0.8666666666666666,0.8823529411764706
primary_45_SurrogateTransfer_afp_Base,45,SurrogateTransfer,afp,Base,56,71,0,415,14,0.972,1.0,0.8352941176470589,0.9102564102564102,0.9176470588235295
primary_45_SurrogateTransfer_afp_Base,45,SurrogateTransfer,afp,Base,57,67,0,415,18,0.964,1.0,0.788235294117647,0.8815789473684211,0.8941176470588235
primary_45_SurrogateTransfer_afp_Base,45,SurrogateTransfer,afp,Base,58,70,0,415,15,0.97,1.0,0.8235294117647058,0.9032258064516129,0.9117647058823529
primary_45_SurrogateTransfer_afp_Base,45,SurrogateTransfer,afp,Base,59,72,0,415,13,0.974,1.0,0.8470588235294118,0.9171974522292993,0.9235294117647059
primary_45_SurrogateTransfer_afp_Base,45,SurrogateTransfer,afp,Base,60,64,0,415,21,0.958,1.0,0.7529411764705882,0.8590604026845637,0.8764705882352941
primary_45_SurrogateTransfer_afp_Base,45,SurrogateTransfer,afp,Base,61,68,0,415,17,0.966,1.0,0.8,0.888888888888889,0.9
primary_45_SurrogateTransfer_afp_Base,45,SurrogateTransfer,afp,Base,62,67,0,415,18,0.964,1.0,0.788235294117647,0.8815789473684211,0.8941176470588235
primary_45_SurrogateTransfer_afp_Base,45,SurrogateTransfer,afp,Base,63,70,0,415,15,0.97,1.0,0.8235294117647058,0.9032258064516129,0.9117647058823529
primary_45_SurrogateTransfer_afp_Base,45,SurrogateTransfer,afp,Base,64,67,0,415,18,0.964,1.0,0.788235294117647,0.8815789473684211,0.8941176470588235
primary_45_SurrogateTransfer_afp_Base,45,SurrogateTransfer,afp,Base,65,63,0,415,22,0.956,1.0,0.7411764705882353,0.8513513513513514,0.8705882352941177
primary_45_SurrogateTransfer_afp_Base,45,SurrogateTransfer,afp,Base,66,69,0,415,16,0.968,1.0,0.8117647058823529,0.8961038961038961,0.9058823529411765
primary_45_SurrogateTransfer_afp_Base,45,SurrogateTransfer,afp,Base,67,70,0,415,15,0.97,1.0,0.8235294117647058,0.9032258064516129,0.9117647058823529
primary_45_SurrogateTransfer_afp_Base,45,SurrogateTransfer,afp,Base,68,66,0,415,19,0.962,1.0,0.7764705882352941,0.8741721854304636,0.888235294117647
primary_45_SurrogateTransfer_afp_Base,45,SurrogateTransfer,afp,Base,69,67,1,414,18,0.962,0.9852941176470589,0.788235294117647,0.8758169934640523,0.8929128277817151
primary_45_SurrogateTransfer_afp_Base,45,SurrogateTransfer,afp,Base,70,70,0,415,15,0.97,1.0,0.8235294117647058,0.9032258064516129,0.9117647058823529
primary_45_SurrogateTransfer_afp_Base,45,SurrogateTransfer,afp,Base,71,72,0,415,13,0.974,1.0,0.8470588235294118,0.9171974522292993,0.9235294117647059
primary_45_SurrogateTransfer_afp_Base,45,SurrogateTransfer,afp,Base,72,69,0,415,16,0.968,1.0,0.8117647058823529,0.8961038961038961,0.9058823529411765
primary_45_SurrogateTransfer_afp_Base,45,SurrogateTransfer,afp,Base,73,68,0,415,17,0.966,1.0,0.8,0.888888888888889,0.9
primary_45_SurrogateTransfer_afp_Base,45,SurrogateTransfer,afp,Base,74,77,0,415,8,0.984,1.0,0.9058823529411765,0.9506172839506173,0.9529411764705882
primary_45_SurrogateTransfer_afp_Base,45,SurrogateTransfer,afp,Base,75,70,0,415,15,0.97,1.0,0.8235294117647058,0.9032258064516129,0.9117647058823529
primary_45_SurrogateTransfer_afp_Base,45,SurrogateTransfer,afp,Base,76,69,0,415,16,0.968,1.0,0.8117647058823529,0.8961038961038961,0.9058823529411765
primary_45_SurrogateTransfer_afp_Base,45,SurrogateTransfer,afp,Base,77,69,0,415,16,0.968,1.0,0.8117647058823529,0.8961038961038961,0.9058823529411765
primary_45_SurrogateTransfer_afp_Base,45,SurrogateTransfer,afp,Base,78,73,0,415,12,0.976,1.0,0.8588235294117647,0.9240506329113923,0.9294117647058824
primary_45_SurrogateTransfer_afp_Base,45,SurrogateTransfer,afp,Base,79,70,0,415,15,0.97,1.0,0.8235294117647058,0.9032258064516129,0.9117647058823529
primary_45_SurrogateTransfer_afp_Base,45,SurrogateTransfer,afp,Base,80,67,0,415,18,0.964,1.0,0.788235294117647,0.8815789473684211,0.8941176470588235
primary_45_SurrogateTransfer_afp_Base,45,SurrogateTransfer,afp,Base,81,71,0,415,14,0.972,1.0,0.8352941176470589,0.9102564102564102,0.9176470588235295
primary_45_SurrogateTransfer_afp_Base,45,SurrogateTransfer,afp,Base,82,66,0,415,19,0.962,1.0,0.7764705882352941,0.8741721854304636,0.888235294117647
primary_45_SurrogateTransfer_afp_Base,45,SurrogateTransfer,afp,Base,83,63,0,415,22,0.956,1.0,0.7411764705882353,0.8513513513513514,0.8705882352941177
primary_45_SurrogateTransfer_afp_Base,45,SurrogateTransfer,afp,Base,84,73,0,415,12,0.976,1.0,0.8588235294117647,0.9240506329113923,0.9294117647058824
primary_45_SurrogateTransfer_afp_Base,45,SurrogateTransfer,afp,Base,85,67,0,415,18,0.964,1.0,0.788235294117647,0.8815789473684211,0.8941176470588235
primary_45_SurrogateTransfer_afp_Base,45,SurrogateTransfer,afp,Base,86,69,1,414,16,0.966,0.9857142857142858,0.8117647058823529,0.8903225806451613,0.904677533664068
primary_45_SurrogateTransfer_afp_Base,45,SurrogateTransfer,afp,Base,87,61,0,415,24,0.952,1.0,0.7176470588235294,0.8356164383561643,0.8588235294117648
primary_45_SurrogateTransfer_afp_Base,45,SurrogateTransfer,afp,Base,88,68,0,415,17,0.966,1.0,0.8,0.888888888888889,0.9
primary_45_SurrogateTransfer_afp_Base,45,SurrogateTransfer,afp,Base,89,72,0,415,13,0.974,1.0,0.8470588235294118,0.9171974522292993,0.9235294117647059
primary_45_SurrogateTransfer_afp_Base,45,SurrogateTransfer,afp,Base,90,70,0,415,15,0.97,1.0,0.8235294117647058,0.9032258064516129,0.9117647058823529
primary_45_SurrogateTransfer_afp_Base,45,SurrogateTransfer,afp,Base,91,66,0,415,19,0.962,1.0,0.7764705882352941,0.8741721854304636,0.888235294117647
primary_45_SurrogateTransfer_afp_Base,45,SurrogateTransfer,afp,Base,92,66,0,415,19,0.962,1.0,0.7764705882352941,0.8741721854304636,0.888235294117647
primary_45_SurrogateTransfer_afp_Base,45,SurrogateTransfer,afp,Base,93,70,0,415,15,0.97,1.0,0.8235294117647058,0.9032258064516129,0.9117647058823529
primary_45_SurrogateTransfer_afp_Base,45,SurrogateTransfer,afp,Base,94,65,0,415,20,0.96,1.0,0.7647058823529411,0.8666666666666666,0.8823529411764706
primary_45_SurrogateTransfer_afp_Base,45,SurrogateTransfer,afp,Base,95,69,0,415,16,0.968,1.0,0.8117647058823529,0.8961038961038961,0.9058823529411765
primary_45_SurrogateTransfer_afp_Base,45,SurrogateTransfer,afp,Base,96,66,0,415,19,0.962,1.0,0.7764705882352941,0.8741721854304636,0.888235294117647
primary_45_SurrogateTransfer_afp_Base,45,SurrogateTransfer,afp,Base,97,65,0,415,20,0.96,1.0,0.7647058823529411,0.8666666666666666,0.8823529411764706
primary_45_SurrogateTransfer_afp_Base,45,SurrogateTransfer,afp,Base,98,71,0,415,14,0.972,1.0,0.8352941176470589,0.9102564102564102,0.9176470588235295
primary_45_SurrogateTransfer_afp_Base,45,SurrogateTransfer,afp,Base,99,63,0,415,22,0.956,1.0,0.7411764705882353,0.8513513513513514,0.8705882352941177
primary_45_SurrogateTransfer_afp_Base,45,SurrogateTransfer,afp,Base,100,74,0,415,11,0.978,1.0,0.8705882352941177,0.9308176100628931,0.9352941176470588
primary_45_SurrogateTransfer_afp_Base,45,SurrogateTransfer,afp,Base,101,64,0,415,21,0.958,1.0,0.7529411764705882,0.8590604026845637,0.8764705882352941
primary_45_SurrogateTransfer_afp_Base,45,SurrogateTransfer,afp,Base,102,68,0,415,17,0.966,1.0,0.8,0.888888888888889,0.9
primary_45_SurrogateTransfer_afp_Base,45,SurrogateTransfer,afp,Base,103,69,0,415,16,0.968,1.0,0.8117647058823529,0.8961038961038961,0.9058823529411765
primary_45_SurrogateTransfer_afp_Base,45,SurrogateTransfer,afp,Base,104,74,0,415,11,0.978,1.0,0.8705882352941177,0.9308176100628931,0.9352941176470588
primary_45_SurrogateTransfer_afp_Base,45,SurrogateTransfer,afp,Base,105,72,0,415,13,0.974,1.0,0.8470588235294118,0.9171974522292993,0.9235294117647059
primary_45_SurrogateTransfer_afp_Base,45,SurrogateTransfer,afp,Base,106,70,0,415,15,0.97,1.0,0.8235294117647058,0.9032258064516129,0.9117647058823529
primary_45_SurrogateTransfer_afp_Base,45,SurrogateTransfer,afp,Base,107,65,0,415,20,0.96,1.0,0.7647058823529411,0.8666666666666666,0.8823529411764706
primary_45_SurrogateTransfer_afp_Base,45,SurrogateTransfer,afp,Base,108,70,0,415,15,0.97,1.0,0.8235294117647058,0.9032258064516129,0.9117647058823529
primary_45_SurrogateTransfer_afp_Base,45,SurrogateTransfer,afp,Base,109,63,0,415,22,0.956,1.0,0.7411764705882353,0.8513513513513514,0.8705882352941177
primary_45_SurrogateTransfer_afp_Base,45,SurrogateTransfer,afp,Base,110,66,1,414,19,0.96,0.9850746268656716,0.7764705882352941,0.8684210526315789,0.8870304748405387
primary_45_SurrogateTransfer_afp_Base,45,SurrogateTransfer,afp,Base,111,71,0,415,14,0.972,1.0,0.8352941176470589,0.9102564102564102,0.9176470588235295
primary_45_SurrogateTransfer_afp_Base,45,SurrogateTransfer,afp,Base,112,73,0,415,12,0.976,1.0,0.8588235294117647,0.9240506329113923,0.9294117647058824
primary_45_SurrogateTransfer_afp_Base,45,SurrogateTransfer,afp,Base,113,71,0,415,14,0.972,1.0,0.8352941176470589,0.9102564102564102,0.9176470588235295
primary_45_SurrogateTransfer_afp_Base,45,SurrogateTransfer,afp,Base,114,66,0,415,19,0.962,1.0,0.7764705882352941,0.8741721854304636,0.888235294117647
primary_45_SurrogateTransfer_afp_Base,45,SurrogateTransfer,afp,Base,115,65,0,415,20,0.96,1.0,0.7647058823529411,0.8666666666666666,0.8823529411764706
primary_45_SurrogateTransfer_afp_Base,45,SurrogateTransfer,afp,Base,116,62,0,415,23,0.954,1.0,0.7294117647058823,0.8435374149659863,0.8647058823529412
primary_45_SurrogateTransfer_afp_Base,45,SurrogateTransfer,afp,Base,117,67,0,415,18,0.964,1.0,0.788235294117647,0.8815789473684211,0.8941176470588235
primary_45_SurrogateTransfer_afp_Base,45,SurrogateTransfer,afp,Base,118,69,0,415,16,0.968,1.0,0.8117647058823529,0.8961038961038961,0.9058823529411765
primary_45_SurrogateTransfer_afp_Base,45,SurrogateTransfer,afp,Base,119,71,0,415,14,0.972,1.0,0.8352941176470589,0.9102564102564102,0.9176470588235295
primary_45_SurrogateTransfer_afp_Base,45,SurrogateTransfer,afp,Base,120,77,0,415,8,0.984,1.0,0.9058823529411765,0.9506172839506173,0.9529411764705882
primary_45_SurrogateTransfer_afp_Base,45,SurrogateTransfer,afp,Base,121,71,0,415,14,0.972,1.0,0.8352941176470589,0.9102564102564102,0.9176470588235295
primary_45_SurrogateTransfer_afp_Base,45,SurrogateTransfer,afp,Base,122,73,0,415,12,0.976,1.0,0.8588235294117647,0.9240506329113923,0.9294117647058824
primary_45_SurrogateTransfer_afp_Base,45,SurrogateTransfer,afp,Base,123,63,0,415,22,0.956,1.0,0.7411764705882353,0.8513513513513514,0.8705882352941177
primary_45_SurrogateTransfer_afp_Base,45,SurrogateTransfer,afp,Base,124,66,0,415,19,0.962,1.0,0.7764705882352941,0.8741721854304636,0.888235294117647
primary_45_SurrogateTransfer_afp_Base,45,SurrogateTransfer,afp,Base,125,72,0,415,13,0.974,1.0,0.8470588235294118,0.9171974522292993,0.9235294117647059
primary_45_SurrogateTransfer_afp_Base,45,SurrogateTransfer,afp,Base,126,73,0,415,12,0.976,1.0,0.8588235294117647,0.9240506329113923,0.9294117647058824
primary_45_SurrogateTransfer_afp_Base,45,SurrogateTransfer,afp,Base,127,64,0,415,21,0.958,1.0,0.7529411764705882,0.8590604026845637,0.8764705882352941
primary_45_SurrogateTransfer_afp_Base,45,SurrogateTransfer,afp,Base,128,69,0,415,16,0.968,1.0,0.8117647058823529,0.8961038961038961,0.9058823529411765
primary_45_SurrogateTransfer_afp_Base,45,SurrogateTransfer,afp,Base,129,67,0,415,18,0.964,1.0,0.788235294117647,0.8815789473684211,0.8941176470588235
primary_45_SurrogateTransfer_afp_Base,45,SurrogateTransfer,afp,Base,130,73,0,415,12,0.976,1.0,0.8588235294117647,0.9240506329113923,0.9294117647058824
primary_45_SurrogateTransfer_afp_Base,45,SurrogateTransfer,afp,Base,131,66,0,415,19,0.962,1.0,0.7764705882352941,0.8741721854304636,0.888235294117647
primary_45_SurrogateTransfer_afp_Base,45,SurrogateTransfer,afp,Base,132,67,0,415,18,0.964,1.0,0.788235294117647,0.8815789473684211,0.8941176470588235
primary_45_SurrogateTransfer_afp_Base,45,SurrogateTransfer,afp,Base,133,70,0,415,15,0.97,1.0,0.8235294117647058,0.9032258064516129,0.9117647058823529
primary_45_SurrogateTransfer_afp_Base,45,SurrogateTransfer,afp,Base,134,67,0,415,18,0.964,1.0,0.788235294117647,0.8815789473684211,0.8941176470588235
primary_45_SurrogateTransfer_afp_Base,45,SurrogateTransfer,afp,Base,135,66,0,415,19,0.962,1.0,0.7764705882352941,0.8741721854304636,0.888235294117647
primary_45_SurrogateTransfer_afp_Base,45,SurrogateTransfer,afp,Base,136,70,0,415,15,0.97,1.0,0.8235294117647058,0.9032258064516129,0.9117647058823529
primary_45_SurrogateTransfer_afp_Base,45,SurrogateTransfer,afp,Base,137,66,0,415,19,0.962,1.0,0.7764705882352941,0.8741721854304636,0.888235294117647
primary_45_SurrogateTransfer_afp_Base,45,SurrogateTransfer,afp,Base,138,71,0,415,14,0.972,1.0,0.8352941176470589,0.9102564102564102,0.9176470588235295
primary_45_SurrogateTransfer_afp_Base,45,SurrogateTransfer,afp,Base,139,68,0,415,17,0.966,1.0,0.8,0.888888888888889,0.9
primary_45_SurrogateTransfer_afp_Base,45,SurrogateTransfer,afp,Base,140,67,0,415,18,0.964,1.0,0.788235294117647,0.8815789473684211,0.8941176470588235
primary_45_SurrogateTransfer_afp_Base,45,SurrogateTransfer,afp,Base,141,68,0,415,17,0.966,1.0,0.8,0.888888888888889,0.9
primary_45_SurrogateTransfer_afp_Base,45,SurrogateTransfer,afp,Base,142,67,0,415,18,0.964,1.0,0.788235294117647,0.8815789473684211,0.8941176470588235
primary_45_SurrogateTransfer_afp_Base,45,SurrogateTransfer,afp,Base,143,72,0,415,13,0.974,1.0,0.8470588235294118,0.9171974522292993,0.9235294117647059
primary_45_SurrogateTransfer_afp_C1,45,SurrogateTransfer,afp,C1,0,71,0,414,15,0.97,1.0,0.8255813953488372,0.9044585987261146,0.9127906976744187
primary_45_SurrogateTransfer_afp_C1,45,SurrogateTransfer,afp,C1,1,70,0,414,16,0.968,1.0,0.813953488372093,0.8974358974358974,0.9069767441860466
primary_45_SurrogateTransfer_afp_C1,45,SurrogateTransfer,afp,C1,2,79,1,413,7,0.984,0.9875,0.9186046511627907,0.9518072289156626,0.9580945961127962
primary_45_SurrogateTransfer_afp_C1,45,SurrogateTransfer,afp,C1,3,77,0,414,9,0.982,1.0,0.8953488372093024,0.9447852760736196,0.9476744186046512
primary_45_SurrogateTransfer_afp_C1,45,SurrogateTransfer,afp,C1,4,81,0,414,5,0.99,1.0,0.9418604651162791,0.970059880239521,0.9709302325581395
primary_45_SurrogateTransfer_afp_C1,45,SurrogateTransfer,afp,C1,5,81,0,414,5,0.99,1.0,0.9418604651162791,0.970059880239521,0.9709302325581395
primary_45_SurrogateTransfer_afp_C1,45,SurrogateTransfer,afp,C1,6,80,0,414,6,0.988,1.0,0.9302325581395349,0.963855421686747,0.9651162790697674
primary_45_SurrogateTransfer_afp_C1,45,SurrogateTransfer,afp,C1,7,77,0,414,9,0.982,1.0,0.8953488372093024,0.9447852760736196,0.9476744186046512
primary_45_SurrogateTransfer_afp_C1,45,SurrogateTransfer,afp,C1,8,80,0,414,6,0.988,1.0,0.9302325581395349,0.963855421686747,0.9651162790697674
primary_45_SurrogateTransfer_afp_C1,45,SurrogateTransfer,afp,C1,9,82,0,414,4,0.992,1.0,0.9534883720930233,0.9761904761904763,0.9767441860465116
primary_45_SurrogateTransfer_afp_C1,45,SurrogateTransfer,afp,C1,10,78,1,413,8,0.982,0.9873417721518988,0.9069767441860465,0.9454545454545454,0.9522806426244241
primary_45_SurrogateTransfer_afp_C1,45,SurrogateTransfer,afp,C1,11,78,0,414,8,0.984,1.0,0.9069767441860465,0.951219512195122,0.9534883720930232
primary_45_SurrogateTransfer_afp_C1,45,SurrogateTransfer,afp,C1,12,80,0,414,6,0.988,1.0,0.9302325581395349,0.963855421686747,0.9651162790697674
primary_45_SurrogateTransfer_afp_C1,45,SurrogateTransfer,afp,C1,13,81,0,414,5,0.99,1.0,0.9418604651162791,0.970059880239521,0.9709302325581395
primary_45_SurrogateTransfer_afp_C1,45,SurrogateTransfer,afp,C1,14,84,1,413,2,0.994,0.9882352941176471,0.9767441860465116,0.9824561403508771,0.9871643635546568
primary_45_SurrogateTransfer_afp_C1,45,SurrogateTransfer,afp,C1,15,82,0,414,4,0.992,1.0,0.9534883720930233,0.9761904761904763,0.9767441860465116
primary_45_SurrogateTransfer_afp_C1,45,SurrogateTransfer,afp,C1,16,78,1,413,8,0.982,0.9873417721518988,0.9069767441860465,0.9454545454545454,0.9522806426244241
primary_45_SurrogateTransfer_afp_C1,45,SurrogateTransfer,afp,C1,17,84,0,415,1,0.998,1.0,0.9882352941176471,0.9940828402366864,0.9941176470588236
primary_45_SurrogateTransfer_afp_C1,45,SurrogateTransfer,afp,C1,18,79,0,415,6,0.988,1.0,0.9294117647058824,0.9634146341463414,0.9647058823529412
primary_45_SurrogateTransfer_afp_C1,45,SurrogateTransfer,afp,C1,19,84,0,415,1,0.998,1.0,0.9882352941176471,0.9940828402366864,0.9941176470588236
primary_45_SurrogateTransfer_afp_C1,45,SurrogateTransfer,afp,C1,20,75,0,415,10,0.98,1.0,0.8823529411764706,0.9375,0.9411764705882353
primary_45_SurrogateTransfer_afp_C1,45,SurrogateTransfer,afp,C1,21,76,1,414,9,0.98,0.987012987012987,0.8941176470588236,0.9382716049382716,0.9458540042523034
primary_45_SurrogateTransfer_afp_C1,45,SurrogateTransfer,afp,C1,22,78,0,415,7,0.986,1.0,0.9176470588235294,0.9570552147239264,0.9588235294117646
primary_45_SurrogateTransfer_afp_C1,45,SurrogateTransfer,afp,C1,23,81,0,415,4,0.992,1.0,0.9529411764705882,0.9759036144578312,0.9764705882352941
primary_45_SurrogateTransfer_afp_C1,45,SurrogateTransfer,afp,C1,24,80,0,415,5,0.99,1.0,0.9411764705882353,0.9696969696969697,0.9705882352941176
primary_45_SurrogateTransfer_afp_C1,45,SurrogateTransfer,afp,C1,25,77,0,415,8,0.984,1.0,0.9058823529411765,0.9506172839506173,0.9529411764705882
primary_45_SurrogateTransfer_afp_C1,45,SurrogateTransfer,afp,C1,26,77,0,415,8,0.984,1.0,0.9058823529411765,0.9506172839506173,0.9529411764705882
primary_45_SurrogateTransfer_afp_C1,45,SurrogateTransfer,afp,C1,27,77,0,415,8,0.984,1.0,0.9058823529411765,0.9506172839506173,0.9529411764705882
primary_45_SurrogateTransfer_afp_C1,45,SurrogateTransfer,afp,C1,28,79,0,415,6,0.988,1.0,0.9294117647058824,0.9634146341463414,0.9647058823529412
primary_45_SurrogateTransfer_afp_C1,45,SurrogateTransfer,afp,C1,29,80,0,415,5,0.99,1.0,0.9411764705882353,0.9696969696969697,0.9705882352941176
primary_45_SurrogateTransfer_afp_C1,45,SurrogateTransfer,afp,C1,30,79,0,415,6,0.988,1.0,0.9294117647058824,0.9634146341463414,0.9647058823529412
primary_45_SurrogateTransfer_afp_C1,45,SurrogateTransfer,afp,C1,31,78,0,415,7,0.986,1.0,0.9176470588235294,0.9570552147239264,0.9588235294117646
primary_45_SurrogateTransfer_afp_C1,45,SurrogateTransfer,afp,C1,32,80,0,415,5,0.99,1.0,0.9411764705882353,0.9696969696969697,0.9705882352941176
primary_45_SurrogateTransfer_afp_C1,45,SurrogateTransfer,afp,C1,33,81,0,415,4,0.992,1.0,0.9529411764705882,0.9759036144578312,0.9764705882352941
primary_45_SurrogateTransfer_afp_C1,45,SurrogateTransfer,afp,C1,34,79,1,414,6,0.986,0.9875,0.9294117647058824,0.9575757575757576,0.9635010630758327
primary_45_SurrogateTransfer_afp_C1,45,SurrogateTransfer,afp,C1,35,75,0,415,10,0.98,1.0,0.8823529411764706,0.9375,0.9411764705882353
primary_45_SurrogateTransfer_afp_C1,45,SurrogateTransfer,afp,C1,36,79,0,415,6,0.988,1.0,0.9294117647058824,0.9634146341463414,0.9647058823529412
primary_45_SurrogateTransfer_afp_C1,45,SurrogateTransfer,afp,C1,37,81,1,414,4,0.99,0.9878048780487805,0.9529411764705882,0.9700598802395209,0.9752657689581856
primary_45_SurrogateTransfer_afp_C1,45,SurrogateTransfer,afp,C1,38,81,0,415,4,0.992,1.0,0.9529411764705882,0.9759036144578312,0.9764705882352941
primary_45_SurrogateTransfer_afp_C1,45,SurrogateTransfer,afp,C1,39,81,0,415,4,0.992,1.0,0.9529411764705882,0.9759036144578312,0.9764705882352941
primary_45_SurrogateTransfer_afp_C1,45,SurrogateTransfer,afp,C1,40,82,1,414,3,0.992,0.9879518072289156,0.9647058823529412,0.9761904761904762,0.9811481218993622
primary_45_SurrogateTransfer_afp_C1,45,SurrogateTransfer,afp,C1,41,82,0,415,3,0.994,1.0,0.9647058823529412,0.9820359281437125,0.9823529411764707
primary_45_SurrogateTransfer_afp_C1,45,SurrogateTransfer,afp,C1,42,81,0,415,4,0.992,1.0,0.9529411764705882,0.9759036144578312,0.9764705882352941
primary_45_SurrogateTransfer_afp_C1,45,SurrogateTransfer,afp,C1,43,78,1,414,7,0.984,0.9873417721518988,0.9176470588235294,0.9512195121951219,0.9576187101346563
primary_45_SurrogateTransfer_afp_C1,45,SurrogateTransfer,afp,C1,44,79,0,415,6,0.988,1.0,0.9294117647058824,0.9634146341463414,0.9647058823529412
primary_45_SurrogateTransfer_afp_C1,45,SurrogateTransfer,afp,C1,45,81,1,414,4,0.99,0.9878048780487805,0.9529411764705882,0.9700598802395209,0.9752657689581856
primary_45_SurrogateTransfer_afp_C1,45,SurrogateTransfer,afp,C1,46,81,1,414,4,0.99,0.9878048780487805,0.9529411764705882,0.9700598802395209,0.9752657689581856
primary_45_SurrogateTransfer_afp_C1,45,SurrogateTransfer,afp,C1,47,76,0,415,9,0.982,1.0,0.8941176470588236,0.9440993788819877,0.9470588235294117
primary_45_SurrogateTransfer_afp_C1,45,SurrogateTransfer,afp,C1,48,81,0,415,4,0.992,1.0,0.9529411764705882,0.9759036144578312,0.9764705882352941
primary_45_SurrogateTransfer_afp_C1,45,SurrogateTransfer,afp,C1,49,77,0,415,8,0.984,1.0,0.9058823529411765,0.9506172839506173,0.9529411764705882
primary_45_SurrogateTransfer_afp_C1,45,SurrogateTransfer,afp,C1,50,81,0,415,4,0.992,1.0,0.9529411764705882,0.9759036144578312,0.9764705882352941
primary_45_SurrogateTransfer_afp_C1,45,SurrogateTransfer,afp,C1,51,80,1,414,5,0.988,0.9876543209876543,0.9411764705882353,0.963855421686747,0.9693834160170092
primary_45_SurrogateTransfer_afp_C1,45,SurrogateTransfer,afp,C1,52,80,0,415,5,0.99,1.0,0.9411764705882353,0.9696969696969697,0.9705882352941176
primary_45_SurrogateTransfer_afp_C1,45,SurrogateTransfer,afp,C1,53,77,1,414,8,0.982,0.9871794871794872,0.9058823529411765,0.9447852760736197,0.9517363571934798
primary_45_SurrogateTransfer_afp_C1,45,SurrogateTransfer,afp,C1,54,82,0,415,3,0.994,1.0,0.9647058823529412,0.9820359281437125,0.9823529411764707
primary_45_SurrogateTransfer_afp_C1,45,SurrogateTransfer,afp,C1,55,78,0,415,7,0.986,1.0,0.9176470588235294,0.9570552147239264,0.9588235294117646
primary_45_SurrogateTransfer_afp_C1,45,SurrogateTransfer,afp,C1,56,78,0,415,7,0.986,1.0,0.9176470588235294,0.9570552147239264,0.9588235294117646
primary_45_SurrogateTransfer_afp_C1,45,SurrogateTransfer,afp,C1,57,81,1,414,4,0.99,0.9878048780487805,0.9529411764705882,0.9700598802395209,0.9752657689581856
primary_45_SurrogateTransfer_afp_C1,45,SurrogateTransfer,afp,C1,58,82,2,413,3,0.99,0.9761904761904762,0.9647058823529412,0.9704142011834319,0.9799433026222537
primary_45_SurrogateTransfer_afp_C1,45,SurrogateTransfer,afp,C1,59,78,0,415,7,0.986,1.0,0.9176470588235294,0.9570552147239264,0.9588235294117646
primary_45_SurrogateTransfer_afp_C1,45,SurrogateTransfer,afp,C1,60,81,0,415,4,0.992,1.0,0.9529411764705882,0.9759036144578312,0.9764705882352941
primary_45_SurrogateTransfer_afp_C1,45,SurrogateTransfer,afp,C1,61,77,0,415,8,0.984,1.0,0.9058823529411765,0.9506172839506173,0.9529411764705882
primary_45_SurrogateTransfer_afp_C1,45,SurrogateTransfer,afp,C1,62,81,0,415,4,0.992,1.0,0.9529411764705882,0.9759036144578312,0.9764705882352941
primary_45_SurrogateTransfer_afp_C1,45,SurrogateTransfer,afp,C1,63,77,0,415,8,0.984,1.0,0.9058823529411765,0.9506172839506173,0.9529411764705882
primary_45_SurrogateTransfer_afp_C1,45,SurrogateTransfer,afp,C1,64,77,0,415,8,0.984,1.0,0.9058823529411765,0.9506172839506173,0.9529411764705882
primary_45_SurrogateTransfer_afp_C1,45,SurrogateTransfer,afp,C1,65,78,0,415,7,0.986,1.0,0.9176470588235294,0.9570552147239264,0.9588235294117646
primary_45_SurrogateTransfer_afp_C1,45,SurrogateTransfer,afp,C1,66,81,0,415,4,0.992,1.0,0.9529411764705882,0.9759036144578312,0.9764705882352941
primary_45_SurrogateTransfer_afp_C1,45,SurrogateTransfer,afp,C1,67,81,0,415,4,0.992,1.0,0.9529411764705882,0.9759036144578312,0.9764705882352941
primary_45_SurrogateTransfer_afp_C1,45,SurrogateTransfer,afp,C1,68,79,0,415,6,0.988,1.0,0.9294117647058824,0.9634146341463414,0.9647058823529412
primary_45_SurrogateTransfer_afp_C1,45,SurrogateTransfer,afp,C1,69,80,2,413,5,0.986,0.975609756097561,0.9411764705882353,0.9580838323353293,0.9681785967399008
primary_45_SurrogateTransfer_afp_C1,45,SurrogateTransfer,afp,C1,70,82,0,415,3,0.994,1.0,0.9647058823529412,0.9820359281437125,0.9823529411764707
primary_45_SurrogateTransfer_afp_C1,45,SurrogateTransfer,afp,C1,71,77,0,415,8,0.984,1.0,0.9058823529411765,0.9506172839506173,0.9529411764705882
primary_45_SurrogateTransfer_afp_C1,45,SurrogateTransfer,afp,C1,72,78,0,415,7,0.986,1.0,0.9176470588235294,0.9570552147239264,0.9588235294117646
primary_45_SurrogateTransfer_afp_C1,45,SurrogateTransfer,afp,C1,73,77,0,415,8,0.984,1.0,0.9058823529411765,0.9506172839506173,0.9529411764705882
primary_45_SurrogateTransfer_afp_C1,45,SurrogateTransfer,afp,C1,74,82,0,415,3,0.994,1.0,0.9647058823529412,0.9820359281437125,0.9823529411764707
primary_45_SurrogateTransfer_afp_C1,45,SurrogateTransfer,afp,C1,75,78,0,415,7,0.986,1.0,0.9176470588235294,0.9570552147239264,0.9588235294117646
primary_45_SurrogateTransfer_afp_C1,45,SurrogateTransfer,afp,C1,76,82,1,414,3,0.992,0.9879518072289156,0.9647058823529412,0.9761904761904762,0.9811481218993622
primary_45_SurrogateTransfer_afp_C1,45,SurrogateTransfer,afp,C1,77,80,0,415,5,0.99,1.0,0.9411764705882353,0.9696969696969697,0.9705882352941176
primary_45_SurrogateTransfer_afp_C1,45,SurrogateTransfer,afp,C1,78,83,1,414,2,0.994,0.9880952380952381,0.9764705882352941,0.9822485207100591,0.9870304748405386
primary_45_SurrogateTransfer_afp_C1,45,SurrogateTransfer,afp,C1,79,81,0,415,4,0.992,1.0,0.9529411764705882,0.9759036144578312,0.9764705882352941
primary_45_SurrogateTransfer_afp_C1,45,SurrogateTransfer,afp,C1,80,79,0,415,6,0.988,1.0,0.9294117647058824,0.9634146341463414,0.9647058823529412
primary_45_SurrogateTransfer_afp_C1,45,SurrogateTransfer,afp,C1,81,76,0,415,9,0.982,1.0,0.8941176470588236,0.9440993788819877,0.9470588235294117
primary_45_SurrogateTransfer_afp_C1,45,SurrogateTransfer,afp,C1,82,80,0,415,5,0.99,1.0,0.9411764705882353,0.9696969696969697,0.9705882352941176
primary_45_SurrogateTransfer_afp_C1,45,SurrogateTransfer,afp,C1,83,78,0,415,7,0.986,1.0,0.9176470588235294,0.9570552147239264,0.9588235294117646
primary_45_SurrogateTransfer_afp_C1,45,SurrogateTransfer,afp,C1,84,79,0,415,6,0.988,1.0,0.9294117647058824,0.9634146341463414,0.9647058823529412
primary_45_SurrogateTransfer_afp_C1,45,SurrogateTransfer,afp,C1,85,82,2,413,3,0.99,0.9761904761904762,0.9647058823529412,0.9704142011834319,0.9799433026222537
primary_45_SurrogateTransfer_afp_C1,45,SurrogateTransfer,afp,C1,86,76,2,413,9,0.978,0.9743589743589743,0.8941176470588236,0.9325153374233129,0.9446491849751949
primary_45_SurrogateTransfer_afp_C1,45,SurrogateTransfer,afp,C1,87,78,0,415,7,0.986,1.0,0.9176470588235294,0.9570552147239264,0.9588235294117646
primary_45_SurrogateTransfer_afp_C1,45,SurrogateTransfer,afp,C1,88,81,0,415,4,0.992,1.0,0.9529411764705882,0.9759036144578312,0.9764705882352941
primary_45_SurrogateTransfer_afp_C1,45,SurrogateTransfer,afp,C1,89,79,1,414,6,0.986,0.9875,0.9294117647058824,0.9575757575757576,0.9635010630758327
primary_45_SurrogateTransfer_afp_C1,45,SurrogateTransfer,afp,C1,90,82,1,414,3,0.992,0.9879518072289156,0.9647058823529412,0.9761904761904762,0.9811481218993622
primary_45_SurrogateTransfer_afp_C1,45,SurrogateTransfer,afp,C1,91,80,2,413,5,0.986,0.975609756097561,0.9411764705882353,0.9580838323353293,0.9681785967399008
primary_45_SurrogateTransfer_afp_C1,45,SurrogateTransfer,afp,C1,92,80,0,415,5,0.99,1.0,0.9411764705882353,0.9696969696969697,0.9705882352941176
primary_45_SurrogateTransfer_afp_C1,45,SurrogateTransfer,afp,C1,93,79,0,415,6,0.988,1.0,0.9294117647058824,0.9634146341463414,0.9647058823529412
primary_45_SurrogateTransfer_afp_C1,45,SurrogateTransfer,afp,C1,94,82,0,415,3,0.994,1.0,0.9647058823529412,0.9820359281437125,0.9823529411764707
primary_45_SurrogateTransfer_afp_C1,45,SurrogateTransfer,afp,C1,95,82,1,414,3,0.992,0.9879518072289156,0.9647058823529412,0.9761904761904762,0.9811481218993622
primary_45_SurrogateTransfer_afp_C1,45,SurrogateTransfer,afp,C1,96,84,0,415,1,0.998,1.0,0.9882352941176471,0.9940828402366864,0.9941176470588236
primary_45_SurrogateTransfer_afp_C1,45,SurrogateTransfer,afp,C1,97,76,1,414,9,0.98,0.987012987012987,0.8941176470588236,0.9382716049382716,0.9458540042523034
primary_45_SurrogateTransfer_afp_C1,45,SurrogateTransfer,afp,C1,98,80,0,415,5,0.99,1.0,0.9411764705882353,0.9696969696969697,0.9705882352941176
primary_45_SurrogateTransfer_afp_C1,45,SurrogateTransfer,afp,C1,99,82,1,414,3,0.992,0.9879518072289156,0.9647058823529412,0.9761904761904762,0.9811481218993622
primary_45_SurrogateTransfer_afp_C1,45,SurrogateTransfer,afp,C1,100,81,1,414,4,0.99,0.9878048780487805,0.9529411764705882,0.9700598802395209,0.9752657689581856
primary_45_SurrogateTransfer_afp_C1,45,SurrogateTransfer,afp,C1,101,81,0,415,4,0.992,1.0,0.9529411764705882,0.9759036144578312,0.9764705882352941
primary_45_SurrogateTransfer_afp_C1,45,SurrogateTransfer,afp,C1,102,82,0,415,3,0.994,1.0,0.9647058823529412,0.9820359281437125,0.9823529411764707
primary_45_SurrogateTransfer_afp_C1,45,SurrogateTransfer,afp,C1,103,81,0,415,4,0.992,1.0,0.9529411764705882,0.9759036144578312,0.9764705882352941
primary_45_SurrogateTransfer_afp_C1,45,SurrogateTransfer,afp,C1,104,82,0,415,3,0.994,1.0,0.9647058823529412,0.9820359281437125,0.9823529411764707
primary_45_SurrogateTransfer_afp_C1,45,SurrogateTransfer,afp,C1,105,82,0,415,3,0.994,1.0,0.9647058823529412,0.9820359281437125,0.9823529411764707
primary_45_SurrogateTransfer_afp_C1,45,SurrogateTransfer,afp,C1,106,79,0,415,6,0.988,1.0,0.9294117647058824,0.9634146341463414,0.9647058823529412
primary_45_SurrogateTransfer_afp_C1,45,SurrogateTransfer,afp,C1,107,79,0,415,6,0.988,1.0,0.9294117647058824,0.9634146341463414,0.9647058823529412
primary_45_SurrogateTransfer_afp_C1,45,SurrogateTransfer,afp,C1,108,81,0,415,4,0.992,1.0,0.9529411764705882,0.9759036144578312,0.9764705882352941
primary_45_SurrogateTransfer_afp_C1,45,SurrogateTransfer,afp,C1,109,78,0,415,7,0.986,1.0,0.9176470588235294,0.9570552147239264,0.9588235294117646
primary_45_SurrogateTransfer_afp_C1,45,SurrogateTransfer,afp,C1,110,78,1,414,7,0.984,0.9873417721518988,0.9176470588235294,0.9512195121951219,0.9576187101346563
primary_45_SurrogateTransfer_afp_C1,45,SurrogateTransfer,afp,C1,111,84,1,414,1,0.996,0.9882352941176471,0.9882352941176471,0.9882352941176471,0.9929128277817152
primary_45_SurrogateTransfer_afp_C1,45,SurrogateTransfer,afp,C1,112,81,1,414,4,0.99,0.9878048780487805,0.9529411764705882,0.9700598802395209,0.9752657689581856
primary_45_SurrogateTransfer_afp_C1,45,SurrogateTransfer,afp,C1,113,79,1,414,6,0.986,0.9875,0.9294117647058824,0.9575757575757576,0.9635010630758327
primary_45_SurrogateTransfer_afp_C1,45,SurrogateTransfer,afp,C1,114,80,0,415,5,0.99,1.0,0.9411764705882353,0.9696969696969697,0.9705882352941176
primary_45_SurrogateTransfer_afp_C1,45,SurrogateTransfer,afp,C1,115,78,0,415,7,0.986,1.0,0.9176470588235294,0.9570552147239264,0.9588235294117646
primary_45_SurrogateTransfer_afp_C1,45,SurrogateTransfer,afp,C1,116,78,1,414,7,0.984,0.9873417721518988,0.9176470588235294,0.9512195121951219,0.9576187101346563
primary_45_SurrogateTransfer_afp_C1,45,SurrogateTransfer,afp,C1,117,80,0,415,5,0.99,1.0,0.9411764705882353,0.9696969696969697,0.9705882352941176
primary_45_SurrogateTransfer_afp_C1,45,SurrogateTransfer,afp,C1,118,78,1,414,7,0.984,0.9873417721518988,0.9176470588235294,0.9512195121951219,0.9576187101346563
primary_45_SurrogateTransfer_afp_C1,45,SurrogateTransfer,afp,C1,119,80,0,415,5,0.99,1.0,0.9411764705882353,0.9696969696969697,0.9705882352941176
primary_45_SurrogateTransfer_afp_C1,45,SurrogateTransfer,afp,C1,120,82,0,415,3,0.994,1.0,0.9647058823529412,0.9820359281437125,0.9823529411764707
primary_45_SurrogateTransfer_afp_C1,45,SurrogateTransfer,afp,C1,121,81,0,415,4,0.992,1.0,0.9529411764705882,0.9759036144578312,0.9764705882352941
primary_45_SurrogateTransfer_afp_C1,45,SurrogateTransfer,afp,C1,122,80,0,415,5,0.99,1.0,0.9411764705882353,0.9696969696969697,0.9705882352941176
primary_45_SurrogateTransfer_afp_C1,45,SurrogateTransfer,afp,C1,123,76,0,415,9,0.982,1.0,0.8941176470588236,0.9440993788819877,0.9470588235294117
primary_45_SurrogateTransfer_afp_C1,45,SurrogateTransfer,afp,C1,124,80,1,414,5,0.988,0.9876543209876543,0.9411764705882353,0.963855421686747,0.9693834160170092
primary_45_SurrogateTransfer_afp_C1,45,SurrogateTransfer,afp,C1,125,82,2,413,3,0.99,0.9761904761904762,0.9647058823529412,0.9704142011834319,0.9799433026222537
primary_45_SurrogateTransfer_afp_C1,45,SurrogateTransfer,afp,C1,126,83,0,415,2,0.996,1.0,0.9764705882352941,0.988095238095238,0.9882352941176471
primary_45_SurrogateTransfer_afp_C1,45,SurrogateTransfer,afp,C1,127,77,0,415,8,0.984,1.0,0.9058823529411765,0.9506172839506173,0.9529411764705882
primary_45_SurrogateTransfer_afp_C1,45,SurrogateTransfer,afp,C1,128,83,0,415,2,0.996,1.0,0.9764705882352941,0.988095238095238,0.9882352941176471
primary_45_SurrogateTransfer_afp_C1,45,SurrogateTransfer,afp,C1,129,79,0,415,6,0.988,1.0,0.9294117647058824,0.9634146341463414,0.9647058823529412
primary_45_SurrogateTransfer_afp_C1,45,SurrogateTransfer,afp,C1,130,83,0,415,2,0.996,1.0,0.9764705882352941,0.988095238095238,0.9882352941176471
primary_45_SurrogateTransfer_afp_C1,45,SurrogateTransfer,afp,C1,131,80,1,414,5,0.988,0.9876543209876543,0.9411764705882353,0.963855421686747,0.9693834160170092
primary_45_SurrogateTransfer_afp_C1,45,SurrogateTransfer,afp,C1,132,78,0,415,7,0.986,1.0,0.9176470588235294,0.9570552147239264,0.9588235294117646
primary_45_SurrogateTransfer_afp_C1,45,SurrogateTransfer,afp,C1,133,81,1,414,4,0.99,0.9878048780487805,0.9529411764705882,0.9700598802395209,0.9752657689581856
primary_45_SurrogateTransfer_afp_C1,45,SurrogateTransfer,afp,C1,134,78,0,415,7,0.986,1.0,0.9176470588235294,0.9570552147239264,0.9588235294117646
primary_45_SurrogateTransfer_afp_C1,45,SurrogateTransfer,afp,C1,135,83,0,415,2,0.996,1.0,0.9764705882352941,0.988095238095238,0.9882352941176471
primary_45_SurrogateTransfer_afp_C1,45,SurrogateTransfer,afp,C1,136,82,0,415,3,0.994,1.0,0.9647058823529412,0.9820359281437125,0.9823529411764707
primary_45_SurrogateTransfer_afp_C1,45,SurrogateTransfer,afp,C1,137,79,2,413,6,0.984,0.9753086419753086,0.9294117647058824,0.9518072289156626,0.9622962437987244
primary_45_SurrogateTransfer_afp_C1,45,SurrogateTransfer,afp,C1,138,82,0,415,3,0.994,1.0,0.9647058823529412,0.9820359281437125,0.9823529411764707
primary_45_SurrogateTransfer_afp_C1,45,SurrogateTransfer,afp,C1,139,78,1,414,7,0.984,0.9873417721518988,0.9176470588235294,0.9512195121951219,0.9576187101346563
primary_45_SurrogateTransfer_afp_C1,45,SurrogateTransfer,afp,C1,140,79,0,415,6,0.988,1.0,0.9294117647058824,0.9634146341463414,0.9647058823529412
primary_45_SurrogateTransfer_afp_C1,45,SurrogateTransfer,afp,C1,141,78,0,415,7,0.986,1.0,0.9176470588235294,0.9570552147239264,0.9588235294117646
primary_45_SurrogateTransfer_afp_C1,45,SurrogateTransfer,afp,C1,142,84,0,415,1,0.998,1.0,0.9882352941176471,0.9940828402366864,0.9941176470588236
primary_45_SurrogateTransfer_afp_C1,45,SurrogateTransfer,afp,C1,143,81,0,415,4,0.992,1.0,0.9529411764705882,0.9759036144578312,0.9764705882352941
primary_45_SurrogateTransfer_feature_squeezing_Base,45,SurrogateTransfer,feature_squeezing,Base,0,80,0,414,6,0.988,1.0,0.9302325581395349,0.963855421686747,0.9651162790697674
primary_45_SurrogateTransfer_feature_squeezing_Base,45,SurrogateTransfer,feature_squeezing,Base,1,78,0,414,8,0.984,1.0,0.9069767441860465,0.951219512195122,0.9534883720930232
primary_45_SurrogateTransfer_feature_squeezing_Base,45,SurrogateTransfer,feature_squeezing,Base,2,82,1,413,4,0.99,0.9879518072289156,0.9534883720930233,0.9704142011834319,0.9755364565779125
primary_45_SurrogateTransfer_feature_squeezing_Base,45,SurrogateTransfer,feature_squeezing,Base,3,83,0,414,3,0.994,1.0,0.9651162790697675,0.9822485207100593,0.9825581395348837
primary_45_SurrogateTransfer_feature_squeezing_Base,45,SurrogateTransfer,feature_squeezing,Base,4,84,0,414,2,0.996,1.0,0.9767441860465116,0.988235294117647,0.9883720930232558
primary_45_SurrogateTransfer_feature_squeezing_Base,45,SurrogateTransfer,feature_squeezing,Base,5,82,1,413,4,0.99,0.9879518072289156,0.9534883720930233,0.9704142011834319,0.9755364565779125
primary_45_SurrogateTransfer_feature_squeezing_Base,45,SurrogateTransfer,feature_squeezing,Base,6,81,0,414,5,0.99,1.0,0.9418604651162791,0.970059880239521,0.9709302325581395
primary_45_SurrogateTransfer_feature_squeezing_Base,45,SurrogateTransfer,feature_squeezing,Base,7,79,0,414,7,0.986,1.0,0.9186046511627907,0.9575757575757576,0.9593023255813953
primary_45_SurrogateTransfer_feature_squeezing_Base,45,SurrogateTransfer,feature_squeezing,Base,8,80,0,414,6,0.988,1.0,0.9302325581395349,0.963855421686747,0.9651162790697674
primary_45_SurrogateTransfer_feature_squeezing_Base,45,SurrogateTransfer,feature_squeezing,Base,9,84,0,414,2,0.996,1.0,0.9767441860465116,0.988235294117647,0.9883720930232558
primary_45_SurrogateTransfer_feature_squeezing_Base,45,SurrogateTransfer,feature_squeezing,Base,10,81,0,414,5,0.99,1.0,0.9418604651162791,0.970059880239521,0.9709302325581395
primary_45_SurrogateTransfer_feature_squeezing_Base,45,SurrogateTransfer,feature_squeezing,Base,11,80,0,414,6,0.988,1.0,0.9302325581395349,0.963855421686747,0.9651162790697674
primary_45_SurrogateTransfer_feature_squeezing_Base,45,SurrogateTransfer,feature_squeezing,Base,12,83,0,414,3,0.994,1.0,0.9651162790697675,0.9822485207100593,0.9825581395348837
primary_45_SurrogateTransfer_feature_squeezing_Base,45,SurrogateTransfer,feature_squeezing,Base,13,83,0,414,3,0.994,1.0,0.9651162790697675,0.9822485207100593,0.9825581395348837
primary_45_SurrogateTransfer_feature_squeezing_Base,45,SurrogateTransfer,feature_squeezing,Base,14,83,1,413,3,0.992,0.9880952380952381,0.9651162790697675,0.9764705882352942,0.9813504100662847
primary_45_SurrogateTransfer_feature_squeezing_Base,45,SurrogateTransfer,feature_squeezing,Base,15,81,0,414,5,0.99,1.0,0.9418604651162791,0.970059880239521,0.9709302325581395
primary_45_SurrogateTransfer_feature_squeezing_Base,45,SurrogateTransfer,feature_squeezing,Base,16,78,0,414,8,0.984,1.0,0.9069767441860465,0.951219512195122,0.9534883720930232
primary_45_SurrogateTransfer_feature_squeezing_Base,45,SurrogateTransfer,feature_squeezing,Base,17,84,0,415,1,0.998,1.0,0.9882352941176471,0.9940828402366864,0.9941176470588236
primary_45_SurrogateTransfer_feature_squeezing_Base,45,SurrogateTransfer,feature_squeezing,Base,18,80,0,415,5,0.99,1.0,0.9411764705882353,0.9696969696969697,0.9705882352941176
primary_45_SurrogateTransfer_feature_squeezing_Base,45,SurrogateTransfer,feature_squeezing,Base,19,83,0,415,2,0.996,1.0,0.9764705882352941,0.988095238095238,0.9882352941176471
primary_45_SurrogateTransfer_feature_squeezing_Base,45,SurrogateTransfer,feature_squeezing,Base,20,74,0,415,11,0.978,1.0,0.8705882352941177,0.9308176100628931,0.9352941176470588
primary_45_SurrogateTransfer_feature_squeezing_Base,45,SurrogateTransfer,feature_squeezing,Base,21,75,0,415,10,0.98,1.0,0.8823529411764706,0.9375,0.9411764705882353
primary_45_SurrogateTransfer_feature_squeezing_Base,45,SurrogateTransfer,feature_squeezing,Base,22,76,0,415,9,0.982,1.0,0.8941176470588236,0.9440993788819877,0.9470588235294117
primary_45_SurrogateTransfer_feature_squeezing_Base,45,SurrogateTransfer,feature_squeezing,Base,23,81,0,415,4,0.992,1.0,0.9529411764705882,0.9759036144578312,0.9764705882352941
primary_45_SurrogateTransfer_feature_squeezing_Base,45,SurrogateTransfer,feature_squeezing,Base,24,80,0,415,5,0.99,1.0,0.9411764705882353,0.9696969696969697,0.9705882352941176
primary_45_SurrogateTransfer_feature_squeezing_Base,45,SurrogateTransfer,feature_squeezing,Base,25,77,0,415,8,0.984,1.0,0.9058823529411765,0.9506172839506173,0.9529411764705882
primary_45_SurrogateTransfer_feature_squeezing_Base,45,SurrogateTransfer,feature_squeezing,Base,26,76,0,415,9,0.982,1.0,0.8941176470588236,0.9440993788819877,0.9470588235294117
primary_45_SurrogateTransfer_feature_squeezing_Base,45,SurrogateTransfer,feature_squeezing,Base,27,76,0,415,9,0.982,1.0,0.8941176470588236,0.9440993788819877,0.9470588235294117
primary_45_SurrogateTransfer_feature_squeezing_Base,45,SurrogateTransfer,feature_squeezing,Base,28,79,0,415,6,0.988,1.0,0.9294117647058824,0.9634146341463414,0.9647058823529412
primary_45_SurrogateTransfer_feature_squeezing_Base,45,SurrogateTransfer,feature_squeezing,Base,29,80,0,415,5,0.99,1.0,0.9411764705882353,0.9696969696969697,0.9705882352941176
primary_45_SurrogateTransfer_feature_squeezing_Base,45,SurrogateTransfer,feature_squeezing,Base,30,79,0,415,6,0.988,1.0,0.9294117647058824,0.9634146341463414,0.9647058823529412
primary_45_SurrogateTransfer_feature_squeezing_Base,45,SurrogateTransfer,feature_squeezing,Base,31,77,0,415,8,0.984,1.0,0.9058823529411765,0.9506172839506173,0.9529411764705882
primary_45_SurrogateTransfer_feature_squeezing_Base,45,SurrogateTransfer,feature_squeezing,Base,32,78,0,415,7,0.986,1.0,0.9176470588235294,0.9570552147239264,0.9588235294117646
primary_45_SurrogateTransfer_feature_squeezing_Base,45,SurrogateTransfer,feature_squeezing,Base,33,81,0,415,4,0.992,1.0,0.9529411764705882,0.9759036144578312,0.9764705882352941
primary_45_SurrogateTransfer_feature_squeezing_Base,45,SurrogateTransfer,feature_squeezing,Base,34,78,1,414,7,0.984,0.9873417721518988,0.9176470588235294,0.9512195121951219,0.9576187101346563
primary_45_SurrogateTransfer_feature_squeezing_Base,45,SurrogateTransfer,feature_squeezing,Base,35,74,0,415,11,0.978,1.0,0.8705882352941177,0.9308176100628931,0.9352941176470588
primary_45_SurrogateTransfer_feature_squeezing_Base,45,SurrogateTransfer,feature_squeezing,Base,36,79,0,415,6,0.988,1.0,0.9294117647058824,0.9634146341463414,0.9647058823529412
primary_45_SurrogateTransfer_feature_squeezing_Base,45,SurrogateTransfer,feature_squeezing,Base,37,80,1,414,5,0.988,0.9876543209876543,0.9411764705882353,0.963855421686747,0.9693834160170092
primary_45_SurrogateTransfer_feature_squeezing_Base,45,SurrogateTransfer,feature_squeezing,Base,38,81,0,415,4,0.992,1.0,0.9529411764705882,0.9759036144578312,0.9764705882352941
primary_45_SurrogateTransfer_feature_squeezing_Base,45,SurrogateTransfer,feature_squeezing,Base,39,79,0,415,6,0.988,1.0,0.9294117647058824,0.9634146341463414,0.9647058823529412
primary_45_SurrogateTransfer_feature_squeezing_Base,45,SurrogateTransfer,feature_squeezing,Base,40,82,0,415,3,0.994,1.0,0.9647058823529412,0.9820359281437125,0.9823529411764707
primary_45_SurrogateTransfer_feature_squeezing_Base,45,SurrogateTransfer,feature_squeezing,Base,41,80,0,415,5,0.99,1.0,0.9411764705882353,0.9696969696969697,0.9705882352941176
primary_45_SurrogateTransfer_feature_squeezing_Base,45,SurrogateTransfer,feature_squeezing,Base,42,80,0,415,5,0.99,1.0,0.9411764705882353,0.9696969696969697,0.9705882352941176
primary_45_SurrogateTransfer_feature_squeezing_Base,45,SurrogateTransfer,feature_squeezing,Base,43,77,1,414,8,0.982,0.9871794871794872,0.9058823529411765,0.9447852760736197,0.9517363571934798
primary_45_SurrogateTransfer_feature_squeezing_Base,45,SurrogateTransfer,feature_squeezing,Base,44,79,0,415,6,0.988,1.0,0.9294117647058824,0.9634146341463414,0.9647058823529412
primary_45_SurrogateTransfer_feature_squeezing_Base,45,SurrogateTransfer,feature_squeezing,Base,45,81,0,415,4,0.992,1.0,0.9529411764705882,0.9759036144578312,0.9764705882352941
primary_45_SurrogateTransfer_feature_squeezing_Base,45,SurrogateTransfer,feature_squeezing,Base,46,81,1,414,4,0.99,0.9878048780487805,0.9529411764705882,0.9700598802395209,0.9752657689581856
primary_45_SurrogateTransfer_feature_squeezing_Base,45,SurrogateTransfer,feature_squeezing,Base,47,75,0,415,10,0.98,1.0,0.8823529411764706,0.9375,0.9411764705882353
primary_45_SurrogateTransfer_feature_squeezing_Base,45,SurrogateTransfer,feature_squeezing,Base,48,81,0,415,4,0.992,1.0,0.9529411764705882,0.9759036144578312,0.9764705882352941
primary_45_SurrogateTransfer_feature_squeezing_Base,45,SurrogateTransfer,feature_squeezing,Base,49,77,0,415,8,0.984,1.0,0.9058823529411765,0.9506172839506173,0.9529411764705882
primary_45_SurrogateTransfer_feature_squeezing_Base,45,SurrogateTransfer,feature_squeezing,Base,50,79,0,415,6,0.988,1.0,0.9294117647058824,0.9634146341463414,0.9647058823529412
primary_45_SurrogateTransfer_feature_squeezing_Base,45,SurrogateTransfer,feature_squeezing,Base,51,80,1,414,5,0.988,0.9876543209876543,0.9411764705882353,0.963855421686747,0.9693834160170092
primary_45_SurrogateTransfer_feature_squeezing_Base,45,SurrogateTransfer,feature_squeezing,Base,52,79,0,415,6,0.988,1.0,0.9294117647058824,0.9634146341463414,0.9647058823529412
primary_45_SurrogateTransfer_feature_squeezing_Base,45,SurrogateTransfer,feature_squeezing,Base,53,76,0,415,9,0.982,1.0,0.8941176470588236,0.9440993788819877,0.9470588235294117
primary_45_SurrogateTransfer_feature_squeezing_Base,45,SurrogateTransfer,feature_squeezing,Base,54,82,0,415,3,0.994,1.0,0.9647058823529412,0.9820359281437125,0.9823529411764707
primary_45_SurrogateTransfer_feature_squeezing_Base,45,SurrogateTransfer,feature_squeezing,Base,55,78,0,415,7,0.986,1.0,0.9176470588235294,0.9570552147239264,0.9588235294117646
primary_45_SurrogateTransfer_feature_squeezing_Base,45,SurrogateTransfer,feature_squeezing,Base,56,78,0,415,7,0.986,1.0,0.9176470588235294,0.9570552147239264,0.9588235294117646
primary_45_SurrogateTransfer_feature_squeezing_Base,45,SurrogateTransfer,feature_squeezing,Base,57,81,0,415,4,0.992,1.0,0.9529411764705882,0.9759036144578312,0.9764705882352941
primary_45_SurrogateTransfer_feature_squeezing_Base,45,SurrogateTransfer,feature_squeezing,Base,58,82,0,415,3,0.994,1.0,0.9647058823529412,0.9820359281437125,0.9823529411764707
primary_45_SurrogateTransfer_feature_squeezing_Base,45,SurrogateTransfer,feature_squeezing,Base,59,77,0,415,8,0.984,1.0,0.9058823529411765,0.9506172839506173,0.9529411764705882
primary_45_SurrogateTransfer_feature_squeezing_Base,45,SurrogateTransfer,feature_squeezing,Base,60,79,0,415,6,0.988,1.0,0.9294117647058824,0.9634146341463414,0.9647058823529412
primary_45_SurrogateTransfer_feature_squeezing_Base,45,SurrogateTransfer,feature_squeezing,Base,61,77,0,415,8,0.984,1.0,0.9058823529411765,0.9506172839506173,0.9529411764705882
primary_45_SurrogateTransfer_feature_squeezing_Base,45,SurrogateTransfer,feature_squeezing,Base,62,81,0,415,4,0.992,1.0,0.9529411764705882,0.9759036144578312,0.9764705882352941
primary_45_SurrogateTransfer_feature_squeezing_Base,45,SurrogateTransfer,feature_squeezing,Base,63,76,0,415,9,0.982,1.0,0.8941176470588236,0.9440993788819877,0.9470588235294117
primary_45_SurrogateTransfer_feature_squeezing_Base,45,SurrogateTransfer,feature_squeezing,Base,64,77,0,415,8,0.984,1.0,0.9058823529411765,0.9506172839506173,0.9529411764705882
primary_45_SurrogateTransfer_feature_squeezing_Base,45,SurrogateTransfer,feature_squeezing,Base,65,77,0,415,8,0.984,1.0,0.9058823529411765,0.9506172839506173,0.9529411764705882
primary_45_SurrogateTransfer_feature_squeezing_Base,45,SurrogateTransfer,feature_squeezing,Base,66,79,0,415,6,0.988,1.0,0.9294117647058824,0.9634146341463414,0.9647058823529412
primary_45_SurrogateTransfer_feature_squeezing_Base,45,SurrogateTransfer,feature_squeezing,Base,67,81,0,415,4,0.992,1.0,0.9529411764705882,0.9759036144578312,0.9764705882352941
primary_45_SurrogateTransfer_feature_squeezing_Base,45,SurrogateTransfer,feature_squeezing,Base,68,79,0,415,6,0.988,1.0,0.9294117647058824,0.9634146341463414,0.9647058823529412
primary_45_SurrogateTransfer_feature_squeezing_Base,45,SurrogateTransfer,feature_squeezing,Base,69,76,1,414,9,0.98,0.987012987012987,0.8941176470588236,0.9382716049382716,0.9458540042523034
primary_45_SurrogateTransfer_feature_squeezing_Base,45,SurrogateTransfer,feature_squeezing,Base,70,82,0,415,3,0.994,1.0,0.9647058823529412,0.9820359281437125,0.9823529411764707
primary_45_SurrogateTransfer_feature_squeezing_Base,45,SurrogateTransfer,feature_squeezing,Base,71,77,0,415,8,0.984,1.0,0.9058823529411765,0.9506172839506173,0.9529411764705882
primary_45_SurrogateTransfer_feature_squeezing_Base,45,SurrogateTransfer,feature_squeezing,Base,72,78,0,415,7,0.986,1.0,0.9176470588235294,0.9570552147239264,0.9588235294117646
primary_45_SurrogateTransfer_feature_squeezing_Base,45,SurrogateTransfer,feature_squeezing,Base,73,77,0,415,8,0.984,1.0,0.9058823529411765,0.9506172839506173,0.9529411764705882
primary_45_SurrogateTransfer_feature_squeezing_Base,45,SurrogateTransfer,feature_squeezing,Base,74,82,0,415,3,0.994,1.0,0.9647058823529412,0.9820359281437125,0.9823529411764707
primary_45_SurrogateTransfer_feature_squeezing_Base,45,SurrogateTransfer,feature_squeezing,Base,75,78,0,415,7,0.986,1.0,0.9176470588235294,0.9570552147239264,0.9588235294117646
primary_45_SurrogateTransfer_feature_squeezing_Base,45,SurrogateTransfer,feature_squeezing,Base,76,82,1,414,3,0.992,0.9879518072289156,0.9647058823529412,0.9761904761904762,0.9811481218993622
primary_45_SurrogateTransfer_feature_squeezing_Base,45,SurrogateTransfer,feature_squeezing,Base,77,80,0,415,5,0.99,1.0,0.9411764705882353,0.9696969696969697,0.9705882352941176
primary_45_SurrogateTransfer_feature_squeezing_Base,45,SurrogateTransfer,feature_squeezing,Base,78,79,0,415,6,0.988,1.0,0.9294117647058824,0.9634146341463414,0.9647058823529412
primary_45_SurrogateTransfer_feature_squeezing_Base,45,SurrogateTransfer,feature_squeezing,Base,79,80,0,415,5,0.99,1.0,0.9411764705882353,0.9696969696969697,0.9705882352941176
primary_45_SurrogateTransfer_feature_squeezing_Base,45,SurrogateTransfer,feature_squeezing,Base,80,77,0,415,8,0.984,1.0,0.9058823529411765,0.9506172839506173,0.9529411764705882
primary_45_SurrogateTransfer_feature_squeezing_Base,45,SurrogateTransfer,feature_squeezing,Base,81,75,0,415,10,0.98,1.0,0.8823529411764706,0.9375,0.9411764705882353
primary_45_SurrogateTransfer_feature_squeezing_Base,45,SurrogateTransfer,feature_squeezing,Base,82,79,0,415,6,0.988,1.0,0.9294117647058824,0.9634146341463414,0.9647058823529412
primary_45_SurrogateTransfer_feature_squeezing_Base,45,SurrogateTransfer,feature_squeezing,Base,83,76,0,415,9,0.982,1.0,0.8941176470588236,0.9440993788819877,0.9470588235294117
primary_45_SurrogateTransfer_feature_squeezing_Base,45,SurrogateTransfer,feature_squeezing,Base,84,79,0,415,6,0.988,1.0,0.9294117647058824,0.9634146341463414,0.9647058823529412
primary_45_SurrogateTransfer_feature_squeezing_Base,45,SurrogateTransfer,feature_squeezing,Base,85,81,0,415,4,0.992,1.0,0.9529411764705882,0.9759036144578312,0.9764705882352941
primary_45_SurrogateTransfer_feature_squeezing_Base,45,SurrogateTransfer,feature_squeezing,Base,86,75,1,414,10,0.978,0.9868421052631579,0.8823529411764706,0.9316770186335402,0.9399716513111269
primary_45_SurrogateTransfer_feature_squeezing_Base,45,SurrogateTransfer,feature_squeezing,Base,87,78,0,415,7,0.986,1.0,0.9176470588235294,0.9570552147239264,0.9588235294117646
primary_45_SurrogateTransfer_feature_squeezing_Base,45,SurrogateTransfer,feature_squeezing,Base,88,81,0,415,4,0.992,1.0,0.9529411764705882,0.9759036144578312,0.9764705882352941
primary_45_SurrogateTransfer_feature_squeezing_Base,45,SurrogateTransfer,feature_squeezing,Base,89,79,0,415,6,0.988,1.0,0.9294117647058824,0.9634146341463414,0.9647058823529412
primary_45_SurrogateTransfer_feature_squeezing_Base,45,SurrogateTransfer,feature_squeezing,Base,90,80,1,414,5,0.988,0.9876543209876543,0.9411764705882353,0.963855421686747,0.9693834160170092
primary_45_SurrogateTransfer_feature_squeezing_Base,45,SurrogateTransfer,feature_squeezing,Base,91,80,0,415,5,0.99,1.0,0.9411764705882353,0.9696969696969697,0.9705882352941176
primary_45_SurrogateTransfer_feature_squeezing_Base,45,SurrogateTransfer,feature_squeezing,Base,92,79,0,415,6,0.988,1.0,0.9294117647058824,0.9634146341463414,0.9647058823529412
primary_45_SurrogateTransfer_feature_squeezing_Base,45,SurrogateTransfer,feature_squeezing,Base,93,78,0,415,7,0.986,1.0,0.9176470588235294,0.9570552147239264,0.9588235294117646
primary_45_SurrogateTransfer_feature_squeezing_Base,45,SurrogateTransfer,feature_squeezing,Base,94,81,0,415,4,0.992,1.0,0.9529411764705882,0.9759036144578312,0.9764705882352941
primary_45_SurrogateTransfer_feature_squeezing_Base,45,SurrogateTransfer,feature_squeezing,Base,95,81,0,415,4,0.992,1.0,0.9529411764705882,0.9759036144578312,0.9764705882352941
primary_45_SurrogateTransfer_feature_squeezing_Base,45,SurrogateTransfer,feature_squeezing,Base,96,84,0,415,1,0.998,1.0,0.9882352941176471,0.9940828402366864,0.9941176470588236
primary_45_SurrogateTransfer_feature_squeezing_Base,45,SurrogateTransfer,feature_squeezing,Base,97,74,1,414,11,0.976,0.9866666666666667,0.8705882352941177,0.925,0.9340892983699505
primary_45_SurrogateTransfer_feature_squeezing_Base,45,SurrogateTransfer,feature_squeezing,Base,98,79,0,415,6,0.988,1.0,0.9294117647058824,0.9634146341463414,0.9647058823529412
primary_45_SurrogateTransfer_feature_squeezing_Base,45,SurrogateTransfer,feature_squeezing,Base,99,80,0,415,5,0.99,1.0,0.9411764705882353,0.9696969696969697,0.9705882352941176
primary_45_SurrogateTransfer_feature_squeezing_Base,45,SurrogateTransfer,feature_squeezing,Base,100,81,0,415,4,0.992,1.0,0.9529411764705882,0.9759036144578312,0.9764705882352941
primary_45_SurrogateTransfer_feature_squeezing_Base,45,SurrogateTransfer,feature_squeezing,Base,101,80,0,415,5,0.99,1.0,0.9411764705882353,0.9696969696969697,0.9705882352941176
primary_45_SurrogateTransfer_feature_squeezing_Base,45,SurrogateTransfer,feature_squeezing,Base,102,81,0,415,4,0.992,1.0,0.9529411764705882,0.9759036144578312,0.9764705882352941
primary_45_SurrogateTransfer_feature_squeezing_Base,45,SurrogateTransfer,feature_squeezing,Base,103,81,0,415,4,0.992,1.0,0.9529411764705882,0.9759036144578312,0.9764705882352941
primary_45_SurrogateTransfer_feature_squeezing_Base,45,SurrogateTransfer,feature_squeezing,Base,104,80,0,415,5,0.99,1.0,0.9411764705882353,0.9696969696969697,0.9705882352941176
primary_45_SurrogateTransfer_feature_squeezing_Base,45,SurrogateTransfer,feature_squeezing,Base,105,81,0,415,4,0.992,1.0,0.9529411764705882,0.9759036144578312,0.9764705882352941
primary_45_SurrogateTransfer_feature_squeezing_Base,45,SurrogateTransfer,feature_squeezing,Base,106,78,0,415,7,0.986,1.0,0.9176470588235294,0.9570552147239264,0.9588235294117646
primary_45_SurrogateTransfer_feature_squeezing_Base,45,SurrogateTransfer,feature_squeezing,Base,107,78,0,415,7,0.986,1.0,0.9176470588235294,0.9570552147239264,0.9588235294117646
primary_45_SurrogateTransfer_feature_squeezing_Base,45,SurrogateTransfer,feature_squeezing,Base,108,81,0,415,4,0.992,1.0,0.9529411764705882,0.9759036144578312,0.9764705882352941
primary_45_SurrogateTransfer_feature_squeezing_Base,45,SurrogateTransfer,feature_squeezing,Base,109,77,0,415,8,0.984,1.0,0.9058823529411765,0.9506172839506173,0.9529411764705882
primary_45_SurrogateTransfer_feature_squeezing_Base,45,SurrogateTransfer,feature_squeezing,Base,110,77,1,414,8,0.982,0.9871794871794872,0.9058823529411765,0.9447852760736197,0.9517363571934798
primary_45_SurrogateTransfer_feature_squeezing_Base,45,SurrogateTransfer,feature_squeezing,Base,111,83,0,415,2,0.996,1.0,0.9764705882352941,0.988095238095238,0.9882352941176471
primary_45_SurrogateTransfer_feature_squeezing_Base,45,SurrogateTransfer,feature_squeezing,Base,112,81,1,414,4,0.99,0.9878048780487805,0.9529411764705882,0.9700598802395209,0.9752657689581856
primary_45_SurrogateTransfer_feature_squeezing_Base,45,SurrogateTransfer,feature_squeezing,Base,113,79,0,415,6,0.988,1.0,0.9294117647058824,0.9634146341463414,0.9647058823529412
primary_45_SurrogateTransfer_feature_squeezing_Base,45,SurrogateTransfer,feature_squeezing,Base,114,78,0,415,7,0.986,1.0,0.9176470588235294,0.9570552147239264,0.9588235294117646
primary_45_SurrogateTransfer_feature_squeezing_Base,45,SurrogateTransfer,feature_squeezing,Base,115,77,0,415,8,0.984,1.0,0.9058823529411765,0.9506172839506173,0.9529411764705882
primary_45_SurrogateTransfer_feature_squeezing_Base,45,SurrogateTransfer,feature_squeezing,Base,116,77,0,415,8,0.984,1.0,0.9058823529411765,0.9506172839506173,0.9529411764705882
primary_45_SurrogateTransfer_feature_squeezing_Base,45,SurrogateTransfer,feature_squeezing,Base,117,80,1,414,5,0.988,0.9876543209876543,0.9411764705882353,0.963855421686747,0.9693834160170092
primary_45_SurrogateTransfer_feature_squeezing_Base,45,SurrogateTransfer,feature_squeezing,Base,118,78,0,415,7,0.986,1.0,0.9176470588235294,0.9570552147239264,0.9588235294117646
primary_45_SurrogateTransfer_feature_squeezing_Base,45,SurrogateTransfer,feature_squeezing,Base,119,80,0,415,5,0.99,1.0,0.9411764705882353,0.9696969696969697,0.9705882352941176
primary_45_SurrogateTransfer_feature_squeezing_Base,45,SurrogateTransfer,feature_squeezing,Base,120,81,0,415,4,0.992,1.0,0.9529411764705882,0.9759036144578312,0.9764705882352941
primary_45_SurrogateTransfer_feature_squeezing_Base,45,SurrogateTransfer,feature_squeezing,Base,121,81,0,415,4,0.992,1.0,0.9529411764705882,0.9759036144578312,0.9764705882352941
primary_45_SurrogateTransfer_feature_squeezing_Base,45,SurrogateTransfer,feature_squeezing,Base,122,80,0,415,5,0.99,1.0,0.9411764705882353,0.9696969696969697,0.9705882352941176
primary_45_SurrogateTransfer_feature_squeezing_Base,45,SurrogateTransfer,feature_squeezing,Base,123,75,0,415,10,0.98,1.0,0.8823529411764706,0.9375,0.9411764705882353
primary_45_SurrogateTransfer_feature_squeezing_Base,45,SurrogateTransfer,feature_squeezing,Base,124,78,0,415,7,0.986,1.0,0.9176470588235294,0.9570552147239264,0.9588235294117646
primary_45_SurrogateTransfer_feature_squeezing_Base,45,SurrogateTransfer,feature_squeezing,Base,125,79,0,415,6,0.988,1.0,0.9294117647058824,0.9634146341463414,0.9647058823529412
primary_45_SurrogateTransfer_feature_squeezing_Base,45,SurrogateTransfer,feature_squeezing,Base,126,82,0,415,3,0.994,1.0,0.9647058823529412,0.9820359281437125,0.9823529411764707
primary_45_SurrogateTransfer_feature_squeezing_Base,45,SurrogateTransfer,feature_squeezing,Base,127,75,0,415,10,0.98,1.0,0.8823529411764706,0.9375,0.9411764705882353
primary_45_SurrogateTransfer_feature_squeezing_Base,45,SurrogateTransfer,feature_squeezing,Base,128,82,0,415,3,0.994,1.0,0.9647058823529412,0.9820359281437125,0.9823529411764707
primary_45_SurrogateTransfer_feature_squeezing_Base,45,SurrogateTransfer,feature_squeezing,Base,129,79,0,415,6,0.988,1.0,0.9294117647058824,0.9634146341463414,0.9647058823529412
primary_45_SurrogateTransfer_feature_squeezing_Base,45,SurrogateTransfer,feature_squeezing,Base,130,83,0,415,2,0.996,1.0,0.9764705882352941,0.988095238095238,0.9882352941176471
primary_45_SurrogateTransfer_feature_squeezing_Base,45,SurrogateTransfer,feature_squeezing,Base,131,78,0,415,7,0.986,1.0,0.9176470588235294,0.9570552147239264,0.9588235294117646
primary_45_SurrogateTransfer_feature_squeezing_Base,45,SurrogateTransfer,feature_squeezing,Base,132,78,0,415,7,0.986,1.0,0.9176470588235294,0.9570552147239264,0.9588235294117646
primary_45_SurrogateTransfer_feature_squeezing_Base,45,SurrogateTransfer,feature_squeezing,Base,133,81,0,415,4,0.992,1.0,0.9529411764705882,0.9759036144578312,0.9764705882352941
primary_45_SurrogateTransfer_feature_squeezing_Base,45,SurrogateTransfer,feature_squeezing,Base,134,77,0,415,8,0.984,1.0,0.9058823529411765,0.9506172839506173,0.9529411764705882
primary_45_SurrogateTransfer_feature_squeezing_Base,45,SurrogateTransfer,feature_squeezing,Base,135,83,0,415,2,0.996,1.0,0.9764705882352941,0.988095238095238,0.9882352941176471
primary_45_SurrogateTransfer_feature_squeezing_Base,45,SurrogateTransfer,feature_squeezing,Base,136,80,0,415,5,0.99,1.0,0.9411764705882353,0.9696969696969697,0.9705882352941176
primary_45_SurrogateTransfer_feature_squeezing_Base,45,SurrogateTransfer,feature_squeezing,Base,137,78,0,415,7,0.986,1.0,0.9176470588235294,0.9570552147239264,0.9588235294117646
primary_45_SurrogateTransfer_feature_squeezing_Base,45,SurrogateTransfer,feature_squeezing,Base,138,81,0,415,4,0.992,1.0,0.9529411764705882,0.9759036144578312,0.9764705882352941
primary_45_SurrogateTransfer_feature_squeezing_Base,45,SurrogateTransfer,feature_squeezing,Base,139,78,0,415,7,0.986,1.0,0.9176470588235294,0.9570552147239264,0.9588235294117646
primary_45_SurrogateTransfer_feature_squeezing_Base,45,SurrogateTransfer,feature_squeezing,Base,140,77,0,415,8,0.984,1.0,0.9058823529411765,0.9506172839506173,0.9529411764705882
primary_45_SurrogateTransfer_feature_squeezing_Base,45,SurrogateTransfer,feature_squeezing,Base,141,77,0,415,8,0.984,1.0,0.9058823529411765,0.9506172839506173,0.9529411764705882
primary_45_SurrogateTransfer_feature_squeezing_Base,45,SurrogateTransfer,feature_squeezing,Base,142,84,0,415,1,0.998,1.0,0.9882352941176471,0.9940828402366864,0.9941176470588236
primary_45_SurrogateTransfer_feature_squeezing_Base,45,SurrogateTransfer,feature_squeezing,Base,143,80,0,415,5,0.99,1.0,0.9411764705882353,0.9696969696969697,0.9705882352941176
primary_45_SurrogateTransfer_feature_squeezing_C1,45,SurrogateTransfer,feature_squeezing,C1,0,80,0,414,6,0.988,1.0,0.9302325581395349,0.963855421686747,0.9651162790697674
primary_45_SurrogateTransfer_feature_squeezing_C1,45,SurrogateTransfer,feature_squeezing,C1,1,79,0,414,7,0.986,1.0,0.9186046511627907,0.9575757575757576,0.9593023255813953
primary_45_SurrogateTransfer_feature_squeezing_C1,45,SurrogateTransfer,feature_squeezing,C1,2,83,1,413,3,0.992,0.9880952380952381,0.9651162790697675,0.9764705882352942,0.9813504100662847
primary_45_SurrogateTransfer_feature_squeezing_C1,45,SurrogateTransfer,feature_squeezing,C1,3,84,0,414,2,0.996,1.0,0.9767441860465116,0.988235294117647,0.9883720930232558
primary_45_SurrogateTransfer_feature_squeezing_C1,45,SurrogateTransfer,feature_squeezing,C1,4,84,1,413,2,0.994,0.9882352941176471,0.9767441860465116,0.9824561403508771,0.9871643635546568
primary_45_SurrogateTransfer_feature_squeezing_C1,45,SurrogateTransfer,feature_squeezing,C1,5,83,0,414,3,0.994,1.0,0.9651162790697675,0.9822485207100593,0.9825581395348837
primary_45_SurrogateTransfer_feature_squeezing_C1,45,SurrogateTransfer,feature_squeezing,C1,6,82,0,414,4,0.992,1.0,0.9534883720930233,0.9761904761904763,0.9767441860465116
primary_45_SurrogateTransfer_feature_squeezing_C1,45,SurrogateTransfer,feature_squeezing,C1,7,81,1,413,5,0.988,0.9878048780487805,0.9418604651162791,0.9642857142857143,0.9697225030895404
primary_45_SurrogateTransfer_feature_squeezing_C1,45,SurrogateTransfer,feature_squeezing,C1,8,81,1,413,5,0.988,0.9878048780487805,0.9418604651162791,0.9642857142857143,0.9697225030895404
primary_45_SurrogateTransfer_feature_squeezing_C1,45,SurrogateTransfer,feature_squeezing,C1,9,84,0,414,2,0.996,1.0,0.9767441860465116,0.988235294117647,0.9883720930232558
primary_45_SurrogateTransfer_feature_squeezing_C1,45,SurrogateTransfer,feature_squeezing,C1,10,81,1,413,5,0.988,0.9878048780487805,0.9418604651162791,0.9642857142857143,0.9697225030895404
primary_45_SurrogateTransfer_feature_squeezing_C1,45,SurrogateTransfer,feature_squeezing,C1,11,80,0,414,6,0.988,1.0,0.9302325581395349,0.963855421686747,0.9651162790697674
primary_45_SurrogateTransfer_feature_squeezing_C1,45,SurrogateTransfer,feature_squeezing,C1,12,83,0,414,3,0.994,1.0,0.9651162790697675,0.9822485207100593,0.9825581395348837
primary_45_SurrogateTransfer_feature_squeezing_C1,45,SurrogateTransfer,feature_squeezing,C1,13,84,0,414,2,0.996,1.0,0.9767441860465116,0.988235294117647,0.9883720930232558
primary_45_SurrogateTransfer_feature_squeezing_C1,45,SurrogateTransfer,feature_squeezing,C1,14,84,1,413,2,0.994,0.9882352941176471,0.9767441860465116,0.9824561403508771,0.9871643635546568
primary_45_SurrogateTransfer_feature_squeezing_C1,45,SurrogateTransfer,feature_squeezing,C1,15,83,0,414,3,0.994,1.0,0.9651162790697675,0.9822485207100593,0.9825581395348837
primary_45_SurrogateTransfer_feature_squeezing_C1,45,SurrogateTransfer,feature_squeezing,C1,16,78,0,414,8,0.984,1.0,0.9069767441860465,0.951219512195122,0.9534883720930232
primary_45_SurrogateTransfer_feature_squeezing_C1,45,SurrogateTransfer,feature_squeezing,C1,17,84,0,415,1,0.998,1.0,0.9882352941176471,0.9940828402366864,0.9941176470588236
primary_45_SurrogateTransfer_feature_squeezing_C1,45,SurrogateTransfer,feature_squeezing,C1,18,80,0,415,5,0.99,1.0,0.9411764705882353,0.9696969696969697,0.9705882352941176
primary_45_SurrogateTransfer_feature_squeezing_C1,45,SurrogateTransfer,feature_squeezing,C1,19,83,0,415,2,0.996,1.0,0.9764705882352941,0.988095238095238,0.9882352941176471
primary_45_SurrogateTransfer_feature_squeezing_C1,45,SurrogateTransfer,feature_squeezing,C1,20,74,0,415,11,0.978,1.0,0.8705882352941177,0.9308176100628931,0.9352941176470588
primary_45_SurrogateTransfer_feature_squeezing_C1,45,SurrogateTransfer,feature_squeezing,C1,21,76,1,414,9,0.98,0.987012987012987,0.8941176470588236,0.9382716049382716,0.9458540042523034
primary_45_SurrogateTransfer_feature_squeezing_C1,45,SurrogateTransfer,feature_squeezing,C1,22,78,0,415,7,0.986,1.0,0.9176470588235294,0.9570552147239264,0.9588235294117646
primary_45_SurrogateTransfer_feature_squeezing_C1,45,SurrogateTransfer,feature_squeezing,C1,23,81,0,415,4,0.992,1.0,0.9529411764705882,0.9759036144578312,0.9764705882352941
primary_45_SurrogateTransfer_feature_squeezing_C1,45,SurrogateTransfer,feature_squeezing,C1,24,80,1,414,5,0.988,0.9876543209876543,0.9411764705882353,0.963855421686747,0.9693834160170092
primary_45_SurrogateTransfer_feature_squeezing_C1,45,SurrogateTransfer,feature_squeezing,C1,25,77,0,415,8,0.984,1.0,0.9058823529411765,0.9506172839506173,0.9529411764705882
primary_45_SurrogateTransfer_feature_squeezing_C1,45,SurrogateTransfer,feature_squeezing,C1,26,77,0,415,8,0.984,1.0,0.9058823529411765,0.9506172839506173,0.9529411764705882
primary_45_SurrogateTransfer_feature_squeezing_C1,45,SurrogateTransfer,feature_squeezing,C1,27,77,0,415,8,0.984,1.0,0.9058823529411765,0.9506172839506173,0.9529411764705882
primary_45_SurrogateTransfer_feature_squeezing_C1,45,SurrogateTransfer,feature_squeezing,C1,28,79,0,415,6,0.988,1.0,0.9294117647058824,0.9634146341463414,0.9647058823529412
primary_45_SurrogateTransfer_feature_squeezing_C1,45,SurrogateTransfer,feature_squeezing,C1,29,80,0,415,5,0.99,1.0,0.9411764705882353,0.9696969696969697,0.9705882352941176
primary_45_SurrogateTransfer_feature_squeezing_C1,45,SurrogateTransfer,feature_squeezing,C1,30,79,0,415,6,0.988,1.0,0.9294117647058824,0.9634146341463414,0.9647058823529412
primary_45_SurrogateTransfer_feature_squeezing_C1,45,SurrogateTransfer,feature_squeezing,C1,31,78,1,414,7,0.984,0.9873417721518988,0.9176470588235294,0.9512195121951219,0.9576187101346563
primary_45_SurrogateTransfer_feature_squeezing_C1,45,SurrogateTransfer,feature_squeezing,C1,32,80,0,415,5,0.99,1.0,0.9411764705882353,0.9696969696969697,0.9705882352941176
primary_45_SurrogateTransfer_feature_squeezing_C1,45,SurrogateTransfer,feature_squeezing,C1,33,81,0,415,4,0.992,1.0,0.9529411764705882,0.9759036144578312,0.9764705882352941
primary_45_SurrogateTransfer_feature_squeezing_C1,45,SurrogateTransfer,feature_squeezing,C1,34,79,1,414,6,0.986,0.9875,0.9294117647058824,0.9575757575757576,0.9635010630758327
primary_45_SurrogateTransfer_feature_squeezing_C1,45,SurrogateTransfer,feature_squeezing,C1,35,75,0,415,10,0.98,1.0,0.8823529411764706,0.9375,0.9411764705882353
primary_45_SurrogateTransfer_feature_squeezing_C1,45,SurrogateTransfer,feature_squeezing,C1,36,80,0,415,5,0.99,1.0,0.9411764705882353,0.9696969696969697,0.9705882352941176
primary_45_SurrogateTransfer_feature_squeezing_C1,45,SurrogateTransfer,feature_squeezing,C1,37,81,1,414,4,0.99,0.9878048780487805,0.9529411764705882,0.9700598802395209,0.9752657689581856
primary_45_SurrogateTransfer_feature_squeezing_C1,45,SurrogateTransfer,feature_squeezing,C1,38,81,0,415,4,0.992,1.0,0.9529411764705882,0.9759036144578312,0.9764705882352941
primary_45_SurrogateTransfer_feature_squeezing_C1,45,SurrogateTransfer,feature_squeezing,C1,39,81,0,415,4,0.992,1.0,0.9529411764705882,0.9759036144578312,0.9764705882352941
primary_45_SurrogateTransfer_feature_squeezing_C1,45,SurrogateTransfer,feature_squeezing,C1,40,82,0,415,3,0.994,1.0,0.9647058823529412,0.9820359281437125,0.9823529411764707
primary_45_SurrogateTransfer_feature_squeezing_C1,45,SurrogateTransfer,feature_squeezing,C1,41,82,0,415,3,0.994,1.0,0.9647058823529412,0.9820359281437125,0.9823529411764707
primary_45_SurrogateTransfer_feature_squeezing_C1,45,SurrogateTransfer,feature_squeezing,C1,42,81,0,415,4,0.992,1.0,0.9529411764705882,0.9759036144578312,0.9764705882352941
primary_45_SurrogateTransfer_feature_squeezing_C1,45,SurrogateTransfer,feature_squeezing,C1,43,78,1,414,7,0.984,0.9873417721518988,0.9176470588235294,0.9512195121951219,0.9576187101346563
primary_45_SurrogateTransfer_feature_squeezing_C1,45,SurrogateTransfer,feature_squeezing,C1,44,79,0,415,6,0.988,1.0,0.9294117647058824,0.9634146341463414,0.9647058823529412
primary_45_SurrogateTransfer_feature_squeezing_C1,45,SurrogateTransfer,feature_squeezing,C1,45,81,0,415,4,0.992,1.0,0.9529411764705882,0.9759036144578312,0.9764705882352941
primary_45_SurrogateTransfer_feature_squeezing_C1,45,SurrogateTransfer,feature_squeezing,C1,46,81,1,414,4,0.99,0.9878048780487805,0.9529411764705882,0.9700598802395209,0.9752657689581856
primary_45_SurrogateTransfer_feature_squeezing_C1,45,SurrogateTransfer,feature_squeezing,C1,47,76,0,415,9,0.982,1.0,0.8941176470588236,0.9440993788819877,0.9470588235294117
primary_45_SurrogateTransfer_feature_squeezing_C1,45,SurrogateTransfer,feature_squeezing,C1,48,81,0,415,4,0.992,1.0,0.9529411764705882,0.9759036144578312,0.9764705882352941
primary_45_SurrogateTransfer_feature_squeezing_C1,45,SurrogateTransfer,feature_squeezing,C1,49,77,0,415,8,0.984,1.0,0.9058823529411765,0.9506172839506173,0.9529411764705882
primary_45_SurrogateTransfer_feature_squeezing_C1,45,SurrogateTransfer,feature_squeezing,C1,50,81,0,415,4,0.992,1.0,0.9529411764705882,0.9759036144578312,0.9764705882352941
primary_45_SurrogateTransfer_feature_squeezing_C1,45,SurrogateTransfer,feature_squeezing,C1,51,80,1,414,5,0.988,0.9876543209876543,0.9411764705882353,0.963855421686747,0.9693834160170092
primary_45_SurrogateTransfer_feature_squeezing_C1,45,SurrogateTransfer,feature_squeezing,C1,52,80,1,414,5,0.988,0.9876543209876543,0.9411764705882353,0.963855421686747,0.9693834160170092
primary_45_SurrogateTransfer_feature_squeezing_C1,45,SurrogateTransfer,feature_squeezing,C1,53,77,1,414,8,0.982,0.9871794871794872,0.9058823529411765,0.9447852760736197,0.9517363571934798
primary_45_SurrogateTransfer_feature_squeezing_C1,45,SurrogateTransfer,feature_squeezing,C1,54,82,0,415,3,0.994,1.0,0.9647058823529412,0.9820359281437125,0.9823529411764707
primary_45_SurrogateTransfer_feature_squeezing_C1,45,SurrogateTransfer,feature_squeezing,C1,55,78,0,415,7,0.986,1.0,0.9176470588235294,0.9570552147239264,0.9588235294117646
primary_45_SurrogateTransfer_feature_squeezing_C1,45,SurrogateTransfer,feature_squeezing,C1,56,78,0,415,7,0.986,1.0,0.9176470588235294,0.9570552147239264,0.9588235294117646
primary_45_SurrogateTransfer_feature_squeezing_C1,45,SurrogateTransfer,feature_squeezing,C1,57,81,0,415,4,0.992,1.0,0.9529411764705882,0.9759036144578312,0.9764705882352941
primary_45_SurrogateTransfer_feature_squeezing_C1,45,SurrogateTransfer,feature_squeezing,C1,58,82,1,414,3,0.992,0.9879518072289156,0.9647058823529412,0.9761904761904762,0.9811481218993622
primary_45_SurrogateTransfer_feature_squeezing_C1,45,SurrogateTransfer,feature_squeezing,C1,59,78,0,415,7,0.986,1.0,0.9176470588235294,0.9570552147239264,0.9588235294117646
primary_45_SurrogateTransfer_feature_squeezing_C1,45,SurrogateTransfer,feature_squeezing,C1,60,81,0,415,4,0.992,1.0,0.9529411764705882,0.9759036144578312,0.9764705882352941
primary_45_SurrogateTransfer_feature_squeezing_C1,45,SurrogateTransfer,feature_squeezing,C1,61,78,0,415,7,0.986,1.0,0.9176470588235294,0.9570552147239264,0.9588235294117646
primary_45_SurrogateTransfer_feature_squeezing_C1,45,SurrogateTransfer,feature_squeezing,C1,62,81,0,415,4,0.992,1.0,0.9529411764705882,0.9759036144578312,0.9764705882352941
primary_45_SurrogateTransfer_feature_squeezing_C1,45,SurrogateTransfer,feature_squeezing,C1,63,77,0,415,8,0.984,1.0,0.9058823529411765,0.9506172839506173,0.9529411764705882
primary_45_SurrogateTransfer_feature_squeezing_C1,45,SurrogateTransfer,feature_squeezing,C1,64,77,0,415,8,0.984,1.0,0.9058823529411765,0.9506172839506173,0.9529411764705882
primary_45_SurrogateTransfer_feature_squeezing_C1,45,SurrogateTransfer,feature_squeezing,C1,65,78,0,415,7,0.986,1.0,0.9176470588235294,0.9570552147239264,0.9588235294117646
primary_45_SurrogateTransfer_feature_squeezing_C1,45,SurrogateTransfer,feature_squeezing,C1,66,80,0,415,5,0.99,1.0,0.9411764705882353,0.9696969696969697,0.9705882352941176
primary_45_SurrogateTransfer_feature_squeezing_C1,45,SurrogateTransfer,feature_squeezing,C1,67,81,0,415,4,0.992,1.0,0.9529411764705882,0.9759036144578312,0.9764705882352941
primary_45_SurrogateTransfer_feature_squeezing_C1,45,SurrogateTransfer,feature_squeezing,C1,68,79,0,415,6,0.988,1.0,0.9294117647058824,0.9634146341463414,0.9647058823529412
primary_45_SurrogateTransfer_feature_squeezing_C1,45,SurrogateTransfer,feature_squeezing,C1,69,80,1,414,5,0.988,0.9876543209876543,0.9411764705882353,0.963855421686747,0.9693834160170092
primary_45_SurrogateTransfer_feature_squeezing_C1,45,SurrogateTransfer,feature_squeezing,C1,70,82,0,415,3,0.994,1.0,0.9647058823529412,0.9820359281437125,0.9823529411764707
primary_45_SurrogateTransfer_feature_squeezing_C1,45,SurrogateTransfer,feature_squeezing,C1,71,77,0,415,8,0.984,1.0,0.9058823529411765,0.9506172839506173,0.9529411764705882
primary_45_SurrogateTransfer_feature_squeezing_C1,45,SurrogateTransfer,feature_squeezing,C1,72,78,0,415,7,0.986,1.0,0.9176470588235294,0.9570552147239264,0.9588235294117646
primary_45_SurrogateTransfer_feature_squeezing_C1,45,SurrogateTransfer,feature_squeezing,C1,73,77,0,415,8,0.984,1.0,0.9058823529411765,0.9506172839506173,0.9529411764705882
primary_45_SurrogateTransfer_feature_squeezing_C1,45,SurrogateTransfer,feature_squeezing,C1,74,82,0,415,3,0.994,1.0,0.9647058823529412,0.9820359281437125,0.9823529411764707
primary_45_SurrogateTransfer_feature_squeezing_C1,45,SurrogateTransfer,feature_squeezing,C1,75,78,0,415,7,0.986,1.0,0.9176470588235294,0.9570552147239264,0.9588235294117646
primary_45_SurrogateTransfer_feature_squeezing_C1,45,SurrogateTransfer,feature_squeezing,C1,76,82,0,415,3,0.994,1.0,0.9647058823529412,0.9820359281437125,0.9823529411764707
primary_45_SurrogateTransfer_feature_squeezing_C1,45,SurrogateTransfer,feature_squeezing,C1,77,80,0,415,5,0.99,1.0,0.9411764705882353,0.9696969696969697,0.9705882352941176
primary_45_SurrogateTransfer_feature_squeezing_C1,45,SurrogateTransfer,feature_squeezing,C1,78,83,0,415,2,0.996,1.0,0.9764705882352941,0.988095238095238,0.9882352941176471
primary_45_SurrogateTransfer_feature_squeezing_C1,45,SurrogateTransfer,feature_squeezing,C1,79,81,0,415,4,0.992,1.0,0.9529411764705882,0.9759036144578312,0.9764705882352941
primary_45_SurrogateTransfer_feature_squeezing_C1,45,SurrogateTransfer,feature_squeezing,C1,80,78,0,415,7,0.986,1.0,0.9176470588235294,0.9570552147239264,0.9588235294117646
primary_45_SurrogateTransfer_feature_squeezing_C1,45,SurrogateTransfer,feature_squeezing,C1,81,76,0,415,9,0.982,1.0,0.8941176470588236,0.9440993788819877,0.9470588235294117
primary_45_SurrogateTransfer_feature_squeezing_C1,45,SurrogateTransfer,feature_squeezing,C1,82,79,0,415,6,0.988,1.0,0.9294117647058824,0.9634146341463414,0.9647058823529412
primary_45_SurrogateTransfer_feature_squeezing_C1,45,SurrogateTransfer,feature_squeezing,C1,83,78,0,415,7,0.986,1.0,0.9176470588235294,0.9570552147239264,0.9588235294117646
primary_45_SurrogateTransfer_feature_squeezing_C1,45,SurrogateTransfer,feature_squeezing,C1,84,79,0,415,6,0.988,1.0,0.9294117647058824,0.9634146341463414,0.9647058823529412
primary_45_SurrogateTransfer_feature_squeezing_C1,45,SurrogateTransfer,feature_squeezing,C1,85,82,1,414,3,0.992,0.9879518072289156,0.9647058823529412,0.9761904761904762,0.9811481218993622
primary_45_SurrogateTransfer_feature_squeezing_C1,45,SurrogateTransfer,feature_squeezing,C1,86,76,1,414,9,0.98,0.987012987012987,0.8941176470588236,0.9382716049382716,0.9458540042523034
primary_45_SurrogateTransfer_feature_squeezing_C1,45,SurrogateTransfer,feature_squeezing,C1,87,78,0,415,7,0.986,1.0,0.9176470588235294,0.9570552147239264,0.9588235294117646
primary_45_SurrogateTransfer_feature_squeezing_C1,45,SurrogateTransfer,feature_squeezing,C1,88,81,0,415,4,0.992,1.0,0.9529411764705882,0.9759036144578312,0.9764705882352941
primary_45_SurrogateTransfer_feature_squeezing_C1,45,SurrogateTransfer,feature_squeezing,C1,89,79,1,414,6,0.986,0.9875,0.9294117647058824,0.9575757575757576,0.9635010630758327
primary_45_SurrogateTransfer_feature_squeezing_C1,45,SurrogateTransfer,feature_squeezing,C1,90,81,1,414,4,0.99,0.9878048780487805,0.9529411764705882,0.9700598802395209,0.9752657689581856
primary_45_SurrogateTransfer_feature_squeezing_C1,45,SurrogateTransfer,feature_squeezing,C1,91,80,1,414,5,0.988,0.9876543209876543,0.9411764705882353,0.963855421686747,0.9693834160170092
primary_45_SurrogateTransfer_feature_squeezing_C1,45,SurrogateTransfer,feature_squeezing,C1,92,80,0,415,5,0.99,1.0,0.9411764705882353,0.9696969696969697,0.9705882352941176
primary_45_SurrogateTransfer_feature_squeezing_C1,45,SurrogateTransfer,feature_squeezing,C1,93,79,0,415,6,0.988,1.0,0.9294117647058824,0.9634146341463414,0.9647058823529412
primary_45_SurrogateTransfer_feature_squeezing_C1,45,SurrogateTransfer,feature_squeezing,C1,94,81,0,415,4,0.992,1.0,0.9529411764705882,0.9759036144578312,0.9764705882352941
primary_45_SurrogateTransfer_feature_squeezing_C1,45,SurrogateTransfer,feature_squeezing,C1,95,81,0,415,4,0.992,1.0,0.9529411764705882,0.9759036144578312,0.9764705882352941
primary_45_SurrogateTransfer_feature_squeezing_C1,45,SurrogateTransfer,feature_squeezing,C1,96,84,0,415,1,0.998,1.0,0.9882352941176471,0.9940828402366864,0.9941176470588236
primary_45_SurrogateTransfer_feature_squeezing_C1,45,SurrogateTransfer,feature_squeezing,C1,97,75,1,414,10,0.978,0.9868421052631579,0.8823529411764706,0.9316770186335402,0.9399716513111269
primary_45_SurrogateTransfer_feature_squeezing_C1,45,SurrogateTransfer,feature_squeezing,C1,98,80,0,415,5,0.99,1.0,0.9411764705882353,0.9696969696969697,0.9705882352941176
primary_45_SurrogateTransfer_feature_squeezing_C1,45,SurrogateTransfer,feature_squeezing,C1,99,81,0,415,4,0.992,1.0,0.9529411764705882,0.9759036144578312,0.9764705882352941
primary_45_SurrogateTransfer_feature_squeezing_C1,45,SurrogateTransfer,feature_squeezing,C1,100,81,0,415,4,0.992,1.0,0.9529411764705882,0.9759036144578312,0.9764705882352941
primary_45_SurrogateTransfer_feature_squeezing_C1,45,SurrogateTransfer,feature_squeezing,C1,101,81,0,415,4,0.992,1.0,0.9529411764705882,0.9759036144578312,0.9764705882352941
primary_45_SurrogateTransfer_feature_squeezing_C1,45,SurrogateTransfer,feature_squeezing,C1,102,82,0,415,3,0.994,1.0,0.9647058823529412,0.9820359281437125,0.9823529411764707
primary_45_SurrogateTransfer_feature_squeezing_C1,45,SurrogateTransfer,feature_squeezing,C1,103,81,0,415,4,0.992,1.0,0.9529411764705882,0.9759036144578312,0.9764705882352941
primary_45_SurrogateTransfer_feature_squeezing_C1,45,SurrogateTransfer,feature_squeezing,C1,104,81,0,415,4,0.992,1.0,0.9529411764705882,0.9759036144578312,0.9764705882352941
primary_45_SurrogateTransfer_feature_squeezing_C1,45,SurrogateTransfer,feature_squeezing,C1,105,82,0,415,3,0.994,1.0,0.9647058823529412,0.9820359281437125,0.9823529411764707
primary_45_SurrogateTransfer_feature_squeezing_C1,45,SurrogateTransfer,feature_squeezing,C1,106,79,0,415,6,0.988,1.0,0.9294117647058824,0.9634146341463414,0.9647058823529412
primary_45_SurrogateTransfer_feature_squeezing_C1,45,SurrogateTransfer,feature_squeezing,C1,107,79,0,415,6,0.988,1.0,0.9294117647058824,0.9634146341463414,0.9647058823529412
primary_45_SurrogateTransfer_feature_squeezing_C1,45,SurrogateTransfer,feature_squeezing,C1,108,81,0,415,4,0.992,1.0,0.9529411764705882,0.9759036144578312,0.9764705882352941
primary_45_SurrogateTransfer_feature_squeezing_C1,45,SurrogateTransfer,feature_squeezing,C1,109,78,0,415,7,0.986,1.0,0.9176470588235294,0.9570552147239264,0.9588235294117646
primary_45_SurrogateTransfer_feature_squeezing_C1,45,SurrogateTransfer,feature_squeezing,C1,110,78,1,414,7,0.984,0.9873417721518988,0.9176470588235294,0.9512195121951219,0.9576187101346563
primary_45_SurrogateTransfer_feature_squeezing_C1,45,SurrogateTransfer,feature_squeezing,C1,111,84,0,415,1,0.998,1.0,0.9882352941176471,0.9940828402366864,0.9941176470588236
primary_45_SurrogateTransfer_feature_squeezing_C1,45,SurrogateTransfer,feature_squeezing,C1,112,81,1,414,4,0.99,0.9878048780487805,0.9529411764705882,0.9700598802395209,0.9752657689581856
primary_45_SurrogateTransfer_feature_squeezing_C1,45,SurrogateTransfer,feature_squeezing,C1,113,79,1,414,6,0.986,0.9875,0.9294117647058824,0.9575757575757576,0.9635010630758327
primary_45_SurrogateTransfer_feature_squeezing_C1,45,SurrogateTransfer,feature_squeezing,C1,114,79,0,415,6,0.988,1.0,0.9294117647058824,0.9634146341463414,0.9647058823529412
primary_45_SurrogateTransfer_feature_squeezing_C1,45,SurrogateTransfer,feature_squeezing,C1,115,77,0,415,8,0.984,1.0,0.9058823529411765,0.9506172839506173,0.9529411764705882
primary_45_SurrogateTransfer_feature_squeezing_C1,45,SurrogateTransfer,feature_squeezing,C1,116,78,0,415,7,0.986,1.0,0.9176470588235294,0.9570552147239264,0.9588235294117646
primary_45_SurrogateTransfer_feature_squeezing_C1,45,SurrogateTransfer,feature_squeezing,C1,117,80,0,415,5,0.99,1.0,0.9411764705882353,0.9696969696969697,0.9705882352941176
primary_45_SurrogateTransfer_feature_squeezing_C1,45,SurrogateTransfer,feature_squeezing,C1,118,78,1,414,7,0.984,0.9873417721518988,0.9176470588235294,0.9512195121951219,0.9576187101346563
primary_45_SurrogateTransfer_feature_squeezing_C1,45,SurrogateTransfer,feature_squeezing,C1,119,80,0,415,5,0.99,1.0,0.9411764705882353,0.9696969696969697,0.9705882352941176
primary_45_SurrogateTransfer_feature_squeezing_C1,45,SurrogateTransfer,feature_squeezing,C1,120,81,0,415,4,0.992,1.0,0.9529411764705882,0.9759036144578312,0.9764705882352941
primary_45_SurrogateTransfer_feature_squeezing_C1,45,SurrogateTransfer,feature_squeezing,C1,121,81,0,415,4,0.992,1.0,0.9529411764705882,0.9759036144578312,0.9764705882352941
primary_45_SurrogateTransfer_feature_squeezing_C1,45,SurrogateTransfer,feature_squeezing,C1,122,80,0,415,5,0.99,1.0,0.9411764705882353,0.9696969696969697,0.9705882352941176
primary_45_SurrogateTransfer_feature_squeezing_C1,45,SurrogateTransfer,feature_squeezing,C1,123,76,0,415,9,0.982,1.0,0.8941176470588236,0.9440993788819877,0.9470588235294117
primary_45_SurrogateTransfer_feature_squeezing_C1,45,SurrogateTransfer,feature_squeezing,C1,124,80,0,415,5,0.99,1.0,0.9411764705882353,0.9696969696969697,0.9705882352941176
primary_45_SurrogateTransfer_feature_squeezing_C1,45,SurrogateTransfer,feature_squeezing,C1,125,80,1,414,5,0.988,0.9876543209876543,0.9411764705882353,0.963855421686747,0.9693834160170092
primary_45_SurrogateTransfer_feature_squeezing_C1,45,SurrogateTransfer,feature_squeezing,C1,126,83,0,415,2,0.996,1.0,0.9764705882352941,0.988095238095238,0.9882352941176471
primary_45_SurrogateTransfer_feature_squeezing_C1,45,SurrogateTransfer,feature_squeezing,C1,127,77,0,415,8,0.984,1.0,0.9058823529411765,0.9506172839506173,0.9529411764705882
primary_45_SurrogateTransfer_feature_squeezing_C1,45,SurrogateTransfer,feature_squeezing,C1,128,83,0,415,2,0.996,1.0,0.9764705882352941,0.988095238095238,0.9882352941176471
primary_45_SurrogateTransfer_feature_squeezing_C1,45,SurrogateTransfer,feature_squeezing,C1,129,79,0,415,6,0.988,1.0,0.9294117647058824,0.9634146341463414,0.9647058823529412
primary_45_SurrogateTransfer_feature_squeezing_C1,45,SurrogateTransfer,feature_squeezing,C1,130,83,0,415,2,0.996,1.0,0.9764705882352941,0.988095238095238,0.9882352941176471
primary_45_SurrogateTransfer_feature_squeezing_C1,45,SurrogateTransfer,feature_squeezing,C1,131,80,0,415,5,0.99,1.0,0.9411764705882353,0.9696969696969697,0.9705882352941176
primary_45_SurrogateTransfer_feature_squeezing_C1,45,SurrogateTransfer,feature_squeezing,C1,132,78,0,415,7,0.986,1.0,0.9176470588235294,0.9570552147239264,0.9588235294117646
primary_45_SurrogateTransfer_feature_squeezing_C1,45,SurrogateTransfer,feature_squeezing,C1,133,81,0,415,4,0.992,1.0,0.9529411764705882,0.9759036144578312,0.9764705882352941
primary_45_SurrogateTransfer_feature_squeezing_C1,45,SurrogateTransfer,feature_squeezing,C1,134,78,0,415,7,0.986,1.0,0.9176470588235294,0.9570552147239264,0.9588235294117646
primary_45_SurrogateTransfer_feature_squeezing_C1,45,SurrogateTransfer,feature_squeezing,C1,135,83,0,415,2,0.996,1.0,0.9764705882352941,0.988095238095238,0.9882352941176471
primary_45_SurrogateTransfer_feature_squeezing_C1,45,SurrogateTransfer,feature_squeezing,C1,136,82,0,415,3,0.994,1.0,0.9647058823529412,0.9820359281437125,0.9823529411764707
primary_45_SurrogateTransfer_feature_squeezing_C1,45,SurrogateTransfer,feature_squeezing,C1,137,79,1,414,6,0.986,0.9875,0.9294117647058824,0.9575757575757576,0.9635010630758327
primary_45_SurrogateTransfer_feature_squeezing_C1,45,SurrogateTransfer,feature_squeezing,C1,138,82,0,415,3,0.994,1.0,0.9647058823529412,0.9820359281437125,0.9823529411764707
primary_45_SurrogateTransfer_feature_squeezing_C1,45,SurrogateTransfer,feature_squeezing,C1,139,78,0,415,7,0.986,1.0,0.9176470588235294,0.9570552147239264,0.9588235294117646
primary_45_SurrogateTransfer_feature_squeezing_C1,45,SurrogateTransfer,feature_squeezing,C1,140,78,0,415,7,0.986,1.0,0.9176470588235294,0.9570552147239264,0.9588235294117646
primary_45_SurrogateTransfer_feature_squeezing_C1,45,SurrogateTransfer,feature_squeezing,C1,141,77,0,415,8,0.984,1.0,0.9058823529411765,0.9506172839506173,0.9529411764705882
primary_45_SurrogateTransfer_feature_squeezing_C1,45,SurrogateTransfer,feature_squeezing,C1,142,84,0,415,1,0.998,1.0,0.9882352941176471,0.9940828402366864,0.9941176470588236
primary_45_SurrogateTransfer_feature_squeezing_C1,45,SurrogateTransfer,feature_squeezing,C1,143,81,0,415,4,0.992,1.0,0.9529411764705882,0.9759036144578312,0.9764705882352941
primary_45_SurrogateTransfer_randomized_smoothing_Base,45,SurrogateTransfer,randomized_smoothing,Base,0,71,0,414,15,0.97,1.0,0.8255813953488372,0.9044585987261146,0.9127906976744187
primary_45_SurrogateTransfer_randomized_smoothing_Base,45,SurrogateTransfer,randomized_smoothing,Base,1,67,0,414,19,0.962,1.0,0.7790697674418605,0.8758169934640523,0.8895348837209303
primary_45_SurrogateTransfer_randomized_smoothing_Base,45,SurrogateTransfer,randomized_smoothing,Base,2,74,1,413,12,0.974,0.9866666666666667,0.8604651162790697,0.9192546583850931,0.9290248286709358
primary_45_SurrogateTransfer_randomized_smoothing_Base,45,SurrogateTransfer,randomized_smoothing,Base,3,67,0,414,19,0.962,1.0,0.7790697674418605,0.8758169934640523,0.8895348837209303
primary_45_SurrogateTransfer_randomized_smoothing_Base,45,SurrogateTransfer,randomized_smoothing,Base,4,75,0,414,11,0.978,1.0,0.872093023255814,0.9316770186335404,0.936046511627907
primary_45_SurrogateTransfer_randomized_smoothing_Base,45,SurrogateTransfer,randomized_smoothing,Base,5,70,0,414,16,0.968,1.0,0.813953488372093,0.8974358974358974,0.9069767441860466
primary_45_SurrogateTransfer_randomized_smoothing_Base,45,SurrogateTransfer,randomized_smoothing,Base,6,74,0,414,12,0.976,1.0,0.8604651162790697,0.9249999999999999,0.9302325581395349
primary_45_SurrogateTransfer_randomized_smoothing_Base,45,SurrogateTransfer,randomized_smoothing,Base,7,70,0,414,16,0.968,1.0,0.813953488372093,0.8974358974358974,0.9069767441860466
primary_45_SurrogateTransfer_randomized_smoothing_Base,45,SurrogateTransfer,randomized_smoothing,Base,8,66,0,414,20,0.96,1.0,0.7674418604651163,0.868421052631579,0.8837209302325582
primary_45_SurrogateTransfer_randomized_smoothing_Base,45,SurrogateTransfer,randomized_smoothing,Base,9,72,0,414,14,0.972,1.0,0.8372093023255814,0.9113924050632911,0.9186046511627908
primary_45_SurrogateTransfer_randomized_smoothing_Base,45,SurrogateTransfer,randomized_smoothing,Base,10,71,0,414,15,0.97,1.0,0.8255813953488372,0.9044585987261146,0.9127906976744187
primary_45_SurrogateTransfer_randomized_smoothing_Base,45,SurrogateTransfer,randomized_smoothing,Base,11,66,0,414,20,0.96,1.0,0.7674418604651163,0.868421052631579,0.8837209302325582
primary_45_SurrogateTransfer_randomized_smoothing_Base,45,SurrogateTransfer,randomized_smoothing,Base,12,73,0,414,13,0.974,1.0,0.8488372093023255,0.9182389937106918,0.9244186046511628
primary_45_SurrogateTransfer_randomized_smoothing_Base,45,SurrogateTransfer,randomized_smoothing,Base,13,76,0,414,10,0.98,1.0,0.8837209302325582,0.9382716049382717,0.9418604651162791
primary_45_SurrogateTransfer_randomized_smoothing_Base,45,SurrogateTransfer,randomized_smoothing,Base,14,72,0,414,14,0.972,1.0,0.8372093023255814,0.9113924050632911,0.9186046511627908
primary_45_SurrogateTransfer_randomized_smoothing_Base,45,SurrogateTransfer,randomized_smoothing,Base,15,72,0,414,14,0.972,1.0,0.8372093023255814,0.9113924050632911,0.9186046511627908
primary_45_SurrogateTransfer_randomized_smoothing_Base,45,SurrogateTransfer,randomized_smoothing,Base,16,68,0,414,18,0.964,1.0,0.7906976744186046,0.8831168831168831,0.8953488372093024
primary_45_SurrogateTransfer_randomized_smoothing_Base,45,SurrogateTransfer,randomized_smoothing,Base,17,79,0,415,6,0.988,1.0,0.9294117647058824,0.9634146341463414,0.9647058823529412
primary_45_SurrogateTransfer_randomized_smoothing_Base,45,SurrogateTransfer,randomized_smoothing,Base,18,67,0,415,18,0.964,1.0,0.788235294117647,0.8815789473684211,0.8941176470588235
primary_45_SurrogateTransfer_randomized_smoothing_Base,45,SurrogateTransfer,randomized_smoothing,Base,19,73,0,415,12,0.976,1.0,0.8588235294117647,0.9240506329113923,0.9294117647058824
primary_45_SurrogateTransfer_randomized_smoothing_Base,45,SurrogateTransfer,randomized_smoothing,Base,20,65,0,415,20,0.96,1.0,0.7647058823529411,0.8666666666666666,0.8823529411764706
primary_45_SurrogateTransfer_randomized_smoothing_Base,45,SurrogateTransfer,randomized_smoothing,Base,21,67,1,414,18,0.962,0.9852941176470589,0.788235294117647,0.8758169934640523,0.8929128277817151
primary_45_SurrogateTransfer_randomized_smoothing_Base,45,SurrogateTransfer,randomized_smoothing,Base,22,71,0,415,14,0.972,1.0,0.8352941176470589,0.9102564102564102,0.9176470588235295
primary_45_SurrogateTransfer_randomized_smoothing_Base,45,SurrogateTransfer,randomized_smoothing,Base,23,70,0,415,15,0.97,1.0,0.8235294117647058,0.9032258064516129,0.9117647058823529
primary_45_SurrogateTransfer_randomized_smoothing_Base,45,SurrogateTransfer,randomized_smoothing,Base,24,67,0,415,18,0.964,1.0,0.788235294117647,0.8815789473684211,0.8941176470588235
primary_45_SurrogateTransfer_randomized_smoothing_Base,45,SurrogateTransfer,randomized_smoothing,Base,25,71,0,415,14,0.972,1.0,0.8352941176470589,0.9102564102564102,0.9176470588235295
primary_45_SurrogateTransfer_randomized_smoothing_Base,45,SurrogateTransfer,randomized_smoothing,Base,26,63,0,415,22,0.956,1.0,0.7411764705882353,0.8513513513513514,0.8705882352941177
primary_45_SurrogateTransfer_randomized_smoothing_Base,45,SurrogateTransfer,randomized_smoothing,Base,27,65,0,415,20,0.96,1.0,0.7647058823529411,0.8666666666666666,0.8823529411764706
primary_45_SurrogateTransfer_randomized_smoothing_Base,45,SurrogateTransfer,randomized_smoothing,Base,28,70,0,415,15,0.97,1.0,0.8235294117647058,0.9032258064516129,0.9117647058823529
primary_45_SurrogateTransfer_randomized_smoothing_Base,45,SurrogateTransfer,randomized_smoothing,Base,29,66,0,415,19,0.962,1.0,0.7764705882352941,0.8741721854304636,0.888235294117647
primary_45_SurrogateTransfer_randomized_smoothing_Base,45,SurrogateTransfer,randomized_smoothing,Base,30,72,0,415,13,0.974,1.0,0.8470588235294118,0.9171974522292993,0.9235294117647059
primary_45_SurrogateTransfer_randomized_smoothing_Base,45,SurrogateTransfer,randomized_smoothing,Base,31,67,0,415,18,0.964,1.0,0.788235294117647,0.8815789473684211,0.8941176470588235
primary_45_SurrogateTransfer_randomized_smoothing_Base,45,SurrogateTransfer,randomized_smoothing,Base,32,68,0,415,17,0.966,1.0,0.8,0.888888888888889,0.9
primary_45_SurrogateTransfer_randomized_smoothing_Base,45,SurrogateTransfer,randomized_smoothing,Base,33,66,0,415,19,0.962,1.0,0.7764705882352941,0.8741721854304636,0.888235294117647
primary_45_SurrogateTransfer_randomized_smoothing_Base,45,SurrogateTransfer,randomized_smoothing,Base,34,66,1,414,19,0.96,0.9850746268656716,0.7764705882352941,0.8684210526315789,0.8870304748405387
primary_45_SurrogateTransfer_randomized_smoothing_Base,45,SurrogateTransfer,randomized_smoothing,Base,35,62,0,415,23,0.954,1.0,0.7294117647058823,0.8435374149659863,0.8647058823529412
primary_45_SurrogateTransfer_randomized_smoothing_Base,45,SurrogateTransfer,randomized_smoothing,Base,36,67,0,415,18,0.964,1.0,0.788235294117647,0.8815789473684211,0.8941176470588235
primary_45_SurrogateTransfer_randomized_smoothing_Base,45,SurrogateTransfer,randomized_smoothing,Base,37,74,0,415,11,0.978,1.0,0.8705882352941177,0.9308176100628931,0.9352941176470588
primary_45_SurrogateTransfer_randomized_smoothing_Base,45,SurrogateTransfer,randomized_smoothing,Base,38,71,0,415,14,0.972,1.0,0.8352941176470589,0.9102564102564102,0.9176470588235295
primary_45_SurrogateTransfer_randomized_smoothing_Base,45,SurrogateTransfer,randomized_smoothing,Base,39,65,0,415,20,0.96,1.0,0.7647058823529411,0.8666666666666666,0.8823529411764706
primary_45_SurrogateTransfer_randomized_smoothing_Base,45,SurrogateTransfer,randomized_smoothing,Base,40,75,0,415,10,0.98,1.0,0.8823529411764706,0.9375,0.9411764705882353
primary_45_SurrogateTransfer_randomized_smoothing_Base,45,SurrogateTransfer,randomized_smoothing,Base,41,72,0,415,13,0.974,1.0,0.8470588235294118,0.9171974522292993,0.9235294117647059
primary_45_SurrogateTransfer_randomized_smoothing_Base,45,SurrogateTransfer,randomized_smoothing,Base,42,68,0,415,17,0.966,1.0,0.8,0.888888888888889,0.9
primary_45_SurrogateTransfer_randomized_smoothing_Base,45,SurrogateTransfer,randomized_smoothing,Base,43,66,0,415,19,0.962,1.0,0.7764705882352941,0.8741721854304636,0.888235294117647
primary_45_SurrogateTransfer_randomized_smoothing_Base,45,SurrogateTransfer,randomized_smoothing,Base,44,67,0,415,18,0.964,1.0,0.788235294117647,0.8815789473684211,0.8941176470588235
primary_45_SurrogateTransfer_randomized_smoothing_Base,45,SurrogateTransfer,randomized_smoothing,Base,45,73,0,415,12,0.976,1.0,0.8588235294117647,0.9240506329113923,0.9294117647058824
primary_45_SurrogateTransfer_randomized_smoothing_Base,45,SurrogateTransfer,randomized_smoothing,Base,46,73,0,415,12,0.976,1.0,0.8588235294117647,0.9240506329113923,0.9294117647058824
primary_45_SurrogateTransfer_randomized_smoothing_Base,45,SurrogateTransfer,randomized_smoothing,Base,47,68,0,415,17,0.966,1.0,0.8,0.888888888888889,0.9
primary_45_SurrogateTransfer_randomized_smoothing_Base,45,SurrogateTransfer,randomized_smoothing,Base,48,74,0,415,11,0.978,1.0,0.8705882352941177,0.9308176100628931,0.9352941176470588
primary_45_SurrogateTransfer_randomized_smoothing_Base,45,SurrogateTransfer,randomized_smoothing,Base,49,68,0,415,17,0.966,1.0,0.8,0.888888888888889,0.9
primary_45_SurrogateTransfer_randomized_smoothing_Base,45,SurrogateTransfer,randomized_smoothing,Base,50,71,0,415,14,0.972,1.0,0.8352941176470589,0.9102564102564102,0.9176470588235295
primary_45_SurrogateTransfer_randomized_smoothing_Base,45,SurrogateTransfer,randomized_smoothing,Base,51,72,0,415,13,0.974,1.0,0.8470588235294118,0.9171974522292993,0.9235294117647059
primary_45_SurrogateTransfer_randomized_smoothing_Base,45,SurrogateTransfer,randomized_smoothing,Base,52,67,0,415,18,0.964,1.0,0.788235294117647,0.8815789473684211,0.8941176470588235
primary_45_SurrogateTransfer_randomized_smoothing_Base,45,SurrogateTransfer,randomized_smoothing,Base,53,63,0,415,22,0.956,1.0,0.7411764705882353,0.8513513513513514,0.8705882352941177
primary_45_SurrogateTransfer_randomized_smoothing_Base,45,SurrogateTransfer,randomized_smoothing,Base,54,67,0,415,18,0.964,1.0,0.788235294117647,0.8815789473684211,0.8941176470588235
primary_45_SurrogateTransfer_randomized_smoothing_Base,45,SurrogateTransfer,randomized_smoothing,Base,55,65,0,415,20,0.96,1.0,0.7647058823529411,0.8666666666666666,0.8823529411764706
primary_45_SurrogateTransfer_randomized_smoothing_Base,45,SurrogateTransfer,randomized_smoothing,Base,56,69,0,415,16,0.968,1.0,0.8117647058823529,0.8961038961038961,0.9058823529411765
primary_45_SurrogateTransfer_randomized_smoothing_Base,45,SurrogateTransfer,randomized_smoothing,Base,57,68,0,415,17,0.966,1.0,0.8,0.888888888888889,0.9
primary_45_SurrogateTransfer_randomized_smoothing_Base,45,SurrogateTransfer,randomized_smoothing,Base,58,71,0,415,14,0.972,1.0,0.8352941176470589,0.9102564102564102,0.9176470588235295
primary_45_SurrogateTransfer_randomized_smoothing_Base,45,SurrogateTransfer,randomized_smoothing,Base,59,71,0,415,14,0.972,1.0,0.8352941176470589,0.9102564102564102,0.9176470588235295
primary_45_SurrogateTransfer_randomized_smoothing_Base,45,SurrogateTransfer,randomized_smoothing,Base,60,63,0,415,22,0.956,1.0,0.7411764705882353,0.8513513513513514,0.8705882352941177
primary_45_SurrogateTransfer_randomized_smoothing_Base,45,SurrogateTransfer,randomized_smoothing,Base,61,69,0,415,16,0.968,1.0,0.8117647058823529,0.8961038961038961,0.9058823529411765
primary_45_SurrogateTransfer_randomized_smoothing_Base,45,SurrogateTransfer,randomized_smoothing,Base,62,68,0,415,17,0.966,1.0,0.8,0.888888888888889,0.9
primary_45_SurrogateTransfer_randomized_smoothing_Base,45,SurrogateTransfer,randomized_smoothing,Base,63,68,0,415,17,0.966,1.0,0.8,0.888888888888889,0.9
primary_45_SurrogateTransfer_randomized_smoothing_Base,45,SurrogateTransfer,randomized_smoothing,Base,64,68,0,415,17,0.966,1.0,0.8,0.888888888888889,0.9
primary_45_SurrogateTransfer_randomized_smoothing_Base,45,SurrogateTransfer,randomized_smoothing,Base,65,64,0,415,21,0.958,1.0,0.7529411764705882,0.8590604026845637,0.8764705882352941
primary_45_SurrogateTransfer_randomized_smoothing_Base,45,SurrogateTransfer,randomized_smoothing,Base,66,68,0,415,17,0.966,1.0,0.8,0.888888888888889,0.9
primary_45_SurrogateTransfer_randomized_smoothing_Base,45,SurrogateTransfer,randomized_smoothing,Base,67,71,0,415,14,0.972,1.0,0.8352941176470589,0.9102564102564102,0.9176470588235295
primary_45_SurrogateTransfer_randomized_smoothing_Base,45,SurrogateTransfer,randomized_smoothing,Base,68,67,0,415,18,0.964,1.0,0.788235294117647,0.8815789473684211,0.8941176470588235
primary_45_SurrogateTransfer_randomized_smoothing_Base,45,SurrogateTransfer,randomized_smoothing,Base,69,69,1,414,16,0.966,0.9857142857142858,0.8117647058823529,0.8903225806451613,0.904677533664068
primary_45_SurrogateTransfer_randomized_smoothing_Base,45,SurrogateTransfer,randomized_smoothing,Base,70,70,0,415,15,0.97,1.0,0.8235294117647058,0.9032258064516129,0.9117647058823529
primary_45_SurrogateTransfer_randomized_smoothing_Base,45,SurrogateTransfer,randomized_smoothing,Base,71,70,0,415,15,0.97,1.0,0.8235294117647058,0.9032258064516129,0.9117647058823529
primary_45_SurrogateTransfer_randomized_smoothing_Base,45,SurrogateTransfer,randomized_smoothing,Base,72,69,0,415,16,0.968,1.0,0.8117647058823529,0.8961038961038961,0.9058823529411765
primary_45_SurrogateTransfer_randomized_smoothing_Base,45,SurrogateTransfer,randomized_smoothing,Base,73,67,0,415,18,0.964,1.0,0.788235294117647,0.8815789473684211,0.8941176470588235
primary_45_SurrogateTransfer_randomized_smoothing_Base,45,SurrogateTransfer,randomized_smoothing,Base,74,77,0,415,8,0.984,1.0,0.9058823529411765,0.9506172839506173,0.9529411764705882
primary_45_SurrogateTransfer_randomized_smoothing_Base,45,SurrogateTransfer,randomized_smoothing,Base,75,69,0,415,16,0.968,1.0,0.8117647058823529,0.8961038961038961,0.9058823529411765
primary_45_SurrogateTransfer_randomized_smoothing_Base,45,SurrogateTransfer,randomized_smoothing,Base,76,70,0,415,15,0.97,1.0,0.8235294117647058,0.9032258064516129,0.9117647058823529
primary_45_SurrogateTransfer_randomized_smoothing_Base,45,SurrogateTransfer,randomized_smoothing,Base,77,70,0,415,15,0.97,1.0,0.8235294117647058,0.9032258064516129,0.9117647058823529
primary_45_SurrogateTransfer_randomized_smoothing_Base,45,SurrogateTransfer,randomized_smoothing,Base,78,70,0,415,15,0.97,1.0,0.8235294117647058,0.9032258064516129,0.9117647058823529
primary_45_SurrogateTransfer_randomized_smoothing_Base,45,SurrogateTransfer,randomized_smoothing,Base,79,70,0,415,15,0.97,1.0,0.8235294117647058,0.9032258064516129,0.9117647058823529
primary_45_SurrogateTransfer_randomized_smoothing_Base,45,SurrogateTransfer,randomized_smoothing,Base,80,66,0,415,19,0.962,1.0,0.7764705882352941,0.8741721854304636,0.888235294117647
primary_45_SurrogateTransfer_randomized_smoothing_Base,45,SurrogateTransfer,randomized_smoothing,Base,81,69,0,415,16,0.968,1.0,0.8117647058823529,0.8961038961038961,0.9058823529411765
primary_45_SurrogateTransfer_randomized_smoothing_Base,45,SurrogateTransfer,randomized_smoothing,Base,82,71,0,415,14,0.972,1.0,0.8352941176470589,0.9102564102564102,0.9176470588235295
primary_45_SurrogateTransfer_randomized_smoothing_Base,45,SurrogateTransfer,randomized_smoothing,Base,83,64,0,415,21,0.958,1.0,0.7529411764705882,0.8590604026845637,0.8764705882352941
primary_45_SurrogateTransfer_randomized_smoothing_Base,45,SurrogateTransfer,randomized_smoothing,Base,84,72,0,415,13,0.974,1.0,0.8470588235294118,0.9171974522292993,0.9235294117647059
primary_45_SurrogateTransfer_randomized_smoothing_Base,45,SurrogateTransfer,randomized_smoothing,Base,85,68,0,415,17,0.966,1.0,0.8,0.888888888888889,0.9
primary_45_SurrogateTransfer_randomized_smoothing_Base,45,SurrogateTransfer,randomized_smoothing,Base,86,71,1,414,14,0.97,0.9861111111111112,0.8352941176470589,0.9044585987261147,0.916442239546421
primary_45_SurrogateTransfer_randomized_smoothing_Base,45,SurrogateTransfer,randomized_smoothing,Base,87,62,0,415,23,0.954,1.0,0.7294117647058823,0.8435374149659863,0.8647058823529412
primary_45_SurrogateTransfer_randomized_smoothing_Base,45,SurrogateTransfer,randomized_smoothing,Base,88,66,0,415,19,0.962,1.0,0.7764705882352941,0.8741721854304636,0.888235294117647
primary_45_SurrogateTransfer_randomized_smoothing_Base,45,SurrogateTransfer,randomized_smoothing,Base,89,71,0,415,14,0.972,1.0,0.8352941176470589,0.9102564102564102,0.9176470588235295
primary_45_SurrogateTransfer_randomized_smoothing_Base,45,SurrogateTransfer,randomized_smoothing,Base,90,67,1,414,18,0.962,0.9852941176470589,0.788235294117647,0.8758169934640523,0.8929128277817151
primary_45_SurrogateTransfer_randomized_smoothing_Base,45,SurrogateTransfer,randomized_smoothing,Base,91,67,0,415,18,0.964,1.0,0.788235294117647,0.8815789473684211,0.8941176470588235
primary_45_SurrogateTransfer_randomized_smoothing_Base,45,SurrogateTransfer,randomized_smoothing,Base,92,65,0,415,20,0.96,1.0,0.7647058823529411,0.8666666666666666,0.8823529411764706
primary_45_SurrogateTransfer_randomized_smoothing_Base,45,SurrogateTransfer,randomized_smoothing,Base,93,72,0,415,13,0.974,1.0,0.8470588235294118,0.9171974522292993,0.9235294117647059
primary_45_SurrogateTransfer_randomized_smoothing_Base,45,SurrogateTransfer,randomized_smoothing,Base,94,68,0,415,17,0.966,1.0,0.8,0.888888888888889,0.9
primary_45_SurrogateTransfer_randomized_smoothing_Base,45,SurrogateTransfer,randomized_smoothing,Base,95,71,0,415,14,0.972,1.0,0.8352941176470589,0.9102564102564102,0.9176470588235295
primary_45_SurrogateTransfer_randomized_smoothing_Base,45,SurrogateTransfer,randomized_smoothing,Base,96,66,0,415,19,0.962,1.0,0.7764705882352941,0.8741721854304636,0.888235294117647
primary_45_SurrogateTransfer_randomized_smoothing_Base,45,SurrogateTransfer,randomized_smoothing,Base,97,65,0,415,20,0.96,1.0,0.7647058823529411,0.8666666666666666,0.8823529411764706
primary_45_SurrogateTransfer_randomized_smoothing_Base,45,SurrogateTransfer,randomized_smoothing,Base,98,71,0,415,14,0.972,1.0,0.8352941176470589,0.9102564102564102,0.9176470588235295
primary_45_SurrogateTransfer_randomized_smoothing_Base,45,SurrogateTransfer,randomized_smoothing,Base,99,63,0,415,22,0.956,1.0,0.7411764705882353,0.8513513513513514,0.8705882352941177
primary_45_SurrogateTransfer_randomized_smoothing_Base,45,SurrogateTransfer,randomized_smoothing,Base,100,75,0,415,10,0.98,1.0,0.8823529411764706,0.9375,0.9411764705882353
primary_45_SurrogateTransfer_randomized_smoothing_Base,45,SurrogateTransfer,randomized_smoothing,Base,101,69,0,415,16,0.968,1.0,0.8117647058823529,0.8961038961038961,0.9058823529411765
primary_45_SurrogateTransfer_randomized_smoothing_Base,45,SurrogateTransfer,randomized_smoothing,Base,102,69,0,415,16,0.968,1.0,0.8117647058823529,0.8961038961038961,0.9058823529411765
primary_45_SurrogateTransfer_randomized_smoothing_Base,45,SurrogateTransfer,randomized_smoothing,Base,103,73,0,415,12,0.976,1.0,0.8588235294117647,0.9240506329113923,0.9294117647058824
primary_45_SurrogateTransfer_randomized_smoothing_Base,45,SurrogateTransfer,randomized_smoothing,Base,104,74,0,415,11,0.978,1.0,0.8705882352941177,0.9308176100628931,0.9352941176470588
primary_45_SurrogateTransfer_randomized_smoothing_Base,45,SurrogateTransfer,randomized_smoothing,Base,105,73,0,415,12,0.976,1.0,0.8588235294117647,0.9240506329113923,0.9294117647058824
primary_45_SurrogateTransfer_randomized_smoothing_Base,45,SurrogateTransfer,randomized_smoothing,Base,106,67,0,415,18,0.964,1.0,0.788235294117647,0.8815789473684211,0.8941176470588235
primary_45_SurrogateTransfer_randomized_smoothing_Base,45,SurrogateTransfer,randomized_smoothing,Base,107,65,0,415,20,0.96,1.0,0.7647058823529411,0.8666666666666666,0.8823529411764706
primary_45_SurrogateTransfer_randomized_smoothing_Base,45,SurrogateTransfer,randomized_smoothing,Base,108,71,0,415,14,0.972,1.0,0.8352941176470589,0.9102564102564102,0.9176470588235295
primary_45_SurrogateTransfer_randomized_smoothing_Base,45,SurrogateTransfer,randomized_smoothing,Base,109,64,0,415,21,0.958,1.0,0.7529411764705882,0.8590604026845637,0.8764705882352941
primary_45_SurrogateTransfer_randomized_smoothing_Base,45,SurrogateTransfer,randomized_smoothing,Base,110,67,1,414,18,0.962,0.9852941176470589,0.788235294117647,0.8758169934640523,0.8929128277817151
primary_45_SurrogateTransfer_randomized_smoothing_Base,45,SurrogateTransfer,randomized_smoothing,Base,111,71,0,415,14,0.972,1.0,0.8352941176470589,0.9102564102564102,0.9176470588235295
primary_45_SurrogateTransfer_randomized_smoothing_Base,45,SurrogateTransfer,randomized_smoothing,Base,112,70,0,415,15,0.97,1.0,0.8235294117647058,0.9032258064516129,0.9117647058823529
primary_45_SurrogateTransfer_randomized_smoothing_Base,45,SurrogateTransfer,randomized_smoothing,Base,113,68,0,415,17,0.966,1.0,0.8,0.888888888888889,0.9
primary_45_SurrogateTransfer_randomized_smoothing_Base,45,SurrogateTransfer,randomized_smoothing,Base,114,67,0,415,18,0.964,1.0,0.788235294117647,0.8815789473684211,0.8941176470588235
primary_45_SurrogateTransfer_randomized_smoothing_Base,45,SurrogateTransfer,randomized_smoothing,Base,115,68,0,415,17,0.966,1.0,0.8,0.888888888888889,0.9
primary_45_SurrogateTransfer_randomized_smoothing_Base,45,SurrogateTransfer,randomized_smoothing,Base,116,60,0,415,25,0.95,1.0,0.7058823529411765,0.8275862068965517,0.8529411764705883
primary_45_SurrogateTransfer_randomized_smoothing_Base,45,SurrogateTransfer,randomized_smoothing,Base,117,69,0,415,16,0.968,1.0,0.8117647058823529,0.8961038961038961,0.9058823529411765
primary_45_SurrogateTransfer_randomized_smoothing_Base,45,SurrogateTransfer,randomized_smoothing,Base,118,71,0,415,14,0.972,1.0,0.8352941176470589,0.9102564102564102,0.9176470588235295
primary_45_SurrogateTransfer_randomized_smoothing_Base,45,SurrogateTransfer,randomized_smoothing,Base,119,71,0,415,14,0.972,1.0,0.8352941176470589,0.9102564102564102,0.9176470588235295
primary_45_SurrogateTransfer_randomized_smoothing_Base,45,SurrogateTransfer,randomized_smoothing,Base,120,77,0,415,8,0.984,1.0,0.9058823529411765,0.9506172839506173,0.9529411764705882
primary_45_SurrogateTransfer_randomized_smoothing_Base,45,SurrogateTransfer,randomized_smoothing,Base,121,71,0,415,14,0.972,1.0,0.8352941176470589,0.9102564102564102,0.9176470588235295
primary_45_SurrogateTransfer_randomized_smoothing_Base,45,SurrogateTransfer,randomized_smoothing,Base,122,72,0,415,13,0.974,1.0,0.8470588235294118,0.9171974522292993,0.9235294117647059
primary_45_SurrogateTransfer_randomized_smoothing_Base,45,SurrogateTransfer,randomized_smoothing,Base,123,68,0,415,17,0.966,1.0,0.8,0.888888888888889,0.9
primary_45_SurrogateTransfer_randomized_smoothing_Base,45,SurrogateTransfer,randomized_smoothing,Base,124,66,0,415,19,0.962,1.0,0.7764705882352941,0.8741721854304636,0.888235294117647
primary_45_SurrogateTransfer_randomized_smoothing_Base,45,SurrogateTransfer,randomized_smoothing,Base,125,71,0,415,14,0.972,1.0,0.8352941176470589,0.9102564102564102,0.9176470588235295
primary_45_SurrogateTransfer_randomized_smoothing_Base,45,SurrogateTransfer,randomized_smoothing,Base,126,75,0,415,10,0.98,1.0,0.8823529411764706,0.9375,0.9411764705882353
primary_45_SurrogateTransfer_randomized_smoothing_Base,45,SurrogateTransfer,randomized_smoothing,Base,127,64,0,415,21,0.958,1.0,0.7529411764705882,0.8590604026845637,0.8764705882352941
primary_45_SurrogateTransfer_randomized_smoothing_Base,45,SurrogateTransfer,randomized_smoothing,Base,128,72,0,415,13,0.974,1.0,0.8470588235294118,0.9171974522292993,0.9235294117647059
primary_45_SurrogateTransfer_randomized_smoothing_Base,45,SurrogateTransfer,randomized_smoothing,Base,129,68,0,415,17,0.966,1.0,0.8,0.888888888888889,0.9
primary_45_SurrogateTransfer_randomized_smoothing_Base,45,SurrogateTransfer,randomized_smoothing,Base,130,74,0,415,11,0.978,1.0,0.8705882352941177,0.9308176100628931,0.9352941176470588
primary_45_SurrogateTransfer_randomized_smoothing_Base,45,SurrogateTransfer,randomized_smoothing,Base,131,65,0,415,20,0.96,1.0,0.7647058823529411,0.8666666666666666,0.8823529411764706
primary_45_SurrogateTransfer_randomized_smoothing_Base,45,SurrogateTransfer,randomized_smoothing,Base,132,67,0,415,18,0.964,1.0,0.788235294117647,0.8815789473684211,0.8941176470588235
primary_45_SurrogateTransfer_randomized_smoothing_Base,45,SurrogateTransfer,randomized_smoothing,Base,133,69,0,415,16,0.968,1.0,0.8117647058823529,0.8961038961038961,0.9058823529411765
primary_45_SurrogateTransfer_randomized_smoothing_Base,45,SurrogateTransfer,randomized_smoothing,Base,134,64,0,415,21,0.958,1.0,0.7529411764705882,0.8590604026845637,0.8764705882352941
primary_45_SurrogateTransfer_randomized_smoothing_Base,45,SurrogateTransfer,randomized_smoothing,Base,135,70,0,415,15,0.97,1.0,0.8235294117647058,0.9032258064516129,0.9117647058823529
primary_45_SurrogateTransfer_randomized_smoothing_Base,45,SurrogateTransfer,randomized_smoothing,Base,136,71,0,415,14,0.972,1.0,0.8352941176470589,0.9102564102564102,0.9176470588235295
primary_45_SurrogateTransfer_randomized_smoothing_Base,45,SurrogateTransfer,randomized_smoothing,Base,137,71,0,415,14,0.972,1.0,0.8352941176470589,0.9102564102564102,0.9176470588235295
primary_45_SurrogateTransfer_randomized_smoothing_Base,45,SurrogateTransfer,randomized_smoothing,Base,138,72,0,415,13,0.974,1.0,0.8470588235294118,0.9171974522292993,0.9235294117647059
primary_45_SurrogateTransfer_randomized_smoothing_Base,45,SurrogateTransfer,randomized_smoothing,Base,139,68,0,415,17,0.966,1.0,0.8,0.888888888888889,0.9
primary_45_SurrogateTransfer_randomized_smoothing_Base,45,SurrogateTransfer,randomized_smoothing,Base,140,71,0,415,14,0.972,1.0,0.8352941176470589,0.9102564102564102,0.9176470588235295
primary_45_SurrogateTransfer_randomized_smoothing_Base,45,SurrogateTransfer,randomized_smoothing,Base,141,69,0,415,16,0.968,1.0,0.8117647058823529,0.8961038961038961,0.9058823529411765
primary_45_SurrogateTransfer_randomized_smoothing_Base,45,SurrogateTransfer,randomized_smoothing,Base,142,68,0,415,17,0.966,1.0,0.8,0.888888888888889,0.9
primary_45_SurrogateTransfer_randomized_smoothing_Base,45,SurrogateTransfer,randomized_smoothing,Base,143,72,0,415,13,0.974,1.0,0.8470588235294118,0.9171974522292993,0.9235294117647059
primary_45_SurrogateTransfer_randomized_smoothing_C1,45,SurrogateTransfer,randomized_smoothing,C1,0,71,0,414,15,0.97,1.0,0.8255813953488372,0.9044585987261146,0.9127906976744187
primary_45_SurrogateTransfer_randomized_smoothing_C1,45,SurrogateTransfer,randomized_smoothing,C1,1,71,0,414,15,0.97,1.0,0.8255813953488372,0.9044585987261146,0.9127906976744187
primary_45_SurrogateTransfer_randomized_smoothing_C1,45,SurrogateTransfer,randomized_smoothing,C1,2,79,1,413,7,0.984,0.9875,0.9186046511627907,0.9518072289156626,0.9580945961127962
primary_45_SurrogateTransfer_randomized_smoothing_C1,45,SurrogateTransfer,randomized_smoothing,C1,3,77,0,414,9,0.982,1.0,0.8953488372093024,0.9447852760736196,0.9476744186046512
primary_45_SurrogateTransfer_randomized_smoothing_C1,45,SurrogateTransfer,randomized_smoothing,C1,4,80,2,412,6,0.984,0.975609756097561,0.9302325581395349,0.9523809523809524,0.9627008201325693
primary_45_SurrogateTransfer_randomized_smoothing_C1,45,SurrogateTransfer,randomized_smoothing,C1,5,82,0,414,4,0.992,1.0,0.9534883720930233,0.9761904761904763,0.9767441860465116
primary_45_SurrogateTransfer_randomized_smoothing_C1,45,SurrogateTransfer,randomized_smoothing,C1,6,78,0,414,8,0.984,1.0,0.9069767441860465,0.951219512195122,0.9534883720930232
primary_45_SurrogateTransfer_randomized_smoothing_C1,45,SurrogateTransfer,randomized_smoothing,C1,7,79,0,414,7,0.986,1.0,0.9186046511627907,0.9575757575757576,0.9593023255813953
primary_45_SurrogateTransfer_randomized_smoothing_C1,45,SurrogateTransfer,randomized_smoothing,C1,8,79,0,414,7,0.986,1.0,0.9186046511627907,0.9575757575757576,0.9593023255813953
primary_45_SurrogateTransfer_randomized_smoothing_C1,45,SurrogateTransfer,randomized_smoothing,C1,9,83,0,414,3,0.994,1.0,0.9651162790697675,0.9822485207100593,0.9825581395348837
primary_45_SurrogateTransfer_randomized_smoothing_C1,45,SurrogateTransfer,randomized_smoothing,C1,10,80,0,414,6,0.988,1.0,0.9302325581395349,0.963855421686747,0.9651162790697674
primary_45_SurrogateTransfer_randomized_smoothing_C1,45,SurrogateTransfer,randomized_smoothing,C1,11,80,0,414,6,0.988,1.0,0.9302325581395349,0.963855421686747,0.9651162790697674
primary_45_SurrogateTransfer_randomized_smoothing_C1,45,SurrogateTransfer,randomized_smoothing,C1,12,83,0,414,3,0.994,1.0,0.9651162790697675,0.9822485207100593,0.9825581395348837
primary_45_SurrogateTransfer_randomized_smoothing_C1,45,SurrogateTransfer,randomized_smoothing,C1,13,84,0,414,2,0.996,1.0,0.9767441860465116,0.988235294117647,0.9883720930232558
primary_45_SurrogateTransfer_randomized_smoothing_C1,45,SurrogateTransfer,randomized_smoothing,C1,14,84,1,413,2,0.994,0.9882352941176471,0.9767441860465116,0.9824561403508771,0.9871643635546568
primary_45_SurrogateTransfer_randomized_smoothing_C1,45,SurrogateTransfer,randomized_smoothing,C1,15,83,0,414,3,0.994,1.0,0.9651162790697675,0.9822485207100593,0.9825581395348837
primary_45_SurrogateTransfer_randomized_smoothing_C1,45,SurrogateTransfer,randomized_smoothing,C1,16,78,1,413,8,0.982,0.9873417721518988,0.9069767441860465,0.9454545454545454,0.9522806426244241
primary_45_SurrogateTransfer_randomized_smoothing_C1,45,SurrogateTransfer,randomized_smoothing,C1,17,83,0,415,2,0.996,1.0,0.9764705882352941,0.988095238095238,0.9882352941176471
primary_45_SurrogateTransfer_randomized_smoothing_C1,45,SurrogateTransfer,randomized_smoothing,C1,18,79,0,415,6,0.988,1.0,0.9294117647058824,0.9634146341463414,0.9647058823529412
primary_45_SurrogateTransfer_randomized_smoothing_C1,45,SurrogateTransfer,randomized_smoothing,C1,19,83,0,415,2,0.996,1.0,0.9764705882352941,0.988095238095238,0.9882352941176471
primary_45_SurrogateTransfer_randomized_smoothing_C1,45,SurrogateTransfer,randomized_smoothing,C1,20,75,1,414,10,0.978,0.9868421052631579,0.8823529411764706,0.9316770186335402,0.9399716513111269
primary_45_SurrogateTransfer_randomized_smoothing_C1,45,SurrogateTransfer,randomized_smoothing,C1,21,75,1,414,10,0.978,0.9868421052631579,0.8823529411764706,0.9316770186335402,0.9399716513111269
primary_45_SurrogateTransfer_randomized_smoothing_C1,45,SurrogateTransfer,randomized_smoothing,C1,22,77,0,415,8,0.984,1.0,0.9058823529411765,0.9506172839506173,0.9529411764705882
primary_45_SurrogateTransfer_randomized_smoothing_C1,45,SurrogateTransfer,randomized_smoothing,C1,23,81,0,415,4,0.992,1.0,0.9529411764705882,0.9759036144578312,0.9764705882352941
primary_45_SurrogateTransfer_randomized_smoothing_C1,45,SurrogateTransfer,randomized_smoothing,C1,24,80,0,415,5,0.99,1.0,0.9411764705882353,0.9696969696969697,0.9705882352941176
primary_45_SurrogateTransfer_randomized_smoothing_C1,45,SurrogateTransfer,randomized_smoothing,C1,25,77,0,415,8,0.984,1.0,0.9058823529411765,0.9506172839506173,0.9529411764705882
primary_45_SurrogateTransfer_randomized_smoothing_C1,45,SurrogateTransfer,randomized_smoothing,C1,26,77,0,415,8,0.984,1.0,0.9058823529411765,0.9506172839506173,0.9529411764705882
primary_45_SurrogateTransfer_randomized_smoothing_C1,45,SurrogateTransfer,randomized_smoothing,C1,27,77,0,415,8,0.984,1.0,0.9058823529411765,0.9506172839506173,0.9529411764705882
primary_45_SurrogateTransfer_randomized_smoothing_C1,45,SurrogateTransfer,randomized_smoothing,C1,28,79,0,415,6,0.988,1.0,0.9294117647058824,0.9634146341463414,0.9647058823529412
primary_45_SurrogateTransfer_randomized_smoothing_C1,45,SurrogateTransfer,randomized_smoothing,C1,29,80,0,415,5,0.99,1.0,0.9411764705882353,0.9696969696969697,0.9705882352941176
primary_45_SurrogateTransfer_randomized_smoothing_C1,45,SurrogateTransfer,randomized_smoothing,C1,30,79,0,415,6,0.988,1.0,0.9294117647058824,0.9634146341463414,0.9647058823529412
primary_45_SurrogateTransfer_randomized_smoothing_C1,45,SurrogateTransfer,randomized_smoothing,C1,31,78,1,414,7,0.984,0.9873417721518988,0.9176470588235294,0.9512195121951219,0.9576187101346563
primary_45_SurrogateTransfer_randomized_smoothing_C1,45,SurrogateTransfer,randomized_smoothing,C1,32,80,0,415,5,0.99,1.0,0.9411764705882353,0.9696969696969697,0.9705882352941176
primary_45_SurrogateTransfer_randomized_smoothing_C1,45,SurrogateTransfer,randomized_smoothing,C1,33,81,0,415,4,0.992,1.0,0.9529411764705882,0.9759036144578312,0.9764705882352941
primary_45_SurrogateTransfer_randomized_smoothing_C1,45,SurrogateTransfer,randomized_smoothing,C1,34,79,1,414,6,0.986,0.9875,0.9294117647058824,0.9575757575757576,0.9635010630758327
primary_45_SurrogateTransfer_randomized_smoothing_C1,45,SurrogateTransfer,randomized_smoothing,C1,35,75,0,415,10,0.98,1.0,0.8823529411764706,0.9375,0.9411764705882353
primary_45_SurrogateTransfer_randomized_smoothing_C1,45,SurrogateTransfer,randomized_smoothing,C1,36,79,0,415,6,0.988,1.0,0.9294117647058824,0.9634146341463414,0.9647058823529412
primary_45_SurrogateTransfer_randomized_smoothing_C1,45,SurrogateTransfer,randomized_smoothing,C1,37,81,1,414,4,0.99,0.9878048780487805,0.9529411764705882,0.9700598802395209,0.9752657689581856
primary_45_SurrogateTransfer_randomized_smoothing_C1,45,SurrogateTransfer,randomized_smoothing,C1,38,81,0,415,4,0.992,1.0,0.9529411764705882,0.9759036144578312,0.9764705882352941
primary_45_SurrogateTransfer_randomized_smoothing_C1,45,SurrogateTransfer,randomized_smoothing,C1,39,81,0,415,4,0.992,1.0,0.9529411764705882,0.9759036144578312,0.9764705882352941
primary_45_SurrogateTransfer_randomized_smoothing_C1,45,SurrogateTransfer,randomized_smoothing,C1,40,82,0,415,3,0.994,1.0,0.9647058823529412,0.9820359281437125,0.9823529411764707
primary_45_SurrogateTransfer_randomized_smoothing_C1,45,SurrogateTransfer,randomized_smoothing,C1,41,82,0,415,3,0.994,1.0,0.9647058823529412,0.9820359281437125,0.9823529411764707
primary_45_SurrogateTransfer_randomized_smoothing_C1,45,SurrogateTransfer,randomized_smoothing,C1,42,81,0,415,4,0.992,1.0,0.9529411764705882,0.9759036144578312,0.9764705882352941
primary_45_SurrogateTransfer_randomized_smoothing_C1,45,SurrogateTransfer,randomized_smoothing,C1,43,78,1,414,7,0.984,0.9873417721518988,0.9176470588235294,0.9512195121951219,0.9576187101346563
primary_45_SurrogateTransfer_randomized_smoothing_C1,45,SurrogateTransfer,randomized_smoothing,C1,44,79,0,415,6,0.988,1.0,0.9294117647058824,0.9634146341463414,0.9647058823529412
primary_45_SurrogateTransfer_randomized_smoothing_C1,45,SurrogateTransfer,randomized_smoothing,C1,45,81,1,414,4,0.99,0.9878048780487805,0.9529411764705882,0.9700598802395209,0.9752657689581856
primary_45_SurrogateTransfer_randomized_smoothing_C1,45,SurrogateTransfer,randomized_smoothing,C1,46,81,1,414,4,0.99,0.9878048780487805,0.9529411764705882,0.9700598802395209,0.9752657689581856
primary_45_SurrogateTransfer_randomized_smoothing_C1,45,SurrogateTransfer,randomized_smoothing,C1,47,76,0,415,9,0.982,1.0,0.8941176470588236,0.9440993788819877,0.9470588235294117
primary_45_SurrogateTransfer_randomized_smoothing_C1,45,SurrogateTransfer,randomized_smoothing,C1,48,81,0,415,4,0.992,1.0,0.9529411764705882,0.9759036144578312,0.9764705882352941
primary_45_SurrogateTransfer_randomized_smoothing_C1,45,SurrogateTransfer,randomized_smoothing,C1,49,77,1,414,8,0.982,0.9871794871794872,0.9058823529411765,0.9447852760736197,0.9517363571934798
primary_45_SurrogateTransfer_randomized_smoothing_C1,45,SurrogateTransfer,randomized_smoothing,C1,50,81,0,415,4,0.992,1.0,0.9529411764705882,0.9759036144578312,0.9764705882352941
primary_45_SurrogateTransfer_randomized_smoothing_C1,45,SurrogateTransfer,randomized_smoothing,C1,51,80,2,413,5,0.986,0.975609756097561,0.9411764705882353,0.9580838323353293,0.9681785967399008
primary_45_SurrogateTransfer_randomized_smoothing_C1,45,SurrogateTransfer,randomized_smoothing,C1,52,80,0,415,5,0.99,1.0,0.9411764705882353,0.9696969696969697,0.9705882352941176
primary_45_SurrogateTransfer_randomized_smoothing_C1,45,SurrogateTransfer,randomized_smoothing,C1,53,77,1,414,8,0.982,0.9871794871794872,0.9058823529411765,0.9447852760736197,0.9517363571934798
primary_45_SurrogateTransfer_randomized_smoothing_C1,45,SurrogateTransfer,randomized_smoothing,C1,54,82,0,415,3,0.994,1.0,0.9647058823529412,0.9820359281437125,0.9823529411764707
primary_45_SurrogateTransfer_randomized_smoothing_C1,45,SurrogateTransfer,randomized_smoothing,C1,55,78,0,415,7,0.986,1.0,0.9176470588235294,0.9570552147239264,0.9588235294117646
primary_45_SurrogateTransfer_randomized_smoothing_C1,45,SurrogateTransfer,randomized_smoothing,C1,56,78,0,415,7,0.986,1.0,0.9176470588235294,0.9570552147239264,0.9588235294117646
primary_45_SurrogateTransfer_randomized_smoothing_C1,45,SurrogateTransfer,randomized_smoothing,C1,57,81,0,415,4,0.992,1.0,0.9529411764705882,0.9759036144578312,0.9764705882352941
primary_45_SurrogateTransfer_randomized_smoothing_C1,45,SurrogateTransfer,randomized_smoothing,C1,58,82,2,413,3,0.99,0.9761904761904762,0.9647058823529412,0.9704142011834319,0.9799433026222537
primary_45_SurrogateTransfer_randomized_smoothing_C1,45,SurrogateTransfer,randomized_smoothing,C1,59,78,0,415,7,0.986,1.0,0.9176470588235294,0.9570552147239264,0.9588235294117646
primary_45_SurrogateTransfer_randomized_smoothing_C1,45,SurrogateTransfer,randomized_smoothing,C1,60,81,0,415,4,0.992,1.0,0.9529411764705882,0.9759036144578312,0.9764705882352941
primary_45_SurrogateTransfer_randomized_smoothing_C1,45,SurrogateTransfer,randomized_smoothing,C1,61,77,0,415,8,0.984,1.0,0.9058823529411765,0.9506172839506173,0.9529411764705882
primary_45_SurrogateTransfer_randomized_smoothing_C1,45,SurrogateTransfer,randomized_smoothing,C1,62,81,0,415,4,0.992,1.0,0.9529411764705882,0.9759036144578312,0.9764705882352941
primary_45_SurrogateTransfer_randomized_smoothing_C1,45,SurrogateTransfer,randomized_smoothing,C1,63,77,0,415,8,0.984,1.0,0.9058823529411765,0.9506172839506173,0.9529411764705882
primary_45_SurrogateTransfer_randomized_smoothing_C1,45,SurrogateTransfer,randomized_smoothing,C1,64,77,0,415,8,0.984,1.0,0.9058823529411765,0.9506172839506173,0.9529411764705882
primary_45_SurrogateTransfer_randomized_smoothing_C1,45,SurrogateTransfer,randomized_smoothing,C1,65,78,0,415,7,0.986,1.0,0.9176470588235294,0.9570552147239264,0.9588235294117646
primary_45_SurrogateTransfer_randomized_smoothing_C1,45,SurrogateTransfer,randomized_smoothing,C1,66,80,0,415,5,0.99,1.0,0.9411764705882353,0.9696969696969697,0.9705882352941176
primary_45_SurrogateTransfer_randomized_smoothing_C1,45,SurrogateTransfer,randomized_smoothing,C1,67,81,0,415,4,0.992,1.0,0.9529411764705882,0.9759036144578312,0.9764705882352941
primary_45_SurrogateTransfer_randomized_smoothing_C1,45,SurrogateTransfer,randomized_smoothing,C1,68,79,0,415,6,0.988,1.0,0.9294117647058824,0.9634146341463414,0.9647058823529412
primary_45_SurrogateTransfer_randomized_smoothing_C1,45,SurrogateTransfer,randomized_smoothing,C1,69,80,2,413,5,0.986,0.975609756097561,0.9411764705882353,0.9580838323353293,0.9681785967399008
primary_45_SurrogateTransfer_randomized_smoothing_C1,45,SurrogateTransfer,randomized_smoothing,C1,70,82,0,415,3,0.994,1.0,0.9647058823529412,0.9820359281437125,0.9823529411764707
primary_45_SurrogateTransfer_randomized_smoothing_C1,45,SurrogateTransfer,randomized_smoothing,C1,71,77,0,415,8,0.984,1.0,0.9058823529411765,0.9506172839506173,0.9529411764705882
primary_45_SurrogateTransfer_randomized_smoothing_C1,45,SurrogateTransfer,randomized_smoothing,C1,72,78,0,415,7,0.986,1.0,0.9176470588235294,0.9570552147239264,0.9588235294117646
primary_45_SurrogateTransfer_randomized_smoothing_C1,45,SurrogateTransfer,randomized_smoothing,C1,73,77,1,414,8,0.982,0.9871794871794872,0.9058823529411765,0.9447852760736197,0.9517363571934798
primary_45_SurrogateTransfer_randomized_smoothing_C1,45,SurrogateTransfer,randomized_smoothing,C1,74,82,0,415,3,0.994,1.0,0.9647058823529412,0.9820359281437125,0.9823529411764707
primary_45_SurrogateTransfer_randomized_smoothing_C1,45,SurrogateTransfer,randomized_smoothing,C1,75,78,0,415,7,0.986,1.0,0.9176470588235294,0.9570552147239264,0.9588235294117646
primary_45_SurrogateTransfer_randomized_smoothing_C1,45,SurrogateTransfer,randomized_smoothing,C1,76,82,1,414,3,0.992,0.9879518072289156,0.9647058823529412,0.9761904761904762,0.9811481218993622
primary_45_SurrogateTransfer_randomized_smoothing_C1,45,SurrogateTransfer,randomized_smoothing,C1,77,80,0,415,5,0.99,1.0,0.9411764705882353,0.9696969696969697,0.9705882352941176
primary_45_SurrogateTransfer_randomized_smoothing_C1,45,SurrogateTransfer,randomized_smoothing,C1,78,83,0,415,2,0.996,1.0,0.9764705882352941,0.988095238095238,0.9882352941176471
primary_45_SurrogateTransfer_randomized_smoothing_C1,45,SurrogateTransfer,randomized_smoothing,C1,79,81,0,415,4,0.992,1.0,0.9529411764705882,0.9759036144578312,0.9764705882352941
primary_45_SurrogateTransfer_randomized_smoothing_C1,45,SurrogateTransfer,randomized_smoothing,C1,80,79,0,415,6,0.988,1.0,0.9294117647058824,0.9634146341463414,0.9647058823529412
primary_45_SurrogateTransfer_randomized_smoothing_C1,45,SurrogateTransfer,randomized_smoothing,C1,81,76,0,415,9,0.982,1.0,0.8941176470588236,0.9440993788819877,0.9470588235294117
primary_45_SurrogateTransfer_randomized_smoothing_C1,45,SurrogateTransfer,randomized_smoothing,C1,82,80,0,415,5,0.99,1.0,0.9411764705882353,0.9696969696969697,0.9705882352941176
primary_45_SurrogateTransfer_randomized_smoothing_C1,45,SurrogateTransfer,randomized_smoothing,C1,83,78,0,415,7,0.986,1.0,0.9176470588235294,0.9570552147239264,0.9588235294117646
primary_45_SurrogateTransfer_randomized_smoothing_C1,45,SurrogateTransfer,randomized_smoothing,C1,84,79,0,415,6,0.988,1.0,0.9294117647058824,0.9634146341463414,0.9647058823529412
primary_45_SurrogateTransfer_randomized_smoothing_C1,45,SurrogateTransfer,randomized_smoothing,C1,85,82,2,413,3,0.99,0.9761904761904762,0.9647058823529412,0.9704142011834319,0.9799433026222537
primary_45_SurrogateTransfer_randomized_smoothing_C1,45,SurrogateTransfer,randomized_smoothing,C1,86,76,2,413,9,0.978,0.9743589743589743,0.8941176470588236,0.9325153374233129,0.9446491849751949
primary_45_SurrogateTransfer_randomized_smoothing_C1,45,SurrogateTransfer,randomized_smoothing,C1,87,78,0,415,7,0.986,1.0,0.9176470588235294,0.9570552147239264,0.9588235294117646
primary_45_SurrogateTransfer_randomized_smoothing_C1,45,SurrogateTransfer,randomized_smoothing,C1,88,81,0,415,4,0.992,1.0,0.9529411764705882,0.9759036144578312,0.9764705882352941
primary_45_SurrogateTransfer_randomized_smoothing_C1,45,SurrogateTransfer,randomized_smoothing,C1,89,79,1,414,6,0.986,0.9875,0.9294117647058824,0.9575757575757576,0.9635010630758327
primary_45_SurrogateTransfer_randomized_smoothing_C1,45,SurrogateTransfer,randomized_smoothing,C1,90,82,1,414,3,0.992,0.9879518072289156,0.9647058823529412,0.9761904761904762,0.9811481218993622
primary_45_SurrogateTransfer_randomized_smoothing_C1,45,SurrogateTransfer,randomized_smoothing,C1,91,80,2,413,5,0.986,0.975609756097561,0.9411764705882353,0.9580838323353293,0.9681785967399008
primary_45_SurrogateTransfer_randomized_smoothing_C1,45,SurrogateTransfer,randomized_smoothing,C1,92,80,0,415,5,0.99,1.0,0.9411764705882353,0.9696969696969697,0.9705882352941176
primary_45_SurrogateTransfer_randomized_smoothing_C1,45,SurrogateTransfer,randomized_smoothing,C1,93,79,0,415,6,0.988,1.0,0.9294117647058824,0.9634146341463414,0.9647058823529412
primary_45_SurrogateTransfer_randomized_smoothing_C1,45,SurrogateTransfer,randomized_smoothing,C1,94,82,0,415,3,0.994,1.0,0.9647058823529412,0.9820359281437125,0.9823529411764707
primary_45_SurrogateTransfer_randomized_smoothing_C1,45,SurrogateTransfer,randomized_smoothing,C1,95,82,1,414,3,0.992,0.9879518072289156,0.9647058823529412,0.9761904761904762,0.9811481218993622
primary_45_SurrogateTransfer_randomized_smoothing_C1,45,SurrogateTransfer,randomized_smoothing,C1,96,84,0,415,1,0.998,1.0,0.9882352941176471,0.9940828402366864,0.9941176470588236
primary_45_SurrogateTransfer_randomized_smoothing_C1,45,SurrogateTransfer,randomized_smoothing,C1,97,76,1,414,9,0.98,0.987012987012987,0.8941176470588236,0.9382716049382716,0.9458540042523034
primary_45_SurrogateTransfer_randomized_smoothing_C1,45,SurrogateTransfer,randomized_smoothing,C1,98,80,0,415,5,0.99,1.0,0.9411764705882353,0.9696969696969697,0.9705882352941176
primary_45_SurrogateTransfer_randomized_smoothing_C1,45,SurrogateTransfer,randomized_smoothing,C1,99,82,0,415,3,0.994,1.0,0.9647058823529412,0.9820359281437125,0.9823529411764707
primary_45_SurrogateTransfer_randomized_smoothing_C1,45,SurrogateTransfer,randomized_smoothing,C1,100,81,1,414,4,0.99,0.9878048780487805,0.9529411764705882,0.9700598802395209,0.9752657689581856
primary_45_SurrogateTransfer_randomized_smoothing_C1,45,SurrogateTransfer,randomized_smoothing,C1,101,81,0,415,4,0.992,1.0,0.9529411764705882,0.9759036144578312,0.9764705882352941
primary_45_SurrogateTransfer_randomized_smoothing_C1,45,SurrogateTransfer,randomized_smoothing,C1,102,82,0,415,3,0.994,1.0,0.9647058823529412,0.9820359281437125,0.9823529411764707
primary_45_SurrogateTransfer_randomized_smoothing_C1,45,SurrogateTransfer,randomized_smoothing,C1,103,81,0,415,4,0.992,1.0,0.9529411764705882,0.9759036144578312,0.9764705882352941
primary_45_SurrogateTransfer_randomized_smoothing_C1,45,SurrogateTransfer,randomized_smoothing,C1,104,82,0,415,3,0.994,1.0,0.9647058823529412,0.9820359281437125,0.9823529411764707
primary_45_SurrogateTransfer_randomized_smoothing_C1,45,SurrogateTransfer,randomized_smoothing,C1,105,82,0,415,3,0.994,1.0,0.9647058823529412,0.9820359281437125,0.9823529411764707
primary_45_SurrogateTransfer_randomized_smoothing_C1,45,SurrogateTransfer,randomized_smoothing,C1,106,79,0,415,6,0.988,1.0,0.9294117647058824,0.9634146341463414,0.9647058823529412
primary_45_SurrogateTransfer_randomized_smoothing_C1,45,SurrogateTransfer,randomized_smoothing,C1,107,79,0,415,6,0.988,1.0,0.9294117647058824,0.9634146341463414,0.9647058823529412
primary_45_SurrogateTransfer_randomized_smoothing_C1,45,SurrogateTransfer,randomized_smoothing,C1,108,81,0,415,4,0.992,1.0,0.9529411764705882,0.9759036144578312,0.9764705882352941
primary_45_SurrogateTransfer_randomized_smoothing_C1,45,SurrogateTransfer,randomized_smoothing,C1,109,78,0,415,7,0.986,1.0,0.9176470588235294,0.9570552147239264,0.9588235294117646
primary_45_SurrogateTransfer_randomized_smoothing_C1,45,SurrogateTransfer,randomized_smoothing,C1,110,78,1,414,7,0.984,0.9873417721518988,0.9176470588235294,0.9512195121951219,0.9576187101346563
primary_45_SurrogateTransfer_randomized_smoothing_C1,45,SurrogateTransfer,randomized_smoothing,C1,111,84,1,414,1,0.996,0.9882352941176471,0.9882352941176471,0.9882352941176471,0.9929128277817152
primary_45_SurrogateTransfer_randomized_smoothing_C1,45,SurrogateTransfer,randomized_smoothing,C1,112,81,1,414,4,0.99,0.9878048780487805,0.9529411764705882,0.9700598802395209,0.9752657689581856
primary_45_SurrogateTransfer_randomized_smoothing_C1,45,SurrogateTransfer,randomized_smoothing,C1,113,79,1,414,6,0.986,0.9875,0.9294117647058824,0.9575757575757576,0.9635010630758327
primary_45_SurrogateTransfer_randomized_smoothing_C1,45,SurrogateTransfer,randomized_smoothing,C1,114,80,0,415,5,0.99,1.0,0.9411764705882353,0.9696969696969697,0.9705882352941176
primary_45_SurrogateTransfer_randomized_smoothing_C1,45,SurrogateTransfer,randomized_smoothing,C1,115,78,0,415,7,0.986,1.0,0.9176470588235294,0.9570552147239264,0.9588235294117646
primary_45_SurrogateTransfer_randomized_smoothing_C1,45,SurrogateTransfer,randomized_smoothing,C1,116,78,1,414,7,0.984,0.9873417721518988,0.9176470588235294,0.9512195121951219,0.9576187101346563
primary_45_SurrogateTransfer_randomized_smoothing_C1,45,SurrogateTransfer,randomized_smoothing,C1,117,80,0,415,5,0.99,1.0,0.9411764705882353,0.9696969696969697,0.9705882352941176
primary_45_SurrogateTransfer_randomized_smoothing_C1,45,SurrogateTransfer,randomized_smoothing,C1,118,78,1,414,7,0.984,0.9873417721518988,0.9176470588235294,0.9512195121951219,0.9576187101346563
primary_45_SurrogateTransfer_randomized_smoothing_C1,45,SurrogateTransfer,randomized_smoothing,C1,119,80,0,415,5,0.99,1.0,0.9411764705882353,0.9696969696969697,0.9705882352941176
primary_45_SurrogateTransfer_randomized_smoothing_C1,45,SurrogateTransfer,randomized_smoothing,C1,120,82,0,415,3,0.994,1.0,0.9647058823529412,0.9820359281437125,0.9823529411764707
primary_45_SurrogateTransfer_randomized_smoothing_C1,45,SurrogateTransfer,randomized_smoothing,C1,121,81,0,415,4,0.992,1.0,0.9529411764705882,0.9759036144578312,0.9764705882352941
primary_45_SurrogateTransfer_randomized_smoothing_C1,45,SurrogateTransfer,randomized_smoothing,C1,122,80,0,415,5,0.99,1.0,0.9411764705882353,0.9696969696969697,0.9705882352941176
primary_45_SurrogateTransfer_randomized_smoothing_C1,45,SurrogateTransfer,randomized_smoothing,C1,123,76,0,415,9,0.982,1.0,0.8941176470588236,0.9440993788819877,0.9470588235294117
primary_45_SurrogateTransfer_randomized_smoothing_C1,45,SurrogateTransfer,randomized_smoothing,C1,124,80,1,414,5,0.988,0.9876543209876543,0.9411764705882353,0.963855421686747,0.9693834160170092
primary_45_SurrogateTransfer_randomized_smoothing_C1,45,SurrogateTransfer,randomized_smoothing,C1,125,82,2,413,3,0.99,0.9761904761904762,0.9647058823529412,0.9704142011834319,0.9799433026222537
primary_45_SurrogateTransfer_randomized_smoothing_C1,45,SurrogateTransfer,randomized_smoothing,C1,126,83,0,415,2,0.996,1.0,0.9764705882352941,0.988095238095238,0.9882352941176471
primary_45_SurrogateTransfer_randomized_smoothing_C1,45,SurrogateTransfer,randomized_smoothing,C1,127,77,0,415,8,0.984,1.0,0.9058823529411765,0.9506172839506173,0.9529411764705882
primary_45_SurrogateTransfer_randomized_smoothing_C1,45,SurrogateTransfer,randomized_smoothing,C1,128,83,0,415,2,0.996,1.0,0.9764705882352941,0.988095238095238,0.9882352941176471
primary_45_SurrogateTransfer_randomized_smoothing_C1,45,SurrogateTransfer,randomized_smoothing,C1,129,79,0,415,6,0.988,1.0,0.9294117647058824,0.9634146341463414,0.9647058823529412
primary_45_SurrogateTransfer_randomized_smoothing_C1,45,SurrogateTransfer,randomized_smoothing,C1,130,83,0,415,2,0.996,1.0,0.9764705882352941,0.988095238095238,0.9882352941176471
primary_45_SurrogateTransfer_randomized_smoothing_C1,45,SurrogateTransfer,randomized_smoothing,C1,131,80,1,414,5,0.988,0.9876543209876543,0.9411764705882353,0.963855421686747,0.9693834160170092
primary_45_SurrogateTransfer_randomized_smoothing_C1,45,SurrogateTransfer,randomized_smoothing,C1,132,78,0,415,7,0.986,1.0,0.9176470588235294,0.9570552147239264,0.9588235294117646
primary_45_SurrogateTransfer_randomized_smoothing_C1,45,SurrogateTransfer,randomized_smoothing,C1,133,81,1,414,4,0.99,0.9878048780487805,0.9529411764705882,0.9700598802395209,0.9752657689581856
primary_45_SurrogateTransfer_randomized_smoothing_C1,45,SurrogateTransfer,randomized_smoothing,C1,134,78,0,415,7,0.986,1.0,0.9176470588235294,0.9570552147239264,0.9588235294117646
primary_45_SurrogateTransfer_randomized_smoothing_C1,45,SurrogateTransfer,randomized_smoothing,C1,135,83,0,415,2,0.996,1.0,0.9764705882352941,0.988095238095238,0.9882352941176471
primary_45_SurrogateTransfer_randomized_smoothing_C1,45,SurrogateTransfer,randomized_smoothing,C1,136,82,0,415,3,0.994,1.0,0.9647058823529412,0.9820359281437125,0.9823529411764707
primary_45_SurrogateTransfer_randomized_smoothing_C1,45,SurrogateTransfer,randomized_smoothing,C1,137,79,2,413,6,0.984,0.9753086419753086,0.9294117647058824,0.9518072289156626,0.9622962437987244
primary_45_SurrogateTransfer_randomized_smoothing_C1,45,SurrogateTransfer,randomized_smoothing,C1,138,82,0,415,3,0.994,1.0,0.9647058823529412,0.9820359281437125,0.9823529411764707
primary_45_SurrogateTransfer_randomized_smoothing_C1,45,SurrogateTransfer,randomized_smoothing,C1,139,78,1,414,7,0.984,0.9873417721518988,0.9176470588235294,0.9512195121951219,0.9576187101346563
primary_45_SurrogateTransfer_randomized_smoothing_C1,45,SurrogateTransfer,randomized_smoothing,C1,140,79,0,415,6,0.988,1.0,0.9294117647058824,0.9634146341463414,0.9647058823529412
primary_45_SurrogateTransfer_randomized_smoothing_C1,45,SurrogateTransfer,randomized_smoothing,C1,141,78,0,415,7,0.986,1.0,0.9176470588235294,0.9570552147239264,0.9588235294117646
primary_45_SurrogateTransfer_randomized_smoothing_C1,45,SurrogateTransfer,randomized_smoothing,C1,142,84,0,415,1,0.998,1.0,0.9882352941176471,0.9940828402366864,0.9941176470588236
primary_45_SurrogateTransfer_randomized_smoothing_C1,45,SurrogateTransfer,randomized_smoothing,C1,143,81,0,415,4,0.992,1.0,0.9529411764705882,0.9759036144578312,0.9764705882352941
primary_45_DecisionBoundary_afp_Base,45,DecisionBoundary,afp,Base,0,68,0,414,18,0.964,1.0,0.7906976744186046,0.8831168831168831,0.8953488372093024
primary_45_DecisionBoundary_afp_Base,45,DecisionBoundary,afp,Base,1,67,0,414,19,0.962,1.0,0.7790697674418605,0.8758169934640523,0.8895348837209303
primary_45_DecisionBoundary_afp_Base,45,DecisionBoundary,afp,Base,2,73,1,413,13,0.972,0.9864864864864865,0.8488372093023255,0.9125,0.9232108751825637
primary_45_DecisionBoundary_afp_Base,45,DecisionBoundary,afp,Base,3,63,0,414,23,0.954,1.0,0.7325581395348837,0.8456375838926175,0.8662790697674418
primary_45_DecisionBoundary_afp_Base,45,DecisionBoundary,afp,Base,4,74,0,414,12,0.976,1.0,0.8604651162790697,0.9249999999999999,0.9302325581395349
primary_45_DecisionBoundary_afp_Base,45,DecisionBoundary,afp,Base,5,71,0,414,15,0.97,1.0,0.8255813953488372,0.9044585987261146,0.9127906976744187
primary_45_DecisionBoundary_afp_Base,45,DecisionBoundary,afp,Base,6,72,0,414,14,0.972,1.0,0.8372093023255814,0.9113924050632911,0.9186046511627908
primary_45_DecisionBoundary_afp_Base,45,DecisionBoundary,afp,Base,7,70,0,414,16,0.968,1.0,0.813953488372093,0.8974358974358974,0.9069767441860466
primary_45_DecisionBoundary_afp_Base,45,DecisionBoundary,afp,Base,8,64,0,414,22,0.956,1.0,0.7441860465116279,0.8533333333333333,0.872093023255814
primary_45_DecisionBoundary_afp_Base,45,DecisionBoundary,afp,Base,9,69,0,414,17,0.966,1.0,0.8023255813953488,0.8903225806451612,0.9011627906976745
primary_45_DecisionBoundary_afp_Base,45,DecisionBoundary,afp,Base,10,69,0,414,17,0.966,1.0,0.8023255813953488,0.8903225806451612,0.9011627906976745
primary_45_DecisionBoundary_afp_Base,45,DecisionBoundary,afp,Base,11,70,0,414,16,0.968,1.0,0.813953488372093,0.8974358974358974,0.9069767441860466
primary_45_DecisionBoundary_afp_Base,45,DecisionBoundary,afp,Base,12,73,0,414,13,0.974,1.0,0.8488372093023255,0.9182389937106918,0.9244186046511628
primary_45_DecisionBoundary_afp_Base,45,DecisionBoundary,afp,Base,13,76,0,414,10,0.98,1.0,0.8837209302325582,0.9382716049382717,0.9418604651162791
primary_45_DecisionBoundary_afp_Base,45,DecisionBoundary,afp,Base,14,72,0,414,14,0.972,1.0,0.8372093023255814,0.9113924050632911,0.9186046511627908
primary_45_DecisionBoundary_afp_Base,45,DecisionBoundary,afp,Base,15,69,0,414,17,0.966,1.0,0.8023255813953488,0.8903225806451612,0.9011627906976745
primary_45_DecisionBoundary_afp_Base,45,DecisionBoundary,afp,Base,16,68,1,413,18,0.962,0.9855072463768116,0.7906976744186046,0.8774193548387097,0.8941411077407033
primary_45_DecisionBoundary_afp_Base,45,DecisionBoundary,afp,Base,17,77,0,415,8,0.984,1.0,0.9058823529411765,0.9506172839506173,0.9529411764705882
primary_45_DecisionBoundary_afp_Base,45,DecisionBoundary,afp,Base,18,70,0,415,15,0.97,1.0,0.8235294117647058,0.9032258064516129,0.9117647058823529
primary_45_DecisionBoundary_afp_Base,45,DecisionBoundary,afp,Base,19,74,0,415,11,0.978,1.0,0.8705882352941177,0.9308176100628931,0.9352941176470588
primary_45_DecisionBoundary_afp_Base,45,DecisionBoundary,afp,Base,20,64,0,415,21,0.958,1.0,0.7529411764705882,0.8590604026845637,0.8764705882352941
primary_45_DecisionBoundary_afp_Base,45,DecisionBoundary,afp,Base,21,62,1,414,23,0.952,0.9841269841269841,0.7294117647058823,0.8378378378378377,0.8635010630758327
primary_45_DecisionBoundary_afp_Base,45,DecisionBoundary,afp,Base,22,67,0,415,18,0.964,1.0,0.788235294117647,0.8815789473684211,0.8941176470588235
primary_45_DecisionBoundary_afp_Base,45,DecisionBoundary,afp,Base,23,69,0,415,16,0.968,1.0,0.8117647058823529,0.8961038961038961,0.9058823529411765
primary_45_DecisionBoundary_afp_Base,45,DecisionBoundary,afp,Base,24,66,0,415,19,0.962,1.0,0.7764705882352941,0.8741721854304636,0.888235294117647
primary_45_DecisionBoundary_afp_Base,45,DecisionBoundary,afp,Base,25,69,0,415,16,0.968,1.0,0.8117647058823529,0.8961038961038961,0.9058823529411765
primary_45_DecisionBoundary_afp_Base,45,DecisionBoundary,afp,Base,26,61,0,415,24,0.952,1.0,0.7176470588235294,0.8356164383561643,0.8588235294117648
primary_45_DecisionBoundary_afp_Base,45,DecisionBoundary,afp,Base,27,65,0,415,20,0.96,1.0,0.7647058823529411,0.8666666666666666,0.8823529411764706
primary_45_DecisionBoundary_afp_Base,45,DecisionBoundary,afp,Base,28,70,0,415,15,0.97,1.0,0.8235294117647058,0.9032258064516129,0.9117647058823529
primary_45_DecisionBoundary_afp_Base,45,DecisionBoundary,afp,Base,29,62,0,415,23,0.954,1.0,0.7294117647058823,0.8435374149659863,0.8647058823529412
primary_45_DecisionBoundary_afp_Base,45,DecisionBoundary,afp,Base,30,66,0,415,19,0.962,1.0,0.7764705882352941,0.8741721854304636,0.888235294117647
primary_45_DecisionBoundary_afp_Base,45,DecisionBoundary,afp,Base,31,65,0,415,20,0.96,1.0,0.7647058823529411,0.8666666666666666,0.8823529411764706
primary_45_DecisionBoundary_afp_Base,45,DecisionBoundary,afp,Base,32,69,0,415,16,0.968,1.0,0.8117647058823529,0.8961038961038961,0.9058823529411765
primary_45_DecisionBoundary_afp_Base,45,DecisionBoundary,afp,Base,33,68,0,415,17,0.966,1.0,0.8,0.888888888888889,0.9
primary_45_DecisionBoundary_afp_Base,45,DecisionBoundary,afp,Base,34,66,0,415,19,0.962,1.0,0.7764705882352941,0.8741721854304636,0.888235294117647
primary_45_DecisionBoundary_afp_Base,45,DecisionBoundary,afp,Base,35,63,0,415,22,0.956,1.0,0.7411764705882353,0.8513513513513514,0.8705882352941177
primary_45_DecisionBoundary_afp_Base,45,DecisionBoundary,afp,Base,36,67,0,415,18,0.964,1.0,0.788235294117647,0.8815789473684211,0.8941176470588235
primary_45_DecisionBoundary_afp_Base,45,DecisionBoundary,afp,Base,37,73,0,415,12,0.976,1.0,0.8588235294117647,0.9240506329113923,0.9294117647058824
primary_45_DecisionBoundary_afp_Base,45,DecisionBoundary,afp,Base,38,70,0,415,15,0.97,1.0,0.8235294117647058,0.9032258064516129,0.9117647058823529
primary_45_DecisionBoundary_afp_Base,45,DecisionBoundary,afp,Base,39,64,0,415,21,0.958,1.0,0.7529411764705882,0.8590604026845637,0.8764705882352941
primary_45_DecisionBoundary_afp_Base,45,DecisionBoundary,afp,Base,40,75,0,415,10,0.98,1.0,0.8823529411764706,0.9375,0.9411764705882353
primary_45_DecisionBoundary_afp_Base,45,DecisionBoundary,afp,Base,41,70,0,415,15,0.97,1.0,0.8235294117647058,0.9032258064516129,0.9117647058823529
primary_45_DecisionBoundary_afp_Base,45,DecisionBoundary,afp,Base,42,68,0,415,17,0.966,1.0,0.8,0.888888888888889,0.9
primary_45_DecisionBoundary_afp_Base,45,DecisionBoundary,afp,Base,43,65,0,415,20,0.96,1.0,0.7647058823529411,0.8666666666666666,0.8823529411764706
primary_45_DecisionBoundary_afp_Base,45,DecisionBoundary,afp,Base,44,64,0,415,21,0.958,1.0,0.7529411764705882,0.8590604026845637,0.8764705882352941
primary_45_DecisionBoundary_afp_Base,45,DecisionBoundary,afp,Base,45,66,0,415,19,0.962,1.0,0.7764705882352941,0.8741721854304636,0.888235294117647
primary_45_DecisionBoundary_afp_Base,45,DecisionBoundary,afp,Base,46,73,0,415,12,0.976,1.0,0.8588235294117647,0.9240506329113923,0.9294117647058824
primary_45_DecisionBoundary_afp_Base,45,DecisionBoundary,afp,Base,47,66,0,415,19,0.962,1.0,0.7764705882352941,0.8741721854304636,0.888235294117647
primary_45_DecisionBoundary_afp_Base,45,DecisionBoundary,afp,Base,48,70,0,415,15,0.97,1.0,0.8235294117647058,0.9032258064516129,0.9117647058823529
primary_45_DecisionBoundary_afp_Base,45,DecisionBoundary,afp,Base,49,68,1,414,17,0.964,0.9855072463768116,0.8,0.8831168831168831,0.8987951807228916
primary_45_DecisionBoundary_afp_Base,45,DecisionBoundary,afp,Base,50,69,0,415,16,0.968,1.0,0.8117647058823529,0.8961038961038961,0.9058823529411765
primary_45_DecisionBoundary_afp_Base,45,DecisionBoundary,afp,Base,51,70,0,415,15,0.97,1.0,0.8235294117647058,0.9032258064516129,0.9117647058823529
primary_45_DecisionBoundary_afp_Base,45,DecisionBoundary,afp,Base,52,66,0,415,19,0.962,1.0,0.7764705882352941,0.8741721854304636,0.888235294117647
primary_45_DecisionBoundary_afp_Base,45,DecisionBoundary,afp,Base,53,62,0,415,23,0.954,1.0,0.7294117647058823,0.8435374149659863,0.8647058823529412
primary_45_DecisionBoundary_afp_Base,45,DecisionBoundary,afp,Base,54,64,0,415,21,0.958,1.0,0.7529411764705882,0.8590604026845637,0.8764705882352941
primary_45_DecisionBoundary_afp_Base,45,DecisionBoundary,afp,Base,55,64,0,415,21,0.958,1.0,0.7529411764705882,0.8590604026845637,0.8764705882352941
primary_45_DecisionBoundary_afp_Base,45,DecisionBoundary,afp,Base,56,66,0,415,19,0.962,1.0,0.7764705882352941,0.8741721854304636,0.888235294117647
primary_45_DecisionBoundary_afp_Base,45,DecisionBoundary,afp,Base,57,66,0,415,19,0.962,1.0,0.7764705882352941,0.8741721854304636,0.888235294117647
primary_45_DecisionBoundary_afp_Base,45,DecisionBoundary,afp,Base,58,70,1,414,15,0.968,0.9859154929577465,0.8235294117647058,0.8974358974358974,0.9105598866052445
primary_45_DecisionBoundary_afp_Base,45,DecisionBoundary,afp,Base,59,68,0,415,17,0.966,1.0,0.8,0.888888888888889,0.9
primary_45_DecisionBoundary_afp_Base,45,DecisionBoundary,afp,Base,60,63,0,415,22,0.956,1.0,0.7411764705882353,0.8513513513513514,0.8705882352941177
primary_45_DecisionBoundary_afp_Base,45,DecisionBoundary,afp,Base,61,69,0,415,16,0.968,1.0,0.8117647058823529,0.8961038961038961,0.9058823529411765
primary_45_DecisionBoundary_afp_Base,45,DecisionBoundary,afp,Base,62,68,0,415,17,0.966,1.0,0.8,0.888888888888889,0.9
primary_45_DecisionBoundary_afp_Base,45,DecisionBoundary,afp,Base,63,67,0,415,18,0.964,1.0,0.788235294117647,0.8815789473684211,0.8941176470588235
primary_45_DecisionBoundary_afp_Base,45,DecisionBoundary,afp,Base,64,67,0,415,18,0.964,1.0,0.788235294117647,0.8815789473684211,0.8941176470588235
primary_45_DecisionBoundary_afp_Base,45,DecisionBoundary,afp,Base,65,66,0,415,19,0.962,1.0,0.7764705882352941,0.8741721854304636,0.888235294117647
primary_45_DecisionBoundary_afp_Base,45,DecisionBoundary,afp,Base,66,70,0,415,15,0.97,1.0,0.8235294117647058,0.9032258064516129,0.9117647058823529
primary_45_DecisionBoundary_afp_Base,45,DecisionBoundary,afp,Base,67,69,0,415,16,0.968,1.0,0.8117647058823529,0.8961038961038961,0.9058823529411765
primary_45_DecisionBoundary_afp_Base,45,DecisionBoundary,afp,Base,68,66,0,415,19,0.962,1.0,0.7764705882352941,0.8741721854304636,0.888235294117647
primary_45_DecisionBoundary_afp_Base,45,DecisionBoundary,afp,Base,69,66,1,414,19,0.96,0.9850746268656716,0.7764705882352941,0.8684210526315789,0.8870304748405387
primary_45_DecisionBoundary_afp_Base,45,DecisionBoundary,afp,Base,70,70,0,415,15,0.97,1.0,0.8235294117647058,0.9032258064516129,0.9117647058823529
primary_45_DecisionBoundary_afp_Base,45,DecisionBoundary,afp,Base,71,67,0,415,18,0.964,1.0,0.788235294117647,0.8815789473684211,0.8941176470588235
primary_45_DecisionBoundary_afp_Base,45,DecisionBoundary,afp,Base,72,68,0,415,17,0.966,1.0,0.8,0.888888888888889,0.9
primary_45_DecisionBoundary_afp_Base,45,DecisionBoundary,afp,Base,73,67,0,415,18,0.964,1.0,0.788235294117647,0.8815789473684211,0.8941176470588235
primary_45_DecisionBoundary_afp_Base,45,DecisionBoundary,afp,Base,74,73,0,415,12,0.976,1.0,0.8588235294117647,0.9240506329113923,0.9294117647058824
primary_45_DecisionBoundary_afp_Base,45,DecisionBoundary,afp,Base,75,69,0,415,16,0.968,1.0,0.8117647058823529,0.8961038961038961,0.9058823529411765
primary_45_DecisionBoundary_afp_Base,45,DecisionBoundary,afp,Base,76,68,0,415,17,0.966,1.0,0.8,0.888888888888889,0.9
primary_45_DecisionBoundary_afp_Base,45,DecisionBoundary,afp,Base,77,69,0,415,16,0.968,1.0,0.8117647058823529,0.8961038961038961,0.9058823529411765
primary_45_DecisionBoundary_afp_Base,45,DecisionBoundary,afp,Base,78,67,0,415,18,0.964,1.0,0.788235294117647,0.8815789473684211,0.8941176470588235
primary_45_DecisionBoundary_afp_Base,45,DecisionBoundary,afp,Base,79,66,0,415,19,0.962,1.0,0.7764705882352941,0.8741721854304636,0.888235294117647
primary_45_DecisionBoundary_afp_Base,45,DecisionBoundary,afp,Base,80,64,0,415,21,0.958,1.0,0.7529411764705882,0.8590604026845637,0.8764705882352941
primary_45_DecisionBoundary_afp_Base,45,DecisionBoundary,afp,Base,81,64,0,415,21,0.958,1.0,0.7529411764705882,0.8590604026845637,0.8764705882352941
primary_45_DecisionBoundary_afp_Base,45,DecisionBoundary,afp,Base,82,65,0,415,20,0.96,1.0,0.7647058823529411,0.8666666666666666,0.8823529411764706
primary_45_DecisionBoundary_afp_Base,45,DecisionBoundary,afp,Base,83,58,0,415,27,0.946,1.0,0.6823529411764706,0.8111888111888113,0.8411764705882353
primary_45_DecisionBoundary_afp_Base,45,DecisionBoundary,afp,Base,84,72,0,415,13,0.974,1.0,0.8470588235294118,0.9171974522292993,0.9235294117647059
primary_45_DecisionBoundary_afp_Base,45,DecisionBoundary,afp,Base,85,66,0,415,19,0.962,1.0,0.7764705882352941,0.8741721854304636,0.888235294117647
primary_45_DecisionBoundary_afp_Base,45,DecisionBoundary,afp,Base,86,68,1,414,17,0.964,0.9855072463768116,0.8,0.8831168831168831,0.8987951807228916
primary_45_DecisionBoundary_afp_Base,45,DecisionBoundary,afp,Base,87,60,0,415,25,0.95,1.0,0.7058823529411765,0.8275862068965517,0.8529411764705883
primary_45_DecisionBoundary_afp_Base,45,DecisionBoundary,afp,Base,88,64,0,415,21,0.958,1.0,0.7529411764705882,0.8590604026845637,0.8764705882352941
primary_45_DecisionBoundary_afp_Base,45,DecisionBoundary,afp,Base,89,70,0,415,15,0.97,1.0,0.8235294117647058,0.9032258064516129,0.9117647058823529
primary_45_DecisionBoundary_afp_Base,45,DecisionBoundary,afp,Base,90,68,0,415,17,0.966,1.0,0.8,0.888888888888889,0.9
primary_45_DecisionBoundary_afp_Base,45,DecisionBoundary,afp,Base,91,62,0,415,23,0.954,1.0,0.7294117647058823,0.8435374149659863,0.8647058823529412
primary_45_DecisionBoundary_afp_Base,45,DecisionBoundary,afp,Base,92,68,0,415,17,0.966,1.0,0.8,0.888888888888889,0.9
primary_45_DecisionBoundary_afp_Base,45,DecisionBoundary,afp,Base,93,69,0,415,16,0.968,1.0,0.8117647058823529,0.8961038961038961,0.9058823529411765
primary_45_DecisionBoundary_afp_Base,45,DecisionBoundary,afp,Base,94,64,0,415,21,0.958,1.0,0.7529411764705882,0.8590604026845637,0.8764705882352941
primary_45_DecisionBoundary_afp_Base,45,DecisionBoundary,afp,Base,95,72,0,415,13,0.974,1.0,0.8470588235294118,0.9171974522292993,0.9235294117647059
primary_45_DecisionBoundary_afp_Base,45,DecisionBoundary,afp,Base,96,65,0,415,20,0.96,1.0,0.7647058823529411,0.8666666666666666,0.8823529411764706
primary_45_DecisionBoundary_afp_Base,45,DecisionBoundary,afp,Base,97,63,0,415,22,0.956,1.0,0.7411764705882353,0.8513513513513514,0.8705882352941177
primary_45_DecisionBoundary_afp_Base,45,DecisionBoundary,afp,Base,98,71,0,415,14,0.972,1.0,0.8352941176470589,0.9102564102564102,0.9176470588235295
primary_45_DecisionBoundary_afp_Base,45,DecisionBoundary,afp,Base,99,66,0,415,19,0.962,1.0,0.7764705882352941,0.8741721854304636,0.888235294117647
primary_45_DecisionBoundary_afp_Base,45,DecisionBoundary,afp,Base,100,70,0,415,15,0.97,1.0,0.8235294117647058,0.9032258064516129,0.9117647058823529
primary_45_DecisionBoundary_afp_Base,45,DecisionBoundary,afp,Base,101,66,0,415,19,0.962,1.0,0.7764705882352941,0.8741721854304636,0.888235294117647
primary_45_DecisionBoundary_afp_Base,45,DecisionBoundary,afp,Base,102,69,0,415,16,0.968,1.0,0.8117647058823529,0.8961038961038961,0.9058823529411765
primary_45_DecisionBoundary_afp_Base,45,DecisionBoundary,afp,Base,103,69,0,415,16,0.968,1.0,0.8117647058823529,0.8961038961038961,0.9058823529411765
primary_45_DecisionBoundary_afp_Base,45,DecisionBoundary,afp,Base,104,71,0,415,14,0.972,1.0,0.8352941176470589,0.9102564102564102,0.9176470588235295
primary_45_DecisionBoundary_afp_Base,45,DecisionBoundary,afp,Base,105,71,0,415,14,0.972,1.0,0.8352941176470589,0.9102564102564102,0.9176470588235295
primary_45_DecisionBoundary_afp_Base,45,DecisionBoundary,afp,Base,106,65,0,415,20,0.96,1.0,0.7647058823529411,0.8666666666666666,0.8823529411764706
primary_45_DecisionBoundary_afp_Base,45,DecisionBoundary,afp,Base,107,65,0,415,20,0.96,1.0,0.7647058823529411,0.8666666666666666,0.8823529411764706
primary_45_DecisionBoundary_afp_Base,45,DecisionBoundary,afp,Base,108,67,0,415,18,0.964,1.0,0.788235294117647,0.8815789473684211,0.8941176470588235
primary_45_DecisionBoundary_afp_Base,45,DecisionBoundary,afp,Base,109,63,0,415,22,0.956,1.0,0.7411764705882353,0.8513513513513514,0.8705882352941177
primary_45_DecisionBoundary_afp_Base,45,DecisionBoundary,afp,Base,110,64,1,414,21,0.956,0.9846153846153847,0.7529411764705882,0.8533333333333333,0.8752657689581858
primary_45_DecisionBoundary_afp_Base,45,DecisionBoundary,afp,Base,111,70,0,415,15,0.97,1.0,0.8235294117647058,0.9032258064516129,0.9117647058823529
primary_45_DecisionBoundary_afp_Base,45,DecisionBoundary,afp,Base,112,68,0,415,17,0.966,1.0,0.8,0.888888888888889,0.9
primary_45_DecisionBoundary_afp_Base,45,DecisionBoundary,afp,Base,113,67,0,415,18,0.964,1.0,0.788235294117647,0.8815789473684211,0.8941176470588235
primary_45_DecisionBoundary_afp_Base,45,DecisionBoundary,afp,Base,114,68,0,415,17,0.966,1.0,0.8,0.888888888888889,0.9
primary_45_DecisionBoundary_afp_Base,45,DecisionBoundary,afp,Base,115,66,0,415,19,0.962,1.0,0.7764705882352941,0.8741721854304636,0.888235294117647
primary_45_DecisionBoundary_afp_Base,45,DecisionBoundary,afp,Base,116,62,0,415,23,0.954,1.0,0.7294117647058823,0.8435374149659863,0.8647058823529412
primary_45_DecisionBoundary_afp_Base,45,DecisionBoundary,afp,Base,117,68,1,414,17,0.964,0.9855072463768116,0.8,0.8831168831168831,0.8987951807228916
primary_45_DecisionBoundary_afp_Base,45,DecisionBoundary,afp,Base,118,70,0,415,15,0.97,1.0,0.8235294117647058,0.9032258064516129,0.9117647058823529
primary_45_DecisionBoundary_afp_Base,45,DecisionBoundary,afp,Base,119,68,0,415,17,0.966,1.0,0.8,0.888888888888889,0.9
primary_45_DecisionBoundary_afp_Base,45,DecisionBoundary,afp,Base,120,76,0,415,9,0.982,1.0,0.8941176470588236,0.9440993788819877,0.9470588235294117
primary_45_DecisionBoundary_afp_Base,45,DecisionBoundary,afp,Base,121,71,0,415,14,0.972,1.0,0.8352941176470589,0.9102564102564102,0.9176470588235295
primary_45_DecisionBoundary_afp_Base,45,DecisionBoundary,afp,Base,122,72,0,415,13,0.974,1.0,0.8470588235294118,0.9171974522292993,0.9235294117647059
primary_45_DecisionBoundary_afp_Base,45,DecisionBoundary,afp,Base,123,65,0,415,20,0.96,1.0,0.7647058823529411,0.8666666666666666,0.8823529411764706
primary_45_DecisionBoundary_afp_Base,45,DecisionBoundary,afp,Base,124,66,0,415,19,0.962,1.0,0.7764705882352941,0.8741721854304636,0.888235294117647
primary_45_DecisionBoundary_afp_Base,45,DecisionBoundary,afp,Base,125,66,0,415,19,0.962,1.0,0.7764705882352941,0.8741721854304636,0.888235294117647
primary_45_DecisionBoundary_afp_Base,45,DecisionBoundary,afp,Base,126,75,0,415,10,0.98,1.0,0.8823529411764706,0.9375,0.9411764705882353
primary_45_DecisionBoundary_afp_Base,45,DecisionBoundary,afp,Base,127,65,0,415,20,0.96,1.0,0.7647058823529411,0.8666666666666666,0.8823529411764706
primary_45_DecisionBoundary_afp_Base,45,DecisionBoundary,afp,Base,128,71,0,415,14,0.972,1.0,0.8352941176470589,0.9102564102564102,0.9176470588235295
primary_45_DecisionBoundary_afp_Base,45,DecisionBoundary,afp,Base,129,68,0,415,17,0.966,1.0,0.8,0.888888888888889,0.9
primary_45_DecisionBoundary_afp_Base,45,DecisionBoundary,afp,Base,130,73,0,415,12,0.976,1.0,0.8588235294117647,0.9240506329113923,0.9294117647058824
primary_45_DecisionBoundary_afp_Base,45,DecisionBoundary,afp,Base,131,61,0,415,24,0.952,1.0,0.7176470588235294,0.8356164383561643,0.8588235294117648
primary_45_DecisionBoundary_afp_Base,45,DecisionBoundary,afp,Base,132,67,0,415,18,0.964,1.0,0.788235294117647,0.8815789473684211,0.8941176470588235
primary_45_DecisionBoundary_afp_Base,45,DecisionBoundary,afp,Base,133,72,0,415,13,0.974,1.0,0.8470588235294118,0.9171974522292993,0.9235294117647059
primary_45_DecisionBoundary_afp_Base,45,DecisionBoundary,afp,Base,134,65,0,415,20,0.96,1.0,0.7647058823529411,0.8666666666666666,0.8823529411764706
primary_45_DecisionBoundary_afp_Base,45,DecisionBoundary,afp,Base,135,69,0,415,16,0.968,1.0,0.8117647058823529,0.8961038961038961,0.9058823529411765
primary_45_DecisionBoundary_afp_Base,45,DecisionBoundary,afp,Base,136,70,0,415,15,0.97,1.0,0.8235294117647058,0.9032258064516129,0.9117647058823529
primary_45_DecisionBoundary_afp_Base,45,DecisionBoundary,afp,Base,137,68,0,415,17,0.966,1.0,0.8,0.888888888888889,0.9
primary_45_DecisionBoundary_afp_Base,45,DecisionBoundary,afp,Base,138,70,0,415,15,0.97,1.0,0.8235294117647058,0.9032258064516129,0.9117647058823529
primary_45_DecisionBoundary_afp_Base,45,DecisionBoundary,afp,Base,139,64,0,415,21,0.958,1.0,0.7529411764705882,0.8590604026845637,0.8764705882352941
primary_45_DecisionBoundary_afp_Base,45,DecisionBoundary,afp,Base,140,67,0,415,18,0.964,1.0,0.788235294117647,0.8815789473684211,0.8941176470588235
primary_45_DecisionBoundary_afp_Base,45,DecisionBoundary,afp,Base,141,71,0,415,14,0.972,1.0,0.8352941176470589,0.9102564102564102,0.9176470588235295
primary_45_DecisionBoundary_afp_Base,45,DecisionBoundary,afp,Base,142,66,0,415,19,0.962,1.0,0.7764705882352941,0.8741721854304636,0.888235294117647
primary_45_DecisionBoundary_afp_Base,45,DecisionBoundary,afp,Base,143,71,0,415,14,0.972,1.0,0.8352941176470589,0.9102564102564102,0.9176470588235295
primary_45_DecisionBoundary_afp_C1,45,DecisionBoundary,afp,C1,0,68,0,414,18,0.964,1.0,0.7906976744186046,0.8831168831168831,0.8953488372093024
primary_45_DecisionBoundary_afp_C1,45,DecisionBoundary,afp,C1,1,70,0,414,16,0.968,1.0,0.813953488372093,0.8974358974358974,0.9069767441860466
primary_45_DecisionBoundary_afp_C1,45,DecisionBoundary,afp,C1,2,80,0,414,6,0.988,1.0,0.9302325581395349,0.963855421686747,0.9651162790697674
primary_45_DecisionBoundary_afp_C1,45,DecisionBoundary,afp,C1,3,80,0,414,6,0.988,1.0,0.9302325581395349,0.963855421686747,0.9651162790697674
primary_45_DecisionBoundary_afp_C1,45,DecisionBoundary,afp,C1,4,83,1,413,3,0.992,0.9880952380952381,0.9651162790697675,0.9764705882352942,0.9813504100662847
primary_45_DecisionBoundary_afp_C1,45,DecisionBoundary,afp,C1,5,83,0,414,3,0.994,1.0,0.9651162790697675,0.9822485207100593,0.9825581395348837
primary_45_DecisionBoundary_afp_C1,45,DecisionBoundary,afp,C1,6,78,0,414,8,0.984,1.0,0.9069767441860465,0.951219512195122,0.9534883720930232
primary_45_DecisionBoundary_afp_C1,45,DecisionBoundary,afp,C1,7,79,0,414,7,0.986,1.0,0.9186046511627907,0.9575757575757576,0.9593023255813953
primary_45_DecisionBoundary_afp_C1,45,DecisionBoundary,afp,C1,8,78,0,414,8,0.984,1.0,0.9069767441860465,0.951219512195122,0.9534883720930232
primary_45_DecisionBoundary_afp_C1,45,DecisionBoundary,afp,C1,9,84,0,414,2,0.996,1.0,0.9767441860465116,0.988235294117647,0.9883720930232558
primary_45_DecisionBoundary_afp_C1,45,DecisionBoundary,afp,C1,10,79,1,413,7,0.984,0.9875,0.9186046511627907,0.9518072289156626,0.9580945961127962
primary_45_DecisionBoundary_afp_C1,45,DecisionBoundary,afp,C1,11,78,0,414,8,0.984,1.0,0.9069767441860465,0.951219512195122,0.9534883720930232
primary_45_DecisionBoundary_afp_C1,45,DecisionBoundary,afp,C1,12,81,0,414,5,0.99,1.0,0.9418604651162791,0.970059880239521,0.9709302325581395
primary_45_DecisionBoundary_afp_C1,45,DecisionBoundary,afp,C1,13,84,0,414,2,0.996,1.0,0.9767441860465116,0.988235294117647,0.9883720930232558
primary_45_DecisionBoundary_afp_C1,45,DecisionBoundary,afp,C1,14,84,0,414,2,0.996,1.0,0.9767441860465116,0.988235294117647,0.9883720930232558
primary_45_DecisionBoundary_afp_C1,45,DecisionBoundary,afp,C1,15,79,0,414,7,0.986,1.0,0.9186046511627907,0.9575757575757576,0.9593023255813953
primary_45_DecisionBoundary_afp_C1,45,DecisionBoundary,afp,C1,16,78,1,413,8,0.982,0.9873417721518988,0.9069767441860465,0.9454545454545454,0.9522806426244241
primary_45_DecisionBoundary_afp_C1,45,DecisionBoundary,afp,C1,17,82,0,415,3,0.994,1.0,0.9647058823529412,0.9820359281437125,0.9823529411764707
primary_45_DecisionBoundary_afp_C1,45,DecisionBoundary,afp,C1,18,79,0,415,6,0.988,1.0,0.9294117647058824,0.9634146341463414,0.9647058823529412
primary_45_DecisionBoundary_afp_C1,45,DecisionBoundary,afp,C1,19,83,0,415,2,0.996,1.0,0.9764705882352941,0.988095238095238,0.9882352941176471
primary_45_DecisionBoundary_afp_C1,45,DecisionBoundary,afp,C1,20,75,1,414,10,0.978,0.9868421052631579,0.8823529411764706,0.9316770186335402,0.9399716513111269
primary_45_DecisionBoundary_afp_C1,45,DecisionBoundary,afp,C1,21,73,1,414,12,0.974,0.9864864864864865,0.8588235294117647,0.9182389937106918,0.9282069454287739
primary_45_DecisionBoundary_afp_C1,45,DecisionBoundary,afp,C1,22,75,0,415,10,0.98,1.0,0.8823529411764706,0.9375,0.9411764705882353
primary_45_DecisionBoundary_afp_C1,45,DecisionBoundary,afp,C1,23,81,0,415,4,0.992,1.0,0.9529411764705882,0.9759036144578312,0.9764705882352941
primary_45_DecisionBoundary_afp_C1,45,DecisionBoundary,afp,C1,24,77,1,414,8,0.982,0.9871794871794872,0.9058823529411765,0.9447852760736197,0.9517363571934798
primary_45_DecisionBoundary_afp_C1,45,DecisionBoundary,afp,C1,25,76,0,415,9,0.982,1.0,0.8941176470588236,0.9440993788819877,0.9470588235294117
primary_45_DecisionBoundary_afp_C1,45,DecisionBoundary,afp,C1,26,76,0,415,9,0.982,1.0,0.8941176470588236,0.9440993788819877,0.9470588235294117
primary_45_DecisionBoundary_afp_C1,45,DecisionBoundary,afp,C1,27,74,0,415,11,0.978,1.0,0.8705882352941177,0.9308176100628931,0.9352941176470588
primary_45_DecisionBoundary_afp_C1,45,DecisionBoundary,afp,C1,28,78,0,415,7,0.986,1.0,0.9176470588235294,0.9570552147239264,0.9588235294117646
primary_45_DecisionBoundary_afp_C1,45,DecisionBoundary,afp,C1,29,79,0,415,6,0.988,1.0,0.9294117647058824,0.9634146341463414,0.9647058823529412
primary_45_DecisionBoundary_afp_C1,45,DecisionBoundary,afp,C1,30,78,0,415,7,0.986,1.0,0.9176470588235294,0.9570552147239264,0.9588235294117646
primary_45_DecisionBoundary_afp_C1,45,DecisionBoundary,afp,C1,31,76,1,414,9,0.98,0.987012987012987,0.8941176470588236,0.9382716049382716,0.9458540042523034
primary_45_DecisionBoundary_afp_C1,45,DecisionBoundary,afp,C1,32,80,0,415,5,0.99,1.0,0.9411764705882353,0.9696969696969697,0.9705882352941176
primary_45_DecisionBoundary_afp_C1,45,DecisionBoundary,afp,C1,33,80,0,415,5,0.99,1.0,0.9411764705882353,0.9696969696969697,0.9705882352941176
primary_45_DecisionBoundary_afp_C1,45,DecisionBoundary,afp,C1,34,77,1,414,8,0.982,0.9871794871794872,0.9058823529411765,0.9447852760736197,0.9517363571934798
primary_45_DecisionBoundary_afp_C1,45,DecisionBoundary,afp,C1,35,75,0,415,10,0.98,1.0,0.8823529411764706,0.9375,0.9411764705882353
primary_45_DecisionBoundary_afp_C1,45,DecisionBoundary,afp,C1,36,79,0,415,6,0.988,1.0,0.9294117647058824,0.9634146341463414,0.9647058823529412
primary_45_DecisionBoundary_afp_C1,45,DecisionBoundary,afp,C1,37,80,1,414,5,0.988,0.9876543209876543,0.9411764705882353,0.963855421686747,0.9693834160170092
primary_45_DecisionBoundary_afp_C1,45,DecisionBoundary,afp,C1,38,80,0,415,5,0.99,1.0,0.9411764705882353,0.9696969696969697,0.9705882352941176
primary_45_DecisionBoundary_afp_C1,45,DecisionBoundary,afp,C1,39,78,0,415,7,0.986,1.0,0.9176470588235294,0.9570552147239264,0.9588235294117646
primary_45_DecisionBoundary_afp_C1,45,DecisionBoundary,afp,C1,40,81,0,415,4,0.992,1.0,0.9529411764705882,0.9759036144578312,0.9764705882352941
primary_45_DecisionBoundary_afp_C1,45,DecisionBoundary,afp,C1,41,79,1,414,6,0.986,0.9875,0.9294117647058824,0.9575757575757576,0.9635010630758327
primary_45_DecisionBoundary_afp_C1,45,DecisionBoundary,afp,C1,42,81,0,415,4,0.992,1.0,0.9529411764705882,0.9759036144578312,0.9764705882352941
primary_45_DecisionBoundary_afp_C1,45,DecisionBoundary,afp,C1,43,79,1,414,6,0.986,0.9875,0.9294117647058824,0.9575757575757576,0.9635010630758327
primary_45_DecisionBoundary_afp_C1,45,DecisionBoundary,afp,C1,44,79,0,415,6,0.988,1.0,0.9294117647058824,0.9634146341463414,0.9647058823529412
primary_45_DecisionBoundary_afp_C1,45,DecisionBoundary,afp,C1,45,77,0,415,8,0.984,1.0,0.9058823529411765,0.9506172839506173,0.9529411764705882
primary_45_DecisionBoundary_afp_C1,45,DecisionBoundary,afp,C1,46,81,3,412,4,0.986,0.9642857142857143,0.9529411764705882,0.9585798816568047,0.9728561304039688
primary_45_DecisionBoundary_afp_C1,45,DecisionBoundary,afp,C1,47,76,0,415,9,0.982,1.0,0.8941176470588236,0.9440993788819877,0.9470588235294117
primary_45_DecisionBoundary_afp_C1,45,DecisionBoundary,afp,C1,48,79,0,415,6,0.988,1.0,0.9294117647058824,0.9634146341463414,0.9647058823529412
primary_45_DecisionBoundary_afp_C1,45,DecisionBoundary,afp,C1,49,76,0,415,9,0.982,1.0,0.8941176470588236,0.9440993788819877,0.9470588235294117
primary_45_DecisionBoundary_afp_C1,45,DecisionBoundary,afp,C1,50,80,0,415,5,0.99,1.0,0.9411764705882353,0.9696969696969697,0.9705882352941176
primary_45_DecisionBoundary_afp_C1,45,DecisionBoundary,afp,C1,51,79,1,414,6,0.986,0.9875,0.9294117647058824,0.9575757575757576,0.9635010630758327
primary_45_DecisionBoundary_afp_C1,45,DecisionBoundary,afp,C1,52,77,1,414,8,0.982,0.9871794871794872,0.9058823529411765,0.9447852760736197,0.9517363571934798
primary_45_DecisionBoundary_afp_C1,45,DecisionBoundary,afp,C1,53,76,1,414,9,0.98,0.987012987012987,0.8941176470588236,0.9382716049382716,0.9458540042523034
primary_45_DecisionBoundary_afp_C1,45,DecisionBoundary,afp,C1,54,82,0,415,3,0.994,1.0,0.9647058823529412,0.9820359281437125,0.9823529411764707
primary_45_DecisionBoundary_afp_C1,45,DecisionBoundary,afp,C1,55,76,0,415,9,0.982,1.0,0.8941176470588236,0.9440993788819877,0.9470588235294117
primary_45_DecisionBoundary_afp_C1,45,DecisionBoundary,afp,C1,56,75,0,415,10,0.98,1.0,0.8823529411764706,0.9375,0.9411764705882353
primary_45_DecisionBoundary_afp_C1,45,DecisionBoundary,afp,C1,57,81,0,415,4,0.992,1.0,0.9529411764705882,0.9759036144578312,0.9764705882352941
primary_45_DecisionBoundary_afp_C1,45,DecisionBoundary,afp,C1,58,81,2,413,4,0.988,0.9759036144578314,0.9529411764705882,0.9642857142857143,0.9740609496810773
primary_45_DecisionBoundary_afp_C1,45,DecisionBoundary,afp,C1,59,77,1,414,8,0.982,0.9871794871794872,0.9058823529411765,0.9447852760736197,0.9517363571934798
primary_45_DecisionBoundary_afp_C1,45,DecisionBoundary,afp,C1,60,80,0,415,5,0.99,1.0,0.9411764705882353,0.9696969696969697,0.9705882352941176
primary_45_DecisionBoundary_afp_C1,45,DecisionBoundary,afp,C1,61,79,0,415,6,0.988,1.0,0.9294117647058824,0.9634146341463414,0.9647058823529412
primary_45_DecisionBoundary_afp_C1,45,DecisionBoundary,afp,C1,62,81,0,415,4,0.992,1.0,0.9529411764705882,0.9759036144578312,0.9764705882352941
primary_45_DecisionBoundary_afp_C1,45,DecisionBoundary,afp,C1,63,75,0,415,10,0.98,1.0,0.8823529411764706,0.9375,0.9411764705882353
primary_45_DecisionBoundary_afp_C1,45,DecisionBoundary,afp,C1,64,76,0,415,9,0.982,1.0,0.8941176470588236,0.9440993788819877,0.9470588235294117
primary_45_DecisionBoundary_afp_C1,45,DecisionBoundary,afp,C1,65,78,1,414,7,0.984,0.9873417721518988,0.9176470588235294,0.9512195121951219,0.9576187101346563
primary_45_DecisionBoundary_afp_C1,45,DecisionBoundary,afp,C1,66,81,1,414,4,0.99,0.9878048780487805,0.9529411764705882,0.9700598802395209,0.9752657689581856
primary_45_DecisionBoundary_afp_C1,45,DecisionBoundary,afp,C1,67,80,0,415,5,0.99,1.0,0.9411764705882353,0.9696969696969697,0.9705882352941176
primary_45_DecisionBoundary_afp_C1,45,DecisionBoundary,afp,C1,68,79,0,415,6,0.988,1.0,0.9294117647058824,0.9634146341463414,0.9647058823529412
primary_45_DecisionBoundary_afp_C1,45,DecisionBoundary,afp,C1,69,79,2,413,6,0.984,0.9753086419753086,0.9294117647058824,0.9518072289156626,0.9622962437987244
primary_45_DecisionBoundary_afp_C1,45,DecisionBoundary,afp,C1,70,81,0,415,4,0.992,1.0,0.9529411764705882,0.9759036144578312,0.9764705882352941
primary_45_DecisionBoundary_afp_C1,45,DecisionBoundary,afp,C1,71,77,0,415,8,0.984,1.0,0.9058823529411765,0.9506172839506173,0.9529411764705882
primary_45_DecisionBoundary_afp_C1,45,DecisionBoundary,afp,C1,72,76,1,414,9,0.98,0.987012987012987,0.8941176470588236,0.9382716049382716,0.9458540042523034
primary_45_DecisionBoundary_afp_C1,45,DecisionBoundary,afp,C1,73,77,1,414,8,0.982,0.9871794871794872,0.9058823529411765,0.9447852760736197,0.9517363571934798
primary_45_DecisionBoundary_afp_C1,45,DecisionBoundary,afp,C1,74,79,0,415,6,0.988,1.0,0.9294117647058824,0.9634146341463414,0.9647058823529412
primary_45_DecisionBoundary_afp_C1,45,DecisionBoundary,afp,C1,75,78,0,415,7,0.986,1.0,0.9176470588235294,0.9570552147239264,0.9588235294117646
primary_45_DecisionBoundary_afp_C1,45,DecisionBoundary,afp,C1,76,79,1,414,6,0.986,0.9875,0.9294117647058824,0.9575757575757576,0.9635010630758327
primary_45_DecisionBoundary_afp_C1,45,DecisionBoundary,afp,C1,77,79,0,415,6,0.988,1.0,0.9294117647058824,0.9634146341463414,0.9647058823529412
primary_45_DecisionBoundary_afp_C1,45,DecisionBoundary,afp,C1,78,82,1,414,3,0.992,0.9879518072289156,0.9647058823529412,0.9761904761904762,0.9811481218993622
primary_45_DecisionBoundary_afp_C1,45,DecisionBoundary,afp,C1,79,81,0,415,4,0.992,1.0,0.9529411764705882,0.9759036144578312,0.9764705882352941
primary_45_DecisionBoundary_afp_C1,45,DecisionBoundary,afp,C1,80,78,0,415,7,0.986,1.0,0.9176470588235294,0.9570552147239264,0.9588235294117646
primary_45_DecisionBoundary_afp_C1,45,DecisionBoundary,afp,C1,81,73,0,415,12,0.976,1.0,0.8588235294117647,0.9240506329113923,0.9294117647058824
primary_45_DecisionBoundary_afp_C1,45,DecisionBoundary,afp,C1,82,78,1,414,7,0.984,0.9873417721518988,0.9176470588235294,0.9512195121951219,0.9576187101346563
primary_45_DecisionBoundary_afp_C1,45,DecisionBoundary,afp,C1,83,76,0,415,9,0.982,1.0,0.8941176470588236,0.9440993788819877,0.9470588235294117
primary_45_DecisionBoundary_afp_C1,45,DecisionBoundary,afp,C1,84,79,0,415,6,0.988,1.0,0.9294117647058824,0.9634146341463414,0.9647058823529412
primary_45_DecisionBoundary_afp_C1,45,DecisionBoundary,afp,C1,85,81,1,414,4,0.99,0.9878048780487805,0.9529411764705882,0.9700598802395209,0.9752657689581856
primary_45_DecisionBoundary_afp_C1,45,DecisionBoundary,afp,C1,86,72,2,413,13,0.97,0.972972972972973,0.8470588235294118,0.9056603773584906,0.921119773210489
primary_45_DecisionBoundary_afp_C1,45,DecisionBoundary,afp,C1,87,71,0,415,14,0.972,1.0,0.8352941176470589,0.9102564102564102,0.9176470588235295
primary_45_DecisionBoundary_afp_C1,45,DecisionBoundary,afp,C1,88,76,0,415,9,0.982,1.0,0.8941176470588236,0.9440993788819877,0.9470588235294117
primary_45_DecisionBoundary_afp_C1,45,DecisionBoundary,afp,C1,89,78,1,414,7,0.984,0.9873417721518988,0.9176470588235294,0.9512195121951219,0.9576187101346563
primary_45_DecisionBoundary_afp_C1,45,DecisionBoundary,afp,C1,90,80,1,414,5,0.988,0.9876543209876543,0.9411764705882353,0.963855421686747,0.9693834160170092
primary_45_DecisionBoundary_afp_C1,45,DecisionBoundary,afp,C1,91,78,2,413,7,0.982,0.975,0.9176470588235294,0.9454545454545454,0.9564138908575478
primary_45_DecisionBoundary_afp_C1,45,DecisionBoundary,afp,C1,92,80,0,415,5,0.99,1.0,0.9411764705882353,0.9696969696969697,0.9705882352941176
primary_45_DecisionBoundary_afp_C1,45,DecisionBoundary,afp,C1,93,78,0,415,7,0.986,1.0,0.9176470588235294,0.9570552147239264,0.9588235294117646
primary_45_DecisionBoundary_afp_C1,45,DecisionBoundary,afp,C1,94,79,0,415,6,0.988,1.0,0.9294117647058824,0.9634146341463414,0.9647058823529412
primary_45_DecisionBoundary_afp_C1,45,DecisionBoundary,afp,C1,95,81,1,414,4,0.99,0.9878048780487805,0.9529411764705882,0.9700598802395209,0.9752657689581856
primary_45_DecisionBoundary_afp_C1,45,DecisionBoundary,afp,C1,96,81,0,415,4,0.992,1.0,0.9529411764705882,0.9759036144578312,0.9764705882352941
primary_45_DecisionBoundary_afp_C1,45,DecisionBoundary,afp,C1,97,75,1,414,10,0.978,0.9868421052631579,0.8823529411764706,0.9316770186335402,0.9399716513111269
primary_45_DecisionBoundary_afp_C1,45,DecisionBoundary,afp,C1,98,80,0,415,5,0.99,1.0,0.9411764705882353,0.9696969696969697,0.9705882352941176
primary_45_DecisionBoundary_afp_C1,45,DecisionBoundary,afp,C1,99,81,1,414,4,0.99,0.9878048780487805,0.9529411764705882,0.9700598802395209,0.9752657689581856
primary_45_DecisionBoundary_afp_C1,45,DecisionBoundary,afp,C1,100,76,1,414,9,0.98,0.987012987012987,0.8941176470588236,0.9382716049382716,0.9458540042523034
primary_45_DecisionBoundary_afp_C1,45,DecisionBoundary,afp,C1,101,80,0,415,5,0.99,1.0,0.9411764705882353,0.9696969696969697,0.9705882352941176
primary_45_DecisionBoundary_afp_C1,45,DecisionBoundary,afp,C1,102,81,0,415,4,0.992,1.0,0.9529411764705882,0.9759036144578312,0.9764705882352941
primary_45_DecisionBoundary_afp_C1,45,DecisionBoundary,afp,C1,103,81,0,415,4,0.992,1.0,0.9529411764705882,0.9759036144578312,0.9764705882352941
primary_45_DecisionBoundary_afp_C1,45,DecisionBoundary,afp,C1,104,82,0,415,3,0.994,1.0,0.9647058823529412,0.9820359281437125,0.9823529411764707
primary_45_DecisionBoundary_afp_C1,45,DecisionBoundary,afp,C1,105,80,0,415,5,0.99,1.0,0.9411764705882353,0.9696969696969697,0.9705882352941176
primary_45_DecisionBoundary_afp_C1,45,DecisionBoundary,afp,C1,106,78,0,415,7,0.986,1.0,0.9176470588235294,0.9570552147239264,0.9588235294117646
primary_45_DecisionBoundary_afp_C1,45,DecisionBoundary,afp,C1,107,79,0,415,6,0.988,1.0,0.9294117647058824,0.9634146341463414,0.9647058823529412
primary_45_DecisionBoundary_afp_C1,45,DecisionBoundary,afp,C1,108,77,0,415,8,0.984,1.0,0.9058823529411765,0.9506172839506173,0.9529411764705882
primary_45_DecisionBoundary_afp_C1,45,DecisionBoundary,afp,C1,109,76,0,415,9,0.982,1.0,0.8941176470588236,0.9440993788819877,0.9470588235294117
primary_45_DecisionBoundary_afp_C1,45,DecisionBoundary,afp,C1,110,78,1,414,7,0.984,0.9873417721518988,0.9176470588235294,0.9512195121951219,0.9576187101346563
primary_45_DecisionBoundary_afp_C1,45,DecisionBoundary,afp,C1,111,81,1,414,4,0.99,0.9878048780487805,0.9529411764705882,0.9700598802395209,0.9752657689581856
primary_45_DecisionBoundary_afp_C1,45,DecisionBoundary,afp,C1,112,80,1,414,5,0.988,0.9876543209876543,0.9411764705882353,0.963855421686747,0.9693834160170092
primary_45_DecisionBoundary_afp_C1,45,DecisionBoundary,afp,C1,113,79,1,414,6,0.986,0.9875,0.9294117647058824,0.9575757575757576,0.9635010630758327
primary_45_DecisionBoundary_afp_C1,45,DecisionBoundary,afp,C1,114,79,0,415,6,0.988,1.0,0.9294117647058824,0.9634146341463414,0.9647058823529412
primary_45_DecisionBoundary_afp_C1,45,DecisionBoundary,afp,C1,115,78,0,415,7,0.986,1.0,0.9176470588235294,0.9570552147239264,0.9588235294117646
primary_45_DecisionBoundary_afp_C1,45,DecisionBoundary,afp,C1,116,76,1,414,9,0.98,0.987012987012987,0.8941176470588236,0.9382716049382716,0.9458540042523034
primary_45_DecisionBoundary_afp_C1,45,DecisionBoundary,afp,C1,117,78,0,415,7,0.986,1.0,0.9176470588235294,0.9570552147239264,0.9588235294117646
primary_45_DecisionBoundary_afp_C1,45,DecisionBoundary,afp,C1,118,79,1,414,6,0.986,0.9875,0.9294117647058824,0.9575757575757576,0.9635010630758327
primary_45_DecisionBoundary_afp_C1,45,DecisionBoundary,afp,C1,119,76,0,415,9,0.982,1.0,0.8941176470588236,0.9440993788819877,0.9470588235294117
primary_45_DecisionBoundary_afp_C1,45,DecisionBoundary,afp,C1,120,81,0,415,4,0.992,1.0,0.9529411764705882,0.9759036144578312,0.9764705882352941
primary_45_DecisionBoundary_afp_C1,45,DecisionBoundary,afp,C1,121,80,0,415,5,0.99,1.0,0.9411764705882353,0.9696969696969697,0.9705882352941176
primary_45_DecisionBoundary_afp_C1,45,DecisionBoundary,afp,C1,122,79,0,415,6,0.988,1.0,0.9294117647058824,0.9634146341463414,0.9647058823529412
primary_45_DecisionBoundary_afp_C1,45,DecisionBoundary,afp,C1,123,74,0,415,11,0.978,1.0,0.8705882352941177,0.9308176100628931,0.9352941176470588
primary_45_DecisionBoundary_afp_C1,45,DecisionBoundary,afp,C1,124,78,1,414,7,0.984,0.9873417721518988,0.9176470588235294,0.9512195121951219,0.9576187101346563
primary_45_DecisionBoundary_afp_C1,45,DecisionBoundary,afp,C1,125,80,2,413,5,0.986,0.975609756097561,0.9411764705882353,0.9580838323353293,0.9681785967399008
primary_45_DecisionBoundary_afp_C1,45,DecisionBoundary,afp,C1,126,82,0,415,3,0.994,1.0,0.9647058823529412,0.9820359281437125,0.9823529411764707
primary_45_DecisionBoundary_afp_C1,45,DecisionBoundary,afp,C1,127,77,0,415,8,0.984,1.0,0.9058823529411765,0.9506172839506173,0.9529411764705882
primary_45_DecisionBoundary_afp_C1,45,DecisionBoundary,afp,C1,128,80,0,415,5,0.99,1.0,0.9411764705882353,0.9696969696969697,0.9705882352941176
primary_45_DecisionBoundary_afp_C1,45,DecisionBoundary,afp,C1,129,77,0,415,8,0.984,1.0,0.9058823529411765,0.9506172839506173,0.9529411764705882
primary_45_DecisionBoundary_afp_C1,45,DecisionBoundary,afp,C1,130,81,0,415,4,0.992,1.0,0.9529411764705882,0.9759036144578312,0.9764705882352941
primary_45_DecisionBoundary_afp_C1,45,DecisionBoundary,afp,C1,131,80,1,414,5,0.988,0.9876543209876543,0.9411764705882353,0.963855421686747,0.9693834160170092
primary_45_DecisionBoundary_afp_C1,45,DecisionBoundary,afp,C1,132,76,0,415,9,0.982,1.0,0.8941176470588236,0.9440993788819877,0.9470588235294117
primary_45_DecisionBoundary_afp_C1,45,DecisionBoundary,afp,C1,133,81,1,414,4,0.99,0.9878048780487805,0.9529411764705882,0.9700598802395209,0.9752657689581856
primary_45_DecisionBoundary_afp_C1,45,DecisionBoundary,afp,C1,134,77,0,415,8,0.984,1.0,0.9058823529411765,0.9506172839506173,0.9529411764705882
primary_45_DecisionBoundary_afp_C1,45,DecisionBoundary,afp,C1,135,82,0,415,3,0.994,1.0,0.9647058823529412,0.9820359281437125,0.9823529411764707
primary_45_DecisionBoundary_afp_C1,45,DecisionBoundary,afp,C1,136,82,0,415,3,0.994,1.0,0.9647058823529412,0.9820359281437125,0.9823529411764707
primary_45_DecisionBoundary_afp_C1,45,DecisionBoundary,afp,C1,137,78,2,413,7,0.982,0.975,0.9176470588235294,0.9454545454545454,0.9564138908575478
primary_45_DecisionBoundary_afp_C1,45,DecisionBoundary,afp,C1,138,80,0,415,5,0.99,1.0,0.9411764705882353,0.9696969696969697,0.9705882352941176
primary_45_DecisionBoundary_afp_C1,45,DecisionBoundary,afp,C1,139,76,1,414,9,0.98,0.987012987012987,0.8941176470588236,0.9382716049382716,0.9458540042523034
primary_45_DecisionBoundary_afp_C1,45,DecisionBoundary,afp,C1,140,78,0,415,7,0.986,1.0,0.9176470588235294,0.9570552147239264,0.9588235294117646
primary_45_DecisionBoundary_afp_C1,45,DecisionBoundary,afp,C1,141,77,0,415,8,0.984,1.0,0.9058823529411765,0.9506172839506173,0.9529411764705882
primary_45_DecisionBoundary_afp_C1,45,DecisionBoundary,afp,C1,142,83,0,415,2,0.996,1.0,0.9764705882352941,0.988095238095238,0.9882352941176471
primary_45_DecisionBoundary_afp_C1,45,DecisionBoundary,afp,C1,143,79,0,415,6,0.988,1.0,0.9294117647058824,0.9634146341463414,0.9647058823529412
primary_45_DecisionBoundary_feature_squeezing_Base,45,DecisionBoundary,feature_squeezing,Base,0,76,0,414,10,0.98,1.0,0.8837209302325582,0.9382716049382717,0.9418604651162791
primary_45_DecisionBoundary_feature_squeezing_Base,45,DecisionBoundary,feature_squeezing,Base,1,78,0,414,8,0.984,1.0,0.9069767441860465,0.951219512195122,0.9534883720930232
primary_45_DecisionBoundary_feature_squeezing_Base,45,DecisionBoundary,feature_squeezing,Base,2,81,1,413,5,0.988,0.9878048780487805,0.9418604651162791,0.9642857142857143,0.9697225030895404
primary_45_DecisionBoundary_feature_squeezing_Base,45,DecisionBoundary,feature_squeezing,Base,3,81,0,414,5,0.99,1.0,0.9418604651162791,0.970059880239521,0.9709302325581395
primary_45_DecisionBoundary_feature_squeezing_Base,45,DecisionBoundary,feature_squeezing,Base,4,83,0,414,3,0.994,1.0,0.9651162790697675,0.9822485207100593,0.9825581395348837
primary_45_DecisionBoundary_feature_squeezing_Base,45,DecisionBoundary,feature_squeezing,Base,5,82,1,413,4,0.99,0.9879518072289156,0.9534883720930233,0.9704142011834319,0.9755364565779125
primary_45_DecisionBoundary_feature_squeezing_Base,45,DecisionBoundary,feature_squeezing,Base,6,78,0,414,8,0.984,1.0,0.9069767441860465,0.951219512195122,0.9534883720930232
primary_45_DecisionBoundary_feature_squeezing_Base,45,DecisionBoundary,feature_squeezing,Base,7,78,0,414,8,0.984,1.0,0.9069767441860465,0.951219512195122,0.9534883720930232
primary_45_DecisionBoundary_feature_squeezing_Base,45,DecisionBoundary,feature_squeezing,Base,8,79,0,414,7,0.986,1.0,0.9186046511627907,0.9575757575757576,0.9593023255813953
primary_45_DecisionBoundary_feature_squeezing_Base,45,DecisionBoundary,feature_squeezing,Base,9,84,0,414,2,0.996,1.0,0.9767441860465116,0.988235294117647,0.9883720930232558
primary_45_DecisionBoundary_feature_squeezing_Base,45,DecisionBoundary,feature_squeezing,Base,10,79,0,414,7,0.986,1.0,0.9186046511627907,0.9575757575757576,0.9593023255813953
primary_45_DecisionBoundary_feature_squeezing_Base,45,DecisionBoundary,feature_squeezing,Base,11,78,0,414,8,0.984,1.0,0.9069767441860465,0.951219512195122,0.9534883720930232
primary_45_DecisionBoundary_feature_squeezing_Base,45,DecisionBoundary,feature_squeezing,Base,12,82,0,414,4,0.992,1.0,0.9534883720930233,0.9761904761904763,0.9767441860465116
primary_45_DecisionBoundary_feature_squeezing_Base,45,DecisionBoundary,feature_squeezing,Base,13,83,0,414,3,0.994,1.0,0.9651162790697675,0.9822485207100593,0.9825581395348837
primary_45_DecisionBoundary_feature_squeezing_Base,45,DecisionBoundary,feature_squeezing,Base,14,81,1,413,5,0.988,0.9878048780487805,0.9418604651162791,0.9642857142857143,0.9697225030895404
primary_45_DecisionBoundary_feature_squeezing_Base,45,DecisionBoundary,feature_squeezing,Base,15,77,0,414,9,0.982,1.0,0.8953488372093024,0.9447852760736196,0.9476744186046512
primary_45_DecisionBoundary_feature_squeezing_Base,45,DecisionBoundary,feature_squeezing,Base,16,78,0,414,8,0.984,1.0,0.9069767441860465,0.951219512195122,0.9534883720930232
primary_45_DecisionBoundary_feature_squeezing_Base,45,DecisionBoundary,feature_squeezing,Base,17,82,0,415,3,0.994,1.0,0.9647058823529412,0.9820359281437125,0.9823529411764707
primary_45_DecisionBoundary_feature_squeezing_Base,45,DecisionBoundary,feature_squeezing,Base,18,79,0,415,6,0.988,1.0,0.9294117647058824,0.9634146341463414,0.9647058823529412
primary_45_DecisionBoundary_feature_squeezing_Base,45,DecisionBoundary,feature_squeezing,Base,19,82,0,415,3,0.994,1.0,0.9647058823529412,0.9820359281437125,0.9823529411764707
primary_45_DecisionBoundary_feature_squeezing_Base,45,DecisionBoundary,feature_squeezing,Base,20,74,0,415,11,0.978,1.0,0.8705882352941177,0.9308176100628931,0.9352941176470588
primary_45_DecisionBoundary_feature_squeezing_Base,45,DecisionBoundary,feature_squeezing,Base,21,72,0,415,13,0.974,1.0,0.8470588235294118,0.9171974522292993,0.9235294117647059
primary_45_DecisionBoundary_feature_squeezing_Base,45,DecisionBoundary,feature_squeezing,Base,22,73,0,415,12,0.976,1.0,0.8588235294117647,0.9240506329113923,0.9294117647058824
primary_45_DecisionBoundary_feature_squeezing_Base,45,DecisionBoundary,feature_squeezing,Base,23,81,0,415,4,0.992,1.0,0.9529411764705882,0.9759036144578312,0.9764705882352941
primary_45_DecisionBoundary_feature_squeezing_Base,45,DecisionBoundary,feature_squeezing,Base,24,77,0,415,8,0.984,1.0,0.9058823529411765,0.9506172839506173,0.9529411764705882
primary_45_DecisionBoundary_feature_squeezing_Base,45,DecisionBoundary,feature_squeezing,Base,25,76,0,415,9,0.982,1.0,0.8941176470588236,0.9440993788819877,0.9470588235294117
primary_45_DecisionBoundary_feature_squeezing_Base,45,DecisionBoundary,feature_squeezing,Base,26,75,0,415,10,0.98,1.0,0.8823529411764706,0.9375,0.9411764705882353
primary_45_DecisionBoundary_feature_squeezing_Base,45,DecisionBoundary,feature_squeezing,Base,27,74,0,415,11,0.978,1.0,0.8705882352941177,0.9308176100628931,0.9352941176470588
primary_45_DecisionBoundary_feature_squeezing_Base,45,DecisionBoundary,feature_squeezing,Base,28,78,0,415,7,0.986,1.0,0.9176470588235294,0.9570552147239264,0.9588235294117646
primary_45_DecisionBoundary_feature_squeezing_Base,45,DecisionBoundary,feature_squeezing,Base,29,79,0,415,6,0.988,1.0,0.9294117647058824,0.9634146341463414,0.9647058823529412
primary_45_DecisionBoundary_feature_squeezing_Base,45,DecisionBoundary,feature_squeezing,Base,30,78,0,415,7,0.986,1.0,0.9176470588235294,0.9570552147239264,0.9588235294117646
primary_45_DecisionBoundary_feature_squeezing_Base,45,DecisionBoundary,feature_squeezing,Base,31,75,0,415,10,0.98,1.0,0.8823529411764706,0.9375,0.9411764705882353
primary_45_DecisionBoundary_feature_squeezing_Base,45,DecisionBoundary,feature_squeezing,Base,32,78,0,415,7,0.986,1.0,0.9176470588235294,0.9570552147239264,0.9588235294117646
primary_45_DecisionBoundary_feature_squeezing_Base,45,DecisionBoundary,feature_squeezing,Base,33,80,0,415,5,0.99,1.0,0.9411764705882353,0.9696969696969697,0.9705882352941176
primary_45_DecisionBoundary_feature_squeezing_Base,45,DecisionBoundary,feature_squeezing,Base,34,76,1,414,9,0.98,0.987012987012987,0.8941176470588236,0.9382716049382716,0.9458540042523034
primary_45_DecisionBoundary_feature_squeezing_Base,45,DecisionBoundary,feature_squeezing,Base,35,74,0,415,11,0.978,1.0,0.8705882352941177,0.9308176100628931,0.9352941176470588
primary_45_DecisionBoundary_feature_squeezing_Base,45,DecisionBoundary,feature_squeezing,Base,36,79,0,415,6,0.988,1.0,0.9294117647058824,0.9634146341463414,0.9647058823529412
primary_45_DecisionBoundary_feature_squeezing_Base,45,DecisionBoundary,feature_squeezing,Base,37,79,1,414,6,0.986,0.9875,0.9294117647058824,0.9575757575757576,0.9635010630758327
primary_45_DecisionBoundary_feature_squeezing_Base,45,DecisionBoundary,feature_squeezing,Base,38,80,0,415,5,0.99,1.0,0.9411764705882353,0.9696969696969697,0.9705882352941176
primary_45_DecisionBoundary_feature_squeezing_Base,45,DecisionBoundary,feature_squeezing,Base,39,76,0,415,9,0.982,1.0,0.8941176470588236,0.9440993788819877,0.9470588235294117
primary_45_DecisionBoundary_feature_squeezing_Base,45,DecisionBoundary,feature_squeezing,Base,40,81,0,415,4,0.992,1.0,0.9529411764705882,0.9759036144578312,0.9764705882352941
primary_45_DecisionBoundary_feature_squeezing_Base,45,DecisionBoundary,feature_squeezing,Base,41,78,0,415,7,0.986,1.0,0.9176470588235294,0.9570552147239264,0.9588235294117646
primary_45_DecisionBoundary_feature_squeezing_Base,45,DecisionBoundary,feature_squeezing,Base,42,80,0,415,5,0.99,1.0,0.9411764705882353,0.9696969696969697,0.9705882352941176
primary_45_DecisionBoundary_feature_squeezing_Base,45,DecisionBoundary,feature_squeezing,Base,43,77,1,414,8,0.982,0.9871794871794872,0.9058823529411765,0.9447852760736197,0.9517363571934798
primary_45_DecisionBoundary_feature_squeezing_Base,45,DecisionBoundary,feature_squeezing,Base,44,79,0,415,6,0.988,1.0,0.9294117647058824,0.9634146341463414,0.9647058823529412
primary_45_DecisionBoundary_feature_squeezing_Base,45,DecisionBoundary,feature_squeezing,Base,45,78,0,415,7,0.986,1.0,0.9176470588235294,0.9570552147239264,0.9588235294117646
primary_45_DecisionBoundary_feature_squeezing_Base,45,DecisionBoundary,feature_squeezing,Base,46,81,1,414,4,0.99,0.9878048780487805,0.9529411764705882,0.9700598802395209,0.9752657689581856
primary_45_DecisionBoundary_feature_squeezing_Base,45,DecisionBoundary,feature_squeezing,Base,47,75,0,415,10,0.98,1.0,0.8823529411764706,0.9375,0.9411764705882353
primary_45_DecisionBoundary_feature_squeezing_Base,45,DecisionBoundary,feature_squeezing,Base,48,79,0,415,6,0.988,1.0,0.9294117647058824,0.9634146341463414,0.9647058823529412
primary_45_DecisionBoundary_feature_squeezing_Base,45,DecisionBoundary,feature_squeezing,Base,49,76,0,415,9,0.982,1.0,0.8941176470588236,0.9440993788819877,0.9470588235294117
primary_45_DecisionBoundary_feature_squeezing_Base,45,DecisionBoundary,feature_squeezing,Base,50,78,0,415,7,0.986,1.0,0.9176470588235294,0.9570552147239264,0.9588235294117646
primary_45_DecisionBoundary_feature_squeezing_Base,45,DecisionBoundary,feature_squeezing,Base,51,79,1,414,6,0.986,0.9875,0.9294117647058824,0.9575757575757576,0.9635010630758327
primary_45_DecisionBoundary_feature_squeezing_Base,45,DecisionBoundary,feature_squeezing,Base,52,75,0,415,10,0.98,1.0,0.8823529411764706,0.9375,0.9411764705882353
primary_45_DecisionBoundary_feature_squeezing_Base,45,DecisionBoundary,feature_squeezing,Base,53,75,0,415,10,0.98,1.0,0.8823529411764706,0.9375,0.9411764705882353
primary_45_DecisionBoundary_feature_squeezing_Base,45,DecisionBoundary,feature_squeezing,Base,54,82,0,415,3,0.994,1.0,0.9647058823529412,0.9820359281437125,0.9823529411764707
primary_45_DecisionBoundary_feature_squeezing_Base,45,DecisionBoundary,feature_squeezing,Base,55,76,0,415,9,0.982,1.0,0.8941176470588236,0.9440993788819877,0.9470588235294117
primary_45_DecisionBoundary_feature_squeezing_Base,45,DecisionBoundary,feature_squeezing,Base,56,75,0,415,10,0.98,1.0,0.8823529411764706,0.9375,0.9411764705882353
primary_45_DecisionBoundary_feature_squeezing_Base,45,DecisionBoundary,feature_squeezing,Base,57,81,0,415,4,0.992,1.0,0.9529411764705882,0.9759036144578312,0.9764705882352941
primary_45_DecisionBoundary_feature_squeezing_Base,45,DecisionBoundary,feature_squeezing,Base,58,81,0,415,4,0.992,1.0,0.9529411764705882,0.9759036144578312,0.9764705882352941
primary_45_DecisionBoundary_feature_squeezing_Base,45,DecisionBoundary,feature_squeezing,Base,59,76,0,415,9,0.982,1.0,0.8941176470588236,0.9440993788819877,0.9470588235294117
primary_45_DecisionBoundary_feature_squeezing_Base,45,DecisionBoundary,feature_squeezing,Base,60,78,0,415,7,0.986,1.0,0.9176470588235294,0.9570552147239264,0.9588235294117646
primary_45_DecisionBoundary_feature_squeezing_Base,45,DecisionBoundary,feature_squeezing,Base,61,77,0,415,8,0.984,1.0,0.9058823529411765,0.9506172839506173,0.9529411764705882
primary_45_DecisionBoundary_feature_squeezing_Base,45,DecisionBoundary,feature_squeezing,Base,62,81,0,415,4,0.992,1.0,0.9529411764705882,0.9759036144578312,0.9764705882352941
primary_45_DecisionBoundary_feature_squeezing_Base,45,DecisionBoundary,feature_squeezing,Base,63,75,0,415,10,0.98,1.0,0.8823529411764706,0.9375,0.9411764705882353
primary_45_DecisionBoundary_feature_squeezing_Base,45,DecisionBoundary,feature_squeezing,Base,64,76,0,415,9,0.982,1.0,0.8941176470588236,0.9440993788819877,0.9470588235294117
primary_45_DecisionBoundary_feature_squeezing_Base,45,DecisionBoundary,feature_squeezing,Base,65,77,0,415,8,0.984,1.0,0.9058823529411765,0.9506172839506173,0.9529411764705882
primary_45_DecisionBoundary_feature_squeezing_Base,45,DecisionBoundary,feature_squeezing,Base,66,79,0,415,6,0.988,1.0,0.9294117647058824,0.9634146341463414,0.9647058823529412
primary_45_DecisionBoundary_feature_squeezing_Base,45,DecisionBoundary,feature_squeezing,Base,67,80,0,415,5,0.99,1.0,0.9411764705882353,0.9696969696969697,0.9705882352941176
primary_45_DecisionBoundary_feature_squeezing_Base,45,DecisionBoundary,feature_squeezing,Base,68,79,0,415,6,0.988,1.0,0.9294117647058824,0.9634146341463414,0.9647058823529412
primary_45_DecisionBoundary_feature_squeezing_Base,45,DecisionBoundary,feature_squeezing,Base,69,76,1,414,9,0.98,0.987012987012987,0.8941176470588236,0.9382716049382716,0.9458540042523034
primary_45_DecisionBoundary_feature_squeezing_Base,45,DecisionBoundary,feature_squeezing,Base,70,81,0,415,4,0.992,1.0,0.9529411764705882,0.9759036144578312,0.9764705882352941
primary_45_DecisionBoundary_feature_squeezing_Base,45,DecisionBoundary,feature_squeezing,Base,71,76,0,415,9,0.982,1.0,0.8941176470588236,0.9440993788819877,0.9470588235294117
primary_45_DecisionBoundary_feature_squeezing_Base,45,DecisionBoundary,feature_squeezing,Base,72,76,0,415,9,0.982,1.0,0.8941176470588236,0.9440993788819877,0.9470588235294117
primary_45_DecisionBoundary_feature_squeezing_Base,45,DecisionBoundary,feature_squeezing,Base,73,77,0,415,8,0.984,1.0,0.9058823529411765,0.9506172839506173,0.9529411764705882
primary_45_DecisionBoundary_feature_squeezing_Base,45,DecisionBoundary,feature_squeezing,Base,74,79,0,415,6,0.988,1.0,0.9294117647058824,0.9634146341463414,0.9647058823529412
primary_45_DecisionBoundary_feature_squeezing_Base,45,DecisionBoundary,feature_squeezing,Base,75,78,0,415,7,0.986,1.0,0.9176470588235294,0.9570552147239264,0.9588235294117646
primary_45_DecisionBoundary_feature_squeezing_Base,45,DecisionBoundary,feature_squeezing,Base,76,79,1,414,6,0.986,0.9875,0.9294117647058824,0.9575757575757576,0.9635010630758327
primary_45_DecisionBoundary_feature_squeezing_Base,45,DecisionBoundary,feature_squeezing,Base,77,79,0,415,6,0.988,1.0,0.9294117647058824,0.9634146341463414,0.9647058823529412
primary_45_DecisionBoundary_feature_squeezing_Base,45,DecisionBoundary,feature_squeezing,Base,78,78,0,415,7,0.986,1.0,0.9176470588235294,0.9570552147239264,0.9588235294117646
primary_45_DecisionBoundary_feature_squeezing_Base,45,DecisionBoundary,feature_squeezing,Base,79,80,0,415,5,0.99,1.0,0.9411764705882353,0.9696969696969697,0.9705882352941176
primary_45_DecisionBoundary_feature_squeezing_Base,45,DecisionBoundary,feature_squeezing,Base,80,76,0,415,9,0.982,1.0,0.8941176470588236,0.9440993788819877,0.9470588235294117
primary_45_DecisionBoundary_feature_squeezing_Base,45,DecisionBoundary,feature_squeezing,Base,81,72,0,415,13,0.974,1.0,0.8470588235294118,0.9171974522292993,0.9235294117647059
primary_45_DecisionBoundary_feature_squeezing_Base,45,DecisionBoundary,feature_squeezing,Base,82,77,0,415,8,0.984,1.0,0.9058823529411765,0.9506172839506173,0.9529411764705882
primary_45_DecisionBoundary_feature_squeezing_Base,45,DecisionBoundary,feature_squeezing,Base,83,74,0,415,11,0.978,1.0,0.8705882352941177,0.9308176100628931,0.9352941176470588
primary_45_DecisionBoundary_feature_squeezing_Base,45,DecisionBoundary,feature_squeezing,Base,84,79,0,415,6,0.988,1.0,0.9294117647058824,0.9634146341463414,0.9647058823529412
primary_45_DecisionBoundary_feature_squeezing_Base,45,DecisionBoundary,feature_squeezing,Base,85,80,0,415,5,0.99,1.0,0.9411764705882353,0.9696969696969697,0.9705882352941176
primary_45_DecisionBoundary_feature_squeezing_Base,45,DecisionBoundary,feature_squeezing,Base,86,71,1,414,14,0.97,0.9861111111111112,0.8352941176470589,0.9044585987261147,0.916442239546421
primary_45_DecisionBoundary_feature_squeezing_Base,45,DecisionBoundary,feature_squeezing,Base,87,71,0,415,14,0.972,1.0,0.8352941176470589,0.9102564102564102,0.9176470588235295
primary_45_DecisionBoundary_feature_squeezing_Base,45,DecisionBoundary,feature_squeezing,Base,88,76,0,415,9,0.982,1.0,0.8941176470588236,0.9440993788819877,0.9470588235294117
primary_45_DecisionBoundary_feature_squeezing_Base,45,DecisionBoundary,feature_squeezing,Base,89,78,0,415,7,0.986,1.0,0.9176470588235294,0.9570552147239264,0.9588235294117646
primary_45_DecisionBoundary_feature_squeezing_Base,45,DecisionBoundary,feature_squeezing,Base,90,78,1,414,7,0.984,0.9873417721518988,0.9176470588235294,0.9512195121951219,0.9576187101346563
primary_45_DecisionBoundary_feature_squeezing_Base,45,DecisionBoundary,feature_squeezing,Base,91,78,0,415,7,0.986,1.0,0.9176470588235294,0.9570552147239264,0.9588235294117646
primary_45_DecisionBoundary_feature_squeezing_Base,45,DecisionBoundary,feature_squeezing,Base,92,79,0,415,6,0.988,1.0,0.9294117647058824,0.9634146341463414,0.9647058823529412
primary_45_DecisionBoundary_feature_squeezing_Base,45,DecisionBoundary,feature_squeezing,Base,93,77,0,415,8,0.984,1.0,0.9058823529411765,0.9506172839506173,0.9529411764705882
primary_45_DecisionBoundary_feature_squeezing_Base,45,DecisionBoundary,feature_squeezing,Base,94,78,0,415,7,0.986,1.0,0.9176470588235294,0.9570552147239264,0.9588235294117646
primary_45_DecisionBoundary_feature_squeezing_Base,45,DecisionBoundary,feature_squeezing,Base,95,80,0,415,5,0.99,1.0,0.9411764705882353,0.9696969696969697,0.9705882352941176
primary_45_DecisionBoundary_feature_squeezing_Base,45,DecisionBoundary,feature_squeezing,Base,96,81,0,415,4,0.992,1.0,0.9529411764705882,0.9759036144578312,0.9764705882352941
primary_45_DecisionBoundary_feature_squeezing_Base,45,DecisionBoundary,feature_squeezing,Base,97,73,1,414,12,0.974,0.9864864864864865,0.8588235294117647,0.9182389937106918,0.9282069454287739
primary_45_DecisionBoundary_feature_squeezing_Base,45,DecisionBoundary,feature_squeezing,Base,98,79,0,415,6,0.988,1.0,0.9294117647058824,0.9634146341463414,0.9647058823529412
primary_45_DecisionBoundary_feature_squeezing_Base,45,DecisionBoundary,feature_squeezing,Base,99,79,0,415,6,0.988,1.0,0.9294117647058824,0.9634146341463414,0.9647058823529412
primary_45_DecisionBoundary_feature_squeezing_Base,45,DecisionBoundary,feature_squeezing,Base,100,76,0,415,9,0.982,1.0,0.8941176470588236,0.9440993788819877,0.9470588235294117
primary_45_DecisionBoundary_feature_squeezing_Base,45,DecisionBoundary,feature_squeezing,Base,101,79,0,415,6,0.988,1.0,0.9294117647058824,0.9634146341463414,0.9647058823529412
primary_45_DecisionBoundary_feature_squeezing_Base,45,DecisionBoundary,feature_squeezing,Base,102,80,0,415,5,0.99,1.0,0.9411764705882353,0.9696969696969697,0.9705882352941176
primary_45_DecisionBoundary_feature_squeezing_Base,45,DecisionBoundary,feature_squeezing,Base,103,81,0,415,4,0.992,1.0,0.9529411764705882,0.9759036144578312,0.9764705882352941
primary_45_DecisionBoundary_feature_squeezing_Base,45,DecisionBoundary,feature_squeezing,Base,104,80,0,415,5,0.99,1.0,0.9411764705882353,0.9696969696969697,0.9705882352941176
primary_45_DecisionBoundary_feature_squeezing_Base,45,DecisionBoundary,feature_squeezing,Base,105,79,0,415,6,0.988,1.0,0.9294117647058824,0.9634146341463414,0.9647058823529412
primary_45_DecisionBoundary_feature_squeezing_Base,45,DecisionBoundary,feature_squeezing,Base,106,77,0,415,8,0.984,1.0,0.9058823529411765,0.9506172839506173,0.9529411764705882
primary_45_DecisionBoundary_feature_squeezing_Base,45,DecisionBoundary,feature_squeezing,Base,107,78,0,415,7,0.986,1.0,0.9176470588235294,0.9570552147239264,0.9588235294117646
primary_45_DecisionBoundary_feature_squeezing_Base,45,DecisionBoundary,feature_squeezing,Base,108,78,0,415,7,0.986,1.0,0.9176470588235294,0.9570552147239264,0.9588235294117646
primary_45_DecisionBoundary_feature_squeezing_Base,45,DecisionBoundary,feature_squeezing,Base,109,75,0,415,10,0.98,1.0,0.8823529411764706,0.9375,0.9411764705882353
primary_45_DecisionBoundary_feature_squeezing_Base,45,DecisionBoundary,feature_squeezing,Base,110,77,1,414,8,0.982,0.9871794871794872,0.9058823529411765,0.9447852760736197,0.9517363571934798
primary_45_DecisionBoundary_feature_squeezing_Base,45,DecisionBoundary,feature_squeezing,Base,111,80,0,415,5,0.99,1.0,0.9411764705882353,0.9696969696969697,0.9705882352941176
primary_45_DecisionBoundary_feature_squeezing_Base,45,DecisionBoundary,feature_squeezing,Base,112,81,1,414,4,0.99,0.9878048780487805,0.9529411764705882,0.9700598802395209,0.9752657689581856
primary_45_DecisionBoundary_feature_squeezing_Base,45,DecisionBoundary,feature_squeezing,Base,113,79,0,415,6,0.988,1.0,0.9294117647058824,0.9634146341463414,0.9647058823529412
primary_45_DecisionBoundary_feature_squeezing_Base,45,DecisionBoundary,feature_squeezing,Base,114,77,0,415,8,0.984,1.0,0.9058823529411765,0.9506172839506173,0.9529411764705882
primary_45_DecisionBoundary_feature_squeezing_Base,45,DecisionBoundary,feature_squeezing,Base,115,77,0,415,8,0.984,1.0,0.9058823529411765,0.9506172839506173,0.9529411764705882
primary_45_DecisionBoundary_feature_squeezing_Base,45,DecisionBoundary,feature_squeezing,Base,116,75,0,415,10,0.98,1.0,0.8823529411764706,0.9375,0.9411764705882353
primary_45_DecisionBoundary_feature_squeezing_Base,45,DecisionBoundary,feature_squeezing,Base,117,78,1,414,7,0.984,0.9873417721518988,0.9176470588235294,0.9512195121951219,0.9576187101346563
primary_45_DecisionBoundary_feature_squeezing_Base,45,DecisionBoundary,feature_squeezing,Base,118,78,0,415,7,0.986,1.0,0.9176470588235294,0.9570552147239264,0.9588235294117646
primary_45_DecisionBoundary_feature_squeezing_Base,45,DecisionBoundary,feature_squeezing,Base,119,76,0,415,9,0.982,1.0,0.8941176470588236,0.9440993788819877,0.9470588235294117
primary_45_DecisionBoundary_feature_squeezing_Base,45,DecisionBoundary,feature_squeezing,Base,120,80,0,415,5,0.99,1.0,0.9411764705882353,0.9696969696969697,0.9705882352941176
primary_45_DecisionBoundary_feature_squeezing_Base,45,DecisionBoundary,feature_squeezing,Base,121,80,0,415,5,0.99,1.0,0.9411764705882353,0.9696969696969697,0.9705882352941176
primary_45_DecisionBoundary_feature_squeezing_Base,45,DecisionBoundary,feature_squeezing,Base,122,79,0,415,6,0.988,1.0,0.9294117647058824,0.9634146341463414,0.9647058823529412
primary_45_DecisionBoundary_feature_squeezing_Base,45,DecisionBoundary,feature_squeezing,Base,123,73,0,415,12,0.976,1.0,0.8588235294117647,0.9240506329113923,0.9294117647058824
primary_45_DecisionBoundary_feature_squeezing_Base,45,DecisionBoundary,feature_squeezing,Base,124,76,0,415,9,0.982,1.0,0.8941176470588236,0.9440993788819877,0.9470588235294117
primary_45_DecisionBoundary_feature_squeezing_Base,45,DecisionBoundary,feature_squeezing,Base,125,77,0,415,8,0.984,1.0,0.9058823529411765,0.9506172839506173,0.9529411764705882
primary_45_DecisionBoundary_feature_squeezing_Base,45,DecisionBoundary,feature_squeezing,Base,126,81,0,415,4,0.992,1.0,0.9529411764705882,0.9759036144578312,0.9764705882352941
primary_45_DecisionBoundary_feature_squeezing_Base,45,DecisionBoundary,feature_squeezing,Base,127,75,0,415,10,0.98,1.0,0.8823529411764706,0.9375,0.9411764705882353
primary_45_DecisionBoundary_feature_squeezing_Base,45,DecisionBoundary,feature_squeezing,Base,128,79,0,415,6,0.988,1.0,0.9294117647058824,0.9634146341463414,0.9647058823529412
primary_45_DecisionBoundary_feature_squeezing_Base,45,DecisionBoundary,feature_squeezing,Base,129,77,0,415,8,0.984,1.0,0.9058823529411765,0.9506172839506173,0.9529411764705882
primary_45_DecisionBoundary_feature_squeezing_Base,45,DecisionBoundary,feature_squeezing,Base,130,81,0,415,4,0.992,1.0,0.9529411764705882,0.9759036144578312,0.9764705882352941
primary_45_DecisionBoundary_feature_squeezing_Base,45,DecisionBoundary,feature_squeezing,Base,131,78,0,415,7,0.986,1.0,0.9176470588235294,0.9570552147239264,0.9588235294117646
primary_45_DecisionBoundary_feature_squeezing_Base,45,DecisionBoundary,feature_squeezing,Base,132,76,0,415,9,0.982,1.0,0.8941176470588236,0.9440993788819877,0.9470588235294117
primary_45_DecisionBoundary_feature_squeezing_Base,45,DecisionBoundary,feature_squeezing,Base,133,81,0,415,4,0.992,1.0,0.9529411764705882,0.9759036144578312,0.9764705882352941
primary_45_DecisionBoundary_feature_squeezing_Base,45,DecisionBoundary,feature_squeezing,Base,134,76,0,415,9,0.982,1.0,0.8941176470588236,0.9440993788819877,0.9470588235294117
primary_45_DecisionBoundary_feature_squeezing_Base,45,DecisionBoundary,feature_squeezing,Base,135,82,0,415,3,0.994,1.0,0.9647058823529412,0.9820359281437125,0.9823529411764707
primary_45_DecisionBoundary_feature_squeezing_Base,45,DecisionBoundary,feature_squeezing,Base,136,80,0,415,5,0.99,1.0,0.9411764705882353,0.9696969696969697,0.9705882352941176
primary_45_DecisionBoundary_feature_squeezing_Base,45,DecisionBoundary,feature_squeezing,Base,137,77,0,415,8,0.984,1.0,0.9058823529411765,0.9506172839506173,0.9529411764705882
primary_45_DecisionBoundary_feature_squeezing_Base,45,DecisionBoundary,feature_squeezing,Base,138,79,0,415,6,0.988,1.0,0.9294117647058824,0.9634146341463414,0.9647058823529412
primary_45_DecisionBoundary_feature_squeezing_Base,45,DecisionBoundary,feature_squeezing,Base,139,76,0,415,9,0.982,1.0,0.8941176470588236,0.9440993788819877,0.9470588235294117
primary_45_DecisionBoundary_feature_squeezing_Base,45,DecisionBoundary,feature_squeezing,Base,140,76,0,415,9,0.982,1.0,0.8941176470588236,0.9440993788819877,0.9470588235294117
primary_45_DecisionBoundary_feature_squeezing_Base,45,DecisionBoundary,feature_squeezing,Base,141,76,0,415,9,0.982,1.0,0.8941176470588236,0.9440993788819877,0.9470588235294117
primary_45_DecisionBoundary_feature_squeezing_Base,45,DecisionBoundary,feature_squeezing,Base,142,83,0,415,2,0.996,1.0,0.9764705882352941,0.988095238095238,0.9882352941176471
primary_45_DecisionBoundary_feature_squeezing_Base,45,DecisionBoundary,feature_squeezing,Base,143,78,0,415,7,0.986,1.0,0.9176470588235294,0.9570552147239264,0.9588235294117646
primary_45_DecisionBoundary_feature_squeezing_C1,45,DecisionBoundary,feature_squeezing,C1,0,76,0,414,10,0.98,1.0,0.8837209302325582,0.9382716049382717,0.9418604651162791
primary_45_DecisionBoundary_feature_squeezing_C1,45,DecisionBoundary,feature_squeezing,C1,1,79,0,414,7,0.986,1.0,0.9186046511627907,0.9575757575757576,0.9593023255813953
primary_45_DecisionBoundary_feature_squeezing_C1,45,DecisionBoundary,feature_squeezing,C1,2,82,1,413,4,0.99,0.9879518072289156,0.9534883720930233,0.9704142011834319,0.9755364565779125
primary_45_DecisionBoundary_feature_squeezing_C1,45,DecisionBoundary,feature_squeezing,C1,3,82,0,414,4,0.992,1.0,0.9534883720930233,0.9761904761904763,0.9767441860465116
primary_45_DecisionBoundary_feature_squeezing_C1,45,DecisionBoundary,feature_squeezing,C1,4,83,1,413,3,0.992,0.9880952380952381,0.9651162790697675,0.9764705882352942,0.9813504100662847
primary_45_DecisionBoundary_feature_squeezing_C1,45,DecisionBoundary,feature_squeezing,C1,5,83,0,414,3,0.994,1.0,0.9651162790697675,0.9822485207100593,0.9825581395348837
primary_45_DecisionBoundary_feature_squeezing_C1,45,DecisionBoundary,feature_squeezing,C1,6,79,0,414,7,0.986,1.0,0.9186046511627907,0.9575757575757576,0.9593023255813953
primary_45_DecisionBoundary_feature_squeezing_C1,45,DecisionBoundary,feature_squeezing,C1,7,80,1,413,6,0.986,0.9876543209876543,0.9302325581395349,0.9580838323353293,0.9639085496011683
primary_45_DecisionBoundary_feature_squeezing_C1,45,DecisionBoundary,feature_squeezing,C1,8,80,1,413,6,0.986,0.9876543209876543,0.9302325581395349,0.9580838323353293,0.9639085496011683
primary_45_DecisionBoundary_feature_squeezing_C1,45,DecisionBoundary,feature_squeezing,C1,9,84,0,414,2,0.996,1.0,0.9767441860465116,0.988235294117647,0.9883720930232558
primary_45_DecisionBoundary_feature_squeezing_C1,45,DecisionBoundary,feature_squeezing,C1,10,79,1,413,7,0.984,0.9875,0.9186046511627907,0.9518072289156626,0.9580945961127962
primary_45_DecisionBoundary_feature_squeezing_C1,45,DecisionBoundary,feature_squeezing,C1,11,79,0,414,7,0.986,1.0,0.9186046511627907,0.9575757575757576,0.9593023255813953
primary_45_DecisionBoundary_feature_squeezing_C1,45,DecisionBoundary,feature_squeezing,C1,12,81,0,414,5,0.99,1.0,0.9418604651162791,0.970059880239521,0.9709302325581395
primary_45_DecisionBoundary_feature_squeezing_C1,45,DecisionBoundary,feature_squeezing,C1,13,84,0,414,2,0.996,1.0,0.9767441860465116,0.988235294117647,0.9883720930232558
primary_45_DecisionBoundary_feature_squeezing_C1,45,DecisionBoundary,feature_squeezing,C1,14,82,1,413,4,0.99,0.9879518072289156,0.9534883720930233,0.9704142011834319,0.9755364565779125
primary_45_DecisionBoundary_feature_squeezing_C1,45,DecisionBoundary,feature_squeezing,C1,15,79,0,414,7,0.986,1.0,0.9186046511627907,0.9575757575757576,0.9593023255813953
primary_45_DecisionBoundary_feature_squeezing_C1,45,DecisionBoundary,feature_squeezing,C1,16,78,1,413,8,0.982,0.9873417721518988,0.9069767441860465,0.9454545454545454,0.9522806426244241
primary_45_DecisionBoundary_feature_squeezing_C1,45,DecisionBoundary,feature_squeezing,C1,17,83,0,415,2,0.996,1.0,0.9764705882352941,0.988095238095238,0.9882352941176471
primary_45_DecisionBoundary_feature_squeezing_C1,45,DecisionBoundary,feature_squeezing,C1,18,80,0,415,5,0.99,1.0,0.9411764705882353,0.9696969696969697,0.9705882352941176
primary_45_DecisionBoundary_feature_squeezing_C1,45,DecisionBoundary,feature_squeezing,C1,19,83,0,415,2,0.996,1.0,0.9764705882352941,0.988095238095238,0.9882352941176471
primary_45_DecisionBoundary_feature_squeezing_C1,45,DecisionBoundary,feature_squeezing,C1,20,75,1,414,10,0.978,0.9868421052631579,0.8823529411764706,0.9316770186335402,0.9399716513111269
primary_45_DecisionBoundary_feature_squeezing_C1,45,DecisionBoundary,feature_squeezing,C1,21,75,1,414,10,0.978,0.9868421052631579,0.8823529411764706,0.9316770186335402,0.9399716513111269
primary_45_DecisionBoundary_feature_squeezing_C1,45,DecisionBoundary,feature_squeezing,C1,22,75,0,415,10,0.98,1.0,0.8823529411764706,0.9375,0.9411764705882353
primary_45_DecisionBoundary_feature_squeezing_C1,45,DecisionBoundary,feature_squeezing,C1,23,81,2,413,4,0.988,0.9759036144578314,0.9529411764705882,0.9642857142857143,0.9740609496810773
primary_45_DecisionBoundary_feature_squeezing_C1,45,DecisionBoundary,feature_squeezing,C1,24,77,2,413,8,0.98,0.9746835443037974,0.9058823529411765,0.9390243902439025,0.9505315379163713
primary_45_DecisionBoundary_feature_squeezing_C1,45,DecisionBoundary,feature_squeezing,C1,25,76,0,415,9,0.982,1.0,0.8941176470588236,0.9440993788819877,0.9470588235294117
primary_45_DecisionBoundary_feature_squeezing_C1,45,DecisionBoundary,feature_squeezing,C1,26,76,0,415,9,0.982,1.0,0.8941176470588236,0.9440993788819877,0.9470588235294117
primary_45_DecisionBoundary_feature_squeezing_C1,45,DecisionBoundary,feature_squeezing,C1,27,74,0,415,11,0.978,1.0,0.8705882352941177,0.9308176100628931,0.9352941176470588
primary_45_DecisionBoundary_feature_squeezing_C1,45,DecisionBoundary,feature_squeezing,C1,28,78,0,415,7,0.986,1.0,0.9176470588235294,0.9570552147239264,0.9588235294117646
primary_45_DecisionBoundary_feature_squeezing_C1,45,DecisionBoundary,feature_squeezing,C1,29,79,0,415,6,0.988,1.0,0.9294117647058824,0.9634146341463414,0.9647058823529412
primary_45_DecisionBoundary_feature_squeezing_C1,45,DecisionBoundary,feature_squeezing,C1,30,78,0,415,7,0.986,1.0,0.9176470588235294,0.9570552147239264,0.9588235294117646
primary_45_DecisionBoundary_feature_squeezing_C1,45,DecisionBoundary,feature_squeezing,C1,31,76,1,414,9,0.98,0.987012987012987,0.8941176470588236,0.9382716049382716,0.9458540042523034
primary_45_DecisionBoundary_feature_squeezing_C1,45,DecisionBoundary,feature_squeezing,C1,32,80,0,415,5,0.99,1.0,0.9411764705882353,0.9696969696969697,0.9705882352941176
primary_45_DecisionBoundary_feature_squeezing_C1,45,DecisionBoundary,feature_squeezing,C1,33,80,0,415,5,0.99,1.0,0.9411764705882353,0.9696969696969697,0.9705882352941176
primary_45_DecisionBoundary_feature_squeezing_C1,45,DecisionBoundary,feature_squeezing,C1,34,77,1,414,8,0.982,0.9871794871794872,0.9058823529411765,0.9447852760736197,0.9517363571934798
primary_45_DecisionBoundary_feature_squeezing_C1,45,DecisionBoundary,feature_squeezing,C1,35,75,0,415,10,0.98,1.0,0.8823529411764706,0.9375,0.9411764705882353
primary_45_DecisionBoundary_feature_squeezing_C1,45,DecisionBoundary,feature_squeezing,C1,36,80,0,415,5,0.99,1.0,0.9411764705882353,0.9696969696969697,0.9705882352941176
primary_45_DecisionBoundary_feature_squeezing_C1,45,DecisionBoundary,feature_squeezing,C1,37,80,1,414,5,0.988,0.9876543209876543,0.9411764705882353,0.963855421686747,0.9693834160170092
primary_45_DecisionBoundary_feature_squeezing_C1,45,DecisionBoundary,feature_squeezing,C1,38,80,0,415,5,0.99,1.0,0.9411764705882353,0.9696969696969697,0.9705882352941176
primary_45_DecisionBoundary_feature_squeezing_C1,45,DecisionBoundary,feature_squeezing,C1,39,78,0,415,7,0.986,1.0,0.9176470588235294,0.9570552147239264,0.9588235294117646
primary_45_DecisionBoundary_feature_squeezing_C1,45,DecisionBoundary,feature_squeezing,C1,40,81,0,415,4,0.992,1.0,0.9529411764705882,0.9759036144578312,0.9764705882352941
primary_45_DecisionBoundary_feature_squeezing_C1,45,DecisionBoundary,feature_squeezing,C1,41,79,0,415,6,0.988,1.0,0.9294117647058824,0.9634146341463414,0.9647058823529412
primary_45_DecisionBoundary_feature_squeezing_C1,45,DecisionBoundary,feature_squeezing,C1,42,81,0,415,4,0.992,1.0,0.9529411764705882,0.9759036144578312,0.9764705882352941
primary_45_DecisionBoundary_feature_squeezing_C1,45,DecisionBoundary,feature_squeezing,C1,43,78,1,414,7,0.984,0.9873417721518988,0.9176470588235294,0.9512195121951219,0.9576187101346563
primary_45_DecisionBoundary_feature_squeezing_C1,45,DecisionBoundary,feature_squeezing,C1,44,79,0,415,6,0.988,1.0,0.9294117647058824,0.9634146341463414,0.9647058823529412
primary_45_DecisionBoundary_feature_squeezing_C1,45,DecisionBoundary,feature_squeezing,C1,45,78,0,415,7,0.986,1.0,0.9176470588235294,0.9570552147239264,0.9588235294117646
primary_45_DecisionBoundary_feature_squeezing_C1,45,DecisionBoundary,feature_squeezing,C1,46,81,1,414,4,0.99,0.9878048780487805,0.9529411764705882,0.9700598802395209,0.9752657689581856
primary_45_DecisionBoundary_feature_squeezing_C1,45,DecisionBoundary,feature_squeezing,C1,47,76,0,415,9,0.982,1.0,0.8941176470588236,0.9440993788819877,0.9470588235294117
primary_45_DecisionBoundary_feature_squeezing_C1,45,DecisionBoundary,feature_squeezing,C1,48,79,0,415,6,0.988,1.0,0.9294117647058824,0.9634146341463414,0.9647058823529412
primary_45_DecisionBoundary_feature_squeezing_C1,45,DecisionBoundary,feature_squeezing,C1,49,76,0,415,9,0.982,1.0,0.8941176470588236,0.9440993788819877,0.9470588235294117
primary_45_DecisionBoundary_feature_squeezing_C1,45,DecisionBoundary,feature_squeezing,C1,50,80,0,415,5,0.99,1.0,0.9411764705882353,0.9696969696969697,0.9705882352941176
primary_45_DecisionBoundary_feature_squeezing_C1,45,DecisionBoundary,feature_squeezing,C1,51,79,1,414,6,0.986,0.9875,0.9294117647058824,0.9575757575757576,0.9635010630758327
primary_45_DecisionBoundary_feature_squeezing_C1,45,DecisionBoundary,feature_squeezing,C1,52,77,1,414,8,0.982,0.9871794871794872,0.9058823529411765,0.9447852760736197,0.9517363571934798
primary_45_DecisionBoundary_feature_squeezing_C1,45,DecisionBoundary,feature_squeezing,C1,53,76,1,414,9,0.98,0.987012987012987,0.8941176470588236,0.9382716049382716,0.9458540042523034
primary_45_DecisionBoundary_feature_squeezing_C1,45,DecisionBoundary,feature_squeezing,C1,54,82,0,415,3,0.994,1.0,0.9647058823529412,0.9820359281437125,0.9823529411764707
primary_45_DecisionBoundary_feature_squeezing_C1,45,DecisionBoundary,feature_squeezing,C1,55,76,0,415,9,0.982,1.0,0.8941176470588236,0.9440993788819877,0.9470588235294117
primary_45_DecisionBoundary_feature_squeezing_C1,45,DecisionBoundary,feature_squeezing,C1,56,75,0,415,10,0.98,1.0,0.8823529411764706,0.9375,0.9411764705882353
primary_45_DecisionBoundary_feature_squeezing_C1,45,DecisionBoundary,feature_squeezing,C1,57,81,0,415,4,0.992,1.0,0.9529411764705882,0.9759036144578312,0.9764705882352941
primary_45_DecisionBoundary_feature_squeezing_C1,45,DecisionBoundary,feature_squeezing,C1,58,81,1,414,4,0.99,0.9878048780487805,0.9529411764705882,0.9700598802395209,0.9752657689581856
primary_45_DecisionBoundary_feature_squeezing_C1,45,DecisionBoundary,feature_squeezing,C1,59,77,0,415,8,0.984,1.0,0.9058823529411765,0.9506172839506173,0.9529411764705882
primary_45_DecisionBoundary_feature_squeezing_C1,45,DecisionBoundary,feature_squeezing,C1,60,80,0,415,5,0.99,1.0,0.9411764705882353,0.9696969696969697,0.9705882352941176
primary_45_DecisionBoundary_feature_squeezing_C1,45,DecisionBoundary,feature_squeezing,C1,61,79,0,415,6,0.988,1.0,0.9294117647058824,0.9634146341463414,0.9647058823529412
primary_45_DecisionBoundary_feature_squeezing_C1,45,DecisionBoundary,feature_squeezing,C1,62,81,0,415,4,0.992,1.0,0.9529411764705882,0.9759036144578312,0.9764705882352941
primary_45_DecisionBoundary_feature_squeezing_C1,45,DecisionBoundary,feature_squeezing,C1,63,76,0,415,9,0.982,1.0,0.8941176470588236,0.9440993788819877,0.9470588235294117
primary_45_DecisionBoundary_feature_squeezing_C1,45,DecisionBoundary,feature_squeezing,C1,64,76,0,415,9,0.982,1.0,0.8941176470588236,0.9440993788819877,0.9470588235294117
primary_45_DecisionBoundary_feature_squeezing_C1,45,DecisionBoundary,feature_squeezing,C1,65,78,0,415,7,0.986,1.0,0.9176470588235294,0.9570552147239264,0.9588235294117646
primary_45_DecisionBoundary_feature_squeezing_C1,45,DecisionBoundary,feature_squeezing,C1,66,80,0,415,5,0.99,1.0,0.9411764705882353,0.9696969696969697,0.9705882352941176
primary_45_DecisionBoundary_feature_squeezing_C1,45,DecisionBoundary,feature_squeezing,C1,67,80,0,415,5,0.99,1.0,0.9411764705882353,0.9696969696969697,0.9705882352941176
primary_45_DecisionBoundary_feature_squeezing_C1,45,DecisionBoundary,feature_squeezing,C1,68,79,0,415,6,0.988,1.0,0.9294117647058824,0.9634146341463414,0.9647058823529412
primary_45_DecisionBoundary_feature_squeezing_C1,45,DecisionBoundary,feature_squeezing,C1,69,79,1,414,6,0.986,0.9875,0.9294117647058824,0.9575757575757576,0.9635010630758327
primary_45_DecisionBoundary_feature_squeezing_C1,45,DecisionBoundary,feature_squeezing,C1,70,81,0,415,4,0.992,1.0,0.9529411764705882,0.9759036144578312,0.9764705882352941
primary_45_DecisionBoundary_feature_squeezing_C1,45,DecisionBoundary,feature_squeezing,C1,71,76,0,415,9,0.982,1.0,0.8941176470588236,0.9440993788819877,0.9470588235294117
primary_45_DecisionBoundary_feature_squeezing_C1,45,DecisionBoundary,feature_squeezing,C1,72,76,0,415,9,0.982,1.0,0.8941176470588236,0.9440993788819877,0.9470588235294117
primary_45_DecisionBoundary_feature_squeezing_C1,45,DecisionBoundary,feature_squeezing,C1,73,77,0,415,8,0.984,1.0,0.9058823529411765,0.9506172839506173,0.9529411764705882
primary_45_DecisionBoundary_feature_squeezing_C1,45,DecisionBoundary,feature_squeezing,C1,74,79,0,415,6,0.988,1.0,0.9294117647058824,0.9634146341463414,0.9647058823529412
primary_45_DecisionBoundary_feature_squeezing_C1,45,DecisionBoundary,feature_squeezing,C1,75,78,0,415,7,0.986,1.0,0.9176470588235294,0.9570552147239264,0.9588235294117646
primary_45_DecisionBoundary_feature_squeezing_C1,45,DecisionBoundary,feature_squeezing,C1,76,79,0,415,6,0.988,1.0,0.9294117647058824,0.9634146341463414,0.9647058823529412
primary_45_DecisionBoundary_feature_squeezing_C1,45,DecisionBoundary,feature_squeezing,C1,77,79,0,415,6,0.988,1.0,0.9294117647058824,0.9634146341463414,0.9647058823529412
primary_45_DecisionBoundary_feature_squeezing_C1,45,DecisionBoundary,feature_squeezing,C1,78,82,0,415,3,0.994,1.0,0.9647058823529412,0.9820359281437125,0.9823529411764707
primary_45_DecisionBoundary_feature_squeezing_C1,45,DecisionBoundary,feature_squeezing,C1,79,81,0,415,4,0.992,1.0,0.9529411764705882,0.9759036144578312,0.9764705882352941
primary_45_DecisionBoundary_feature_squeezing_C1,45,DecisionBoundary,feature_squeezing,C1,80,77,0,415,8,0.984,1.0,0.9058823529411765,0.9506172839506173,0.9529411764705882
primary_45_DecisionBoundary_feature_squeezing_C1,45,DecisionBoundary,feature_squeezing,C1,81,73,0,415,12,0.976,1.0,0.8588235294117647,0.9240506329113923,0.9294117647058824
primary_45_DecisionBoundary_feature_squeezing_C1,45,DecisionBoundary,feature_squeezing,C1,82,77,0,415,8,0.984,1.0,0.9058823529411765,0.9506172839506173,0.9529411764705882
primary_45_DecisionBoundary_feature_squeezing_C1,45,DecisionBoundary,feature_squeezing,C1,83,76,0,415,9,0.982,1.0,0.8941176470588236,0.9440993788819877,0.9470588235294117
primary_45_DecisionBoundary_feature_squeezing_C1,45,DecisionBoundary,feature_squeezing,C1,84,79,0,415,6,0.988,1.0,0.9294117647058824,0.9634146341463414,0.9647058823529412
primary_45_DecisionBoundary_feature_squeezing_C1,45,DecisionBoundary,feature_squeezing,C1,85,81,1,414,4,0.99,0.9878048780487805,0.9529411764705882,0.9700598802395209,0.9752657689581856
primary_45_DecisionBoundary_feature_squeezing_C1,45,DecisionBoundary,feature_squeezing,C1,86,72,1,414,13,0.972,0.9863013698630136,0.8470588235294118,0.9113924050632911,0.9223245924875975
primary_45_DecisionBoundary_feature_squeezing_C1,45,DecisionBoundary,feature_squeezing,C1,87,71,0,415,14,0.972,1.0,0.8352941176470589,0.9102564102564102,0.9176470588235295
primary_45_DecisionBoundary_feature_squeezing_C1,45,DecisionBoundary,feature_squeezing,C1,88,76,0,415,9,0.982,1.0,0.8941176470588236,0.9440993788819877,0.9470588235294117
primary_45_DecisionBoundary_feature_squeezing_C1,45,DecisionBoundary,feature_squeezing,C1,89,78,1,414,7,0.984,0.9873417721518988,0.9176470588235294,0.9512195121951219,0.9576187101346563
primary_45_DecisionBoundary_feature_squeezing_C1,45,DecisionBoundary,feature_squeezing,C1,90,79,1,414,6,0.986,0.9875,0.9294117647058824,0.9575757575757576,0.9635010630758327
primary_45_DecisionBoundary_feature_squeezing_C1,45,DecisionBoundary,feature_squeezing,C1,91,78,1,414,7,0.984,0.9873417721518988,0.9176470588235294,0.9512195121951219,0.9576187101346563
primary_45_DecisionBoundary_feature_squeezing_C1,45,DecisionBoundary,feature_squeezing,C1,92,80,0,415,5,0.99,1.0,0.9411764705882353,0.9696969696969697,0.9705882352941176
primary_45_DecisionBoundary_feature_squeezing_C1,45,DecisionBoundary,feature_squeezing,C1,93,79,0,415,6,0.988,1.0,0.9294117647058824,0.9634146341463414,0.9647058823529412
primary_45_DecisionBoundary_feature_squeezing_C1,45,DecisionBoundary,feature_squeezing,C1,94,80,0,415,5,0.99,1.0,0.9411764705882353,0.9696969696969697,0.9705882352941176
primary_45_DecisionBoundary_feature_squeezing_C1,45,DecisionBoundary,feature_squeezing,C1,95,81,0,415,4,0.992,1.0,0.9529411764705882,0.9759036144578312,0.9764705882352941
primary_45_DecisionBoundary_feature_squeezing_C1,45,DecisionBoundary,feature_squeezing,C1,96,81,0,415,4,0.992,1.0,0.9529411764705882,0.9759036144578312,0.9764705882352941
primary_45_DecisionBoundary_feature_squeezing_C1,45,DecisionBoundary,feature_squeezing,C1,97,74,1,414,11,0.976,0.9866666666666667,0.8705882352941177,0.925,0.9340892983699505
primary_45_DecisionBoundary_feature_squeezing_C1,45,DecisionBoundary,feature_squeezing,C1,98,80,0,415,5,0.99,1.0,0.9411764705882353,0.9696969696969697,0.9705882352941176
primary_45_DecisionBoundary_feature_squeezing_C1,45,DecisionBoundary,feature_squeezing,C1,99,80,0,415,5,0.99,1.0,0.9411764705882353,0.9696969696969697,0.9705882352941176
primary_45_DecisionBoundary_feature_squeezing_C1,45,DecisionBoundary,feature_squeezing,C1,100,77,0,415,8,0.984,1.0,0.9058823529411765,0.9506172839506173,0.9529411764705882
primary_45_DecisionBoundary_feature_squeezing_C1,45,DecisionBoundary,feature_squeezing,C1,101,80,0,415,5,0.99,1.0,0.9411764705882353,0.9696969696969697,0.9705882352941176
primary_45_DecisionBoundary_feature_squeezing_C1,45,DecisionBoundary,feature_squeezing,C1,102,81,0,415,4,0.992,1.0,0.9529411764705882,0.9759036144578312,0.9764705882352941
primary_45_DecisionBoundary_feature_squeezing_C1,45,DecisionBoundary,feature_squeezing,C1,103,81,0,415,4,0.992,1.0,0.9529411764705882,0.9759036144578312,0.9764705882352941
primary_45_DecisionBoundary_feature_squeezing_C1,45,DecisionBoundary,feature_squeezing,C1,104,81,0,415,4,0.992,1.0,0.9529411764705882,0.9759036144578312,0.9764705882352941
primary_45_DecisionBoundary_feature_squeezing_C1,45,DecisionBoundary,feature_squeezing,C1,105,80,0,415,5,0.99,1.0,0.9411764705882353,0.9696969696969697,0.9705882352941176
primary_45_DecisionBoundary_feature_squeezing_C1,45,DecisionBoundary,feature_squeezing,C1,106,78,0,415,7,0.986,1.0,0.9176470588235294,0.9570552147239264,0.9588235294117646
primary_45_DecisionBoundary_feature_squeezing_C1,45,DecisionBoundary,feature_squeezing,C1,107,79,0,415,6,0.988,1.0,0.9294117647058824,0.9634146341463414,0.9647058823529412
primary_45_DecisionBoundary_feature_squeezing_C1,45,DecisionBoundary,feature_squeezing,C1,108,78,0,415,7,0.986,1.0,0.9176470588235294,0.9570552147239264,0.9588235294117646
primary_45_DecisionBoundary_feature_squeezing_C1,45,DecisionBoundary,feature_squeezing,C1,109,76,0,415,9,0.982,1.0,0.8941176470588236,0.9440993788819877,0.9470588235294117
primary_45_DecisionBoundary_feature_squeezing_C1,45,DecisionBoundary,feature_squeezing,C1,110,78,1,414,7,0.984,0.9873417721518988,0.9176470588235294,0.9512195121951219,0.9576187101346563
primary_45_DecisionBoundary_feature_squeezing_C1,45,DecisionBoundary,feature_squeezing,C1,111,81,0,415,4,0.992,1.0,0.9529411764705882,0.9759036144578312,0.9764705882352941
primary_45_DecisionBoundary_feature_squeezing_C1,45,DecisionBoundary,feature_squeezing,C1,112,80,1,414,5,0.988,0.9876543209876543,0.9411764705882353,0.963855421686747,0.9693834160170092
primary_45_DecisionBoundary_feature_squeezing_C1,45,DecisionBoundary,feature_squeezing,C1,113,79,1,414,6,0.986,0.9875,0.9294117647058824,0.9575757575757576,0.9635010630758327
primary_45_DecisionBoundary_feature_squeezing_C1,45,DecisionBoundary,feature_squeezing,C1,114,79,0,415,6,0.988,1.0,0.9294117647058824,0.9634146341463414,0.9647058823529412
primary_45_DecisionBoundary_feature_squeezing_C1,45,DecisionBoundary,feature_squeezing,C1,115,77,0,415,8,0.984,1.0,0.9058823529411765,0.9506172839506173,0.9529411764705882
primary_45_DecisionBoundary_feature_squeezing_C1,45,DecisionBoundary,feature_squeezing,C1,116,76,0,415,9,0.982,1.0,0.8941176470588236,0.9440993788819877,0.9470588235294117
primary_45_DecisionBoundary_feature_squeezing_C1,45,DecisionBoundary,feature_squeezing,C1,117,78,0,415,7,0.986,1.0,0.9176470588235294,0.9570552147239264,0.9588235294117646
primary_45_DecisionBoundary_feature_squeezing_C1,45,DecisionBoundary,feature_squeezing,C1,118,78,1,414,7,0.984,0.9873417721518988,0.9176470588235294,0.9512195121951219,0.9576187101346563
primary_45_DecisionBoundary_feature_squeezing_C1,45,DecisionBoundary,feature_squeezing,C1,119,77,0,415,8,0.984,1.0,0.9058823529411765,0.9506172839506173,0.9529411764705882
primary_45_DecisionBoundary_feature_squeezing_C1,45,DecisionBoundary,feature_squeezing,C1,120,80,0,415,5,0.99,1.0,0.9411764705882353,0.9696969696969697,0.9705882352941176
primary_45_DecisionBoundary_feature_squeezing_C1,45,DecisionBoundary,feature_squeezing,C1,121,80,0,415,5,0.99,1.0,0.9411764705882353,0.9696969696969697,0.9705882352941176
primary_45_DecisionBoundary_feature_squeezing_C1,45,DecisionBoundary,feature_squeezing,C1,122,80,0,415,5,0.99,1.0,0.9411764705882353,0.9696969696969697,0.9705882352941176
primary_45_DecisionBoundary_feature_squeezing_C1,45,DecisionBoundary,feature_squeezing,C1,123,74,0,415,11,0.978,1.0,0.8705882352941177,0.9308176100628931,0.9352941176470588
primary_45_DecisionBoundary_feature_squeezing_C1,45,DecisionBoundary,feature_squeezing,C1,124,78,0,415,7,0.986,1.0,0.9176470588235294,0.9570552147239264,0.9588235294117646
primary_45_DecisionBoundary_feature_squeezing_C1,45,DecisionBoundary,feature_squeezing,C1,125,79,1,414,6,0.986,0.9875,0.9294117647058824,0.9575757575757576,0.9635010630758327
primary_45_DecisionBoundary_feature_squeezing_C1,45,DecisionBoundary,feature_squeezing,C1,126,82,0,415,3,0.994,1.0,0.9647058823529412,0.9820359281437125,0.9823529411764707
primary_45_DecisionBoundary_feature_squeezing_C1,45,DecisionBoundary,feature_squeezing,C1,127,77,0,415,8,0.984,1.0,0.9058823529411765,0.9506172839506173,0.9529411764705882
primary_45_DecisionBoundary_feature_squeezing_C1,45,DecisionBoundary,feature_squeezing,C1,128,80,0,415,5,0.99,1.0,0.9411764705882353,0.9696969696969697,0.9705882352941176
primary_45_DecisionBoundary_feature_squeezing_C1,45,DecisionBoundary,feature_squeezing,C1,129,78,0,415,7,0.986,1.0,0.9176470588235294,0.9570552147239264,0.9588235294117646
primary_45_DecisionBoundary_feature_squeezing_C1,45,DecisionBoundary,feature_squeezing,C1,130,82,0,415,3,0.994,1.0,0.9647058823529412,0.9820359281437125,0.9823529411764707
primary_45_DecisionBoundary_feature_squeezing_C1,45,DecisionBoundary,feature_squeezing,C1,131,80,0,415,5,0.99,1.0,0.9411764705882353,0.9696969696969697,0.9705882352941176
primary_45_DecisionBoundary_feature_squeezing_C1,45,DecisionBoundary,feature_squeezing,C1,132,76,0,415,9,0.982,1.0,0.8941176470588236,0.9440993788819877,0.9470588235294117
primary_45_DecisionBoundary_feature_squeezing_C1,45,DecisionBoundary,feature_squeezing,C1,133,81,0,415,4,0.992,1.0,0.9529411764705882,0.9759036144578312,0.9764705882352941
primary_45_DecisionBoundary_feature_squeezing_C1,45,DecisionBoundary,feature_squeezing,C1,134,77,0,415,8,0.984,1.0,0.9058823529411765,0.9506172839506173,0.9529411764705882
primary_45_DecisionBoundary_feature_squeezing_C1,45,DecisionBoundary,feature_squeezing,C1,135,82,0,415,3,0.994,1.0,0.9647058823529412,0.9820359281437125,0.9823529411764707
primary_45_DecisionBoundary_feature_squeezing_C1,45,DecisionBoundary,feature_squeezing,C1,136,82,0,415,3,0.994,1.0,0.9647058823529412,0.9820359281437125,0.9823529411764707
primary_45_DecisionBoundary_feature_squeezing_C1,45,DecisionBoundary,feature_squeezing,C1,137,79,1,414,6,0.986,0.9875,0.9294117647058824,0.9575757575757576,0.9635010630758327
primary_45_DecisionBoundary_feature_squeezing_C1,45,DecisionBoundary,feature_squeezing,C1,138,80,0,415,5,0.99,1.0,0.9411764705882353,0.9696969696969697,0.9705882352941176
primary_45_DecisionBoundary_feature_squeezing_C1,45,DecisionBoundary,feature_squeezing,C1,139,76,0,415,9,0.982,1.0,0.8941176470588236,0.9440993788819877,0.9470588235294117
primary_45_DecisionBoundary_feature_squeezing_C1,45,DecisionBoundary,feature_squeezing,C1,140,77,0,415,8,0.984,1.0,0.9058823529411765,0.9506172839506173,0.9529411764705882
primary_45_DecisionBoundary_feature_squeezing_C1,45,DecisionBoundary,feature_squeezing,C1,141,76,0,415,9,0.982,1.0,0.8941176470588236,0.9440993788819877,0.9470588235294117
primary_45_DecisionBoundary_feature_squeezing_C1,45,DecisionBoundary,feature_squeezing,C1,142,83,0,415,2,0.996,1.0,0.9764705882352941,0.988095238095238,0.9882352941176471
primary_45_DecisionBoundary_feature_squeezing_C1,45,DecisionBoundary,feature_squeezing,C1,143,79,0,415,6,0.988,1.0,0.9294117647058824,0.9634146341463414,0.9647058823529412
primary_45_DecisionBoundary_randomized_smoothing_Base,45,DecisionBoundary,randomized_smoothing,Base,0,67,0,414,19,0.962,1.0,0.7790697674418605,0.8758169934640523,0.8895348837209303
primary_45_DecisionBoundary_randomized_smoothing_Base,45,DecisionBoundary,randomized_smoothing,Base,1,66,0,414,20,0.96,1.0,0.7674418604651163,0.868421052631579,0.8837209302325582
primary_45_DecisionBoundary_randomized_smoothing_Base,45,DecisionBoundary,randomized_smoothing,Base,2,71,0,414,15,0.97,1.0,0.8255813953488372,0.9044585987261146,0.9127906976744187
primary_45_DecisionBoundary_randomized_smoothing_Base,45,DecisionBoundary,randomized_smoothing,Base,3,66,0,414,20,0.96,1.0,0.7674418604651163,0.868421052631579,0.8837209302325582
primary_45_DecisionBoundary_randomized_smoothing_Base,45,DecisionBoundary,randomized_smoothing,Base,4,74,0,414,12,0.976,1.0,0.8604651162790697,0.9249999999999999,0.9302325581395349
primary_45_DecisionBoundary_randomized_smoothing_Base,45,DecisionBoundary,randomized_smoothing,Base,5,71,0,414,15,0.97,1.0,0.8255813953488372,0.9044585987261146,0.9127906976744187
primary_45_DecisionBoundary_randomized_smoothing_Base,45,DecisionBoundary,randomized_smoothing,Base,6,71,0,414,15,0.97,1.0,0.8255813953488372,0.9044585987261146,0.9127906976744187
primary_45_DecisionBoundary_randomized_smoothing_Base,45,DecisionBoundary,randomized_smoothing,Base,7,69,0,414,17,0.966,1.0,0.8023255813953488,0.8903225806451612,0.9011627906976745
primary_45_DecisionBoundary_randomized_smoothing_Base,45,DecisionBoundary,randomized_smoothing,Base,8,64,0,414,22,0.956,1.0,0.7441860465116279,0.8533333333333333,0.872093023255814
primary_45_DecisionBoundary_randomized_smoothing_Base,45,DecisionBoundary,randomized_smoothing,Base,9,71,0,414,15,0.97,1.0,0.8255813953488372,0.9044585987261146,0.9127906976744187
primary_45_DecisionBoundary_randomized_smoothing_Base,45,DecisionBoundary,randomized_smoothing,Base,10,69,0,414,17,0.966,1.0,0.8023255813953488,0.8903225806451612,0.9011627906976745
primary_45_DecisionBoundary_randomized_smoothing_Base,45,DecisionBoundary,randomized_smoothing,Base,11,65,0,414,21,0.958,1.0,0.7558139534883721,0.8609271523178808,0.877906976744186
primary_45_DecisionBoundary_randomized_smoothing_Base,45,DecisionBoundary,randomized_smoothing,Base,12,71,0,414,15,0.97,1.0,0.8255813953488372,0.9044585987261146,0.9127906976744187
primary_45_DecisionBoundary_randomized_smoothing_Base,45,DecisionBoundary,randomized_smoothing,Base,13,77,0,414,9,0.982,1.0,0.8953488372093024,0.9447852760736196,0.9476744186046512
primary_45_DecisionBoundary_randomized_smoothing_Base,45,DecisionBoundary,randomized_smoothing,Base,14,73,0,414,13,0.974,1.0,0.8488372093023255,0.9182389937106918,0.9244186046511628
primary_45_DecisionBoundary_randomized_smoothing_Base,45,DecisionBoundary,randomized_smoothing,Base,15,68,0,414,18,0.964,1.0,0.7906976744186046,0.8831168831168831,0.8953488372093024
primary_45_DecisionBoundary_randomized_smoothing_Base,45,DecisionBoundary,randomized_smoothing,Base,16,67,0,414,19,0.962,1.0,0.7790697674418605,0.8758169934640523,0.8895348837209303
primary_45_DecisionBoundary_randomized_smoothing_Base,45,DecisionBoundary,randomized_smoothing,Base,17,76,0,415,9,0.982,1.0,0.8941176470588236,0.9440993788819877,0.9470588235294117
primary_45_DecisionBoundary_randomized_smoothing_Base,45,DecisionBoundary,randomized_smoothing,Base,18,68,0,415,17,0.966,1.0,0.8,0.888888888888889,0.9
primary_45_DecisionBoundary_randomized_smoothing_Base,45,DecisionBoundary,randomized_smoothing,Base,19,72,0,415,13,0.974,1.0,0.8470588235294118,0.9171974522292993,0.9235294117647059
primary_45_DecisionBoundary_randomized_smoothing_Base,45,DecisionBoundary,randomized_smoothing,Base,20,65,0,415,20,0.96,1.0,0.7647058823529411,0.8666666666666666,0.8823529411764706
primary_45_DecisionBoundary_randomized_smoothing_Base,45,DecisionBoundary,randomized_smoothing,Base,21,64,0,415,21,0.958,1.0,0.7529411764705882,0.8590604026845637,0.8764705882352941
primary_45_DecisionBoundary_randomized_smoothing_Base,45,DecisionBoundary,randomized_smoothing,Base,22,67,0,415,18,0.964,1.0,0.788235294117647,0.8815789473684211,0.8941176470588235
primary_45_DecisionBoundary_randomized_smoothing_Base,45,DecisionBoundary,randomized_smoothing,Base,23,70,0,415,15,0.97,1.0,0.8235294117647058,0.9032258064516129,0.9117647058823529
primary_45_DecisionBoundary_randomized_smoothing_Base,45,DecisionBoundary,randomized_smoothing,Base,24,67,0,415,18,0.964,1.0,0.788235294117647,0.8815789473684211,0.8941176470588235
primary_45_DecisionBoundary_randomized_smoothing_Base,45,DecisionBoundary,randomized_smoothing,Base,25,72,0,415,13,0.974,1.0,0.8470588235294118,0.9171974522292993,0.9235294117647059
primary_45_DecisionBoundary_randomized_smoothing_Base,45,DecisionBoundary,randomized_smoothing,Base,26,63,0,415,22,0.956,1.0,0.7411764705882353,0.8513513513513514,0.8705882352941177
primary_45_DecisionBoundary_randomized_smoothing_Base,45,DecisionBoundary,randomized_smoothing,Base,27,61,0,415,24,0.952,1.0,0.7176470588235294,0.8356164383561643,0.8588235294117648
primary_45_DecisionBoundary_randomized_smoothing_Base,45,DecisionBoundary,randomized_smoothing,Base,28,70,0,415,15,0.97,1.0,0.8235294117647058,0.9032258064516129,0.9117647058823529
primary_45_DecisionBoundary_randomized_smoothing_Base,45,DecisionBoundary,randomized_smoothing,Base,29,67,0,415,18,0.964,1.0,0.788235294117647,0.8815789473684211,0.8941176470588235
primary_45_DecisionBoundary_randomized_smoothing_Base,45,DecisionBoundary,randomized_smoothing,Base,30,70,0,415,15,0.97,1.0,0.8235294117647058,0.9032258064516129,0.9117647058823529
primary_45_DecisionBoundary_randomized_smoothing_Base,45,DecisionBoundary,randomized_smoothing,Base,31,66,0,415,19,0.962,1.0,0.7764705882352941,0.8741721854304636,0.888235294117647
primary_45_DecisionBoundary_randomized_smoothing_Base,45,DecisionBoundary,randomized_smoothing,Base,32,66,0,415,19,0.962,1.0,0.7764705882352941,0.8741721854304636,0.888235294117647
primary_45_DecisionBoundary_randomized_smoothing_Base,45,DecisionBoundary,randomized_smoothing,Base,33,66,0,415,19,0.962,1.0,0.7764705882352941,0.8741721854304636,0.888235294117647
primary_45_DecisionBoundary_randomized_smoothing_Base,45,DecisionBoundary,randomized_smoothing,Base,34,64,0,415,21,0.958,1.0,0.7529411764705882,0.8590604026845637,0.8764705882352941
primary_45_DecisionBoundary_randomized_smoothing_Base,45,DecisionBoundary,randomized_smoothing,Base,35,62,0,415,23,0.954,1.0,0.7294117647058823,0.8435374149659863,0.8647058823529412
primary_45_DecisionBoundary_randomized_smoothing_Base,45,DecisionBoundary,randomized_smoothing,Base,36,66,0,415,19,0.962,1.0,0.7764705882352941,0.8741721854304636,0.888235294117647
primary_45_DecisionBoundary_randomized_smoothing_Base,45,DecisionBoundary,randomized_smoothing,Base,37,72,0,415,13,0.974,1.0,0.8470588235294118,0.9171974522292993,0.9235294117647059
primary_45_DecisionBoundary_randomized_smoothing_Base,45,DecisionBoundary,randomized_smoothing,Base,38,69,0,415,16,0.968,1.0,0.8117647058823529,0.8961038961038961,0.9058823529411765
primary_45_DecisionBoundary_randomized_smoothing_Base,45,DecisionBoundary,randomized_smoothing,Base,39,62,0,415,23,0.954,1.0,0.7294117647058823,0.8435374149659863,0.8647058823529412
primary_45_DecisionBoundary_randomized_smoothing_Base,45,DecisionBoundary,randomized_smoothing,Base,40,73,0,415,12,0.976,1.0,0.8588235294117647,0.9240506329113923,0.9294117647058824
primary_45_DecisionBoundary_randomized_smoothing_Base,45,DecisionBoundary,randomized_smoothing,Base,41,71,0,415,14,0.972,1.0,0.8352941176470589,0.9102564102564102,0.9176470588235295
primary_45_DecisionBoundary_randomized_smoothing_Base,45,DecisionBoundary,randomized_smoothing,Base,42,68,0,415,17,0.966,1.0,0.8,0.888888888888889,0.9
primary_45_DecisionBoundary_randomized_smoothing_Base,45,DecisionBoundary,randomized_smoothing,Base,43,67,0,415,18,0.964,1.0,0.788235294117647,0.8815789473684211,0.8941176470588235
primary_45_DecisionBoundary_randomized_smoothing_Base,45,DecisionBoundary,randomized_smoothing,Base,44,64,0,415,21,0.958,1.0,0.7529411764705882,0.8590604026845637,0.8764705882352941
primary_45_DecisionBoundary_randomized_smoothing_Base,45,DecisionBoundary,randomized_smoothing,Base,45,68,0,415,17,0.966,1.0,0.8,0.888888888888889,0.9
primary_45_DecisionBoundary_randomized_smoothing_Base,45,DecisionBoundary,randomized_smoothing,Base,46,72,0,415,13,0.974,1.0,0.8470588235294118,0.9171974522292993,0.9235294117647059
primary_45_DecisionBoundary_randomized_smoothing_Base,45,DecisionBoundary,randomized_smoothing,Base,47,68,0,415,17,0.966,1.0,0.8,0.888888888888889,0.9
primary_45_DecisionBoundary_randomized_smoothing_Base,45,DecisionBoundary,randomized_smoothing,Base,48,72,0,415,13,0.974,1.0,0.8470588235294118,0.9171974522292993,0.9235294117647059
primary_45_DecisionBoundary_randomized_smoothing_Base,45,DecisionBoundary,randomized_smoothing,Base,49,68,0,415,17,0.966,1.0,0.8,0.888888888888889,0.9
primary_45_DecisionBoundary_randomized_smoothing_Base,45,DecisionBoundary,randomized_smoothing,Base,50,71,0,415,14,0.972,1.0,0.8352941176470589,0.9102564102564102,0.9176470588235295
primary_45_DecisionBoundary_randomized_smoothing_Base,45,DecisionBoundary,randomized_smoothing,Base,51,70,0,415,15,0.97,1.0,0.8235294117647058,0.9032258064516129,0.9117647058823529
primary_45_DecisionBoundary_randomized_smoothing_Base,45,DecisionBoundary,randomized_smoothing,Base,52,65,0,415,20,0.96,1.0,0.7647058823529411,0.8666666666666666,0.8823529411764706
primary_45_DecisionBoundary_randomized_smoothing_Base,45,DecisionBoundary,randomized_smoothing,Base,53,62,0,415,23,0.954,1.0,0.7294117647058823,0.8435374149659863,0.8647058823529412
primary_45_DecisionBoundary_randomized_smoothing_Base,45,DecisionBoundary,randomized_smoothing,Base,54,70,0,415,15,0.97,1.0,0.8235294117647058,0.9032258064516129,0.9117647058823529
primary_45_DecisionBoundary_randomized_smoothing_Base,45,DecisionBoundary,randomized_smoothing,Base,55,63,0,415,22,0.956,1.0,0.7411764705882353,0.8513513513513514,0.8705882352941177
primary_45_DecisionBoundary_randomized_smoothing_Base,45,DecisionBoundary,randomized_smoothing,Base,56,66,0,415,19,0.962,1.0,0.7764705882352941,0.8741721854304636,0.888235294117647
primary_45_DecisionBoundary_randomized_smoothing_Base,45,DecisionBoundary,randomized_smoothing,Base,57,68,0,415,17,0.966,1.0,0.8,0.888888888888889,0.9
primary_45_DecisionBoundary_randomized_smoothing_Base,45,DecisionBoundary,randomized_smoothing,Base,58,70,0,415,15,0.97,1.0,0.8235294117647058,0.9032258064516129,0.9117647058823529
primary_45_DecisionBoundary_randomized_smoothing_Base,45,DecisionBoundary,randomized_smoothing,Base,59,69,0,415,16,0.968,1.0,0.8117647058823529,0.8961038961038961,0.9058823529411765
primary_45_DecisionBoundary_randomized_smoothing_Base,45,DecisionBoundary,randomized_smoothing,Base,60,64,0,415,21,0.958,1.0,0.7529411764705882,0.8590604026845637,0.8764705882352941
primary_45_DecisionBoundary_randomized_smoothing_Base,45,DecisionBoundary,randomized_smoothing,Base,61,68,0,415,17,0.966,1.0,0.8,0.888888888888889,0.9
primary_45_DecisionBoundary_randomized_smoothing_Base,45,DecisionBoundary,randomized_smoothing,Base,62,69,0,415,16,0.968,1.0,0.8117647058823529,0.8961038961038961,0.9058823529411765
primary_45_DecisionBoundary_randomized_smoothing_Base,45,DecisionBoundary,randomized_smoothing,Base,63,68,0,415,17,0.966,1.0,0.8,0.888888888888889,0.9
primary_45_DecisionBoundary_randomized_smoothing_Base,45,DecisionBoundary,randomized_smoothing,Base,64,67,0,415,18,0.964,1.0,0.788235294117647,0.8815789473684211,0.8941176470588235
primary_45_DecisionBoundary_randomized_smoothing_Base,45,DecisionBoundary,randomized_smoothing,Base,65,65,0,415,20,0.96,1.0,0.7647058823529411,0.8666666666666666,0.8823529411764706
primary_45_DecisionBoundary_randomized_smoothing_Base,45,DecisionBoundary,randomized_smoothing,Base,66,67,0,415,18,0.964,1.0,0.788235294117647,0.8815789473684211,0.8941176470588235
primary_45_DecisionBoundary_randomized_smoothing_Base,45,DecisionBoundary,randomized_smoothing,Base,67,69,0,415,16,0.968,1.0,0.8117647058823529,0.8961038961038961,0.9058823529411765
primary_45_DecisionBoundary_randomized_smoothing_Base,45,DecisionBoundary,randomized_smoothing,Base,68,67,0,415,18,0.964,1.0,0.788235294117647,0.8815789473684211,0.8941176470588235
primary_45_DecisionBoundary_randomized_smoothing_Base,45,DecisionBoundary,randomized_smoothing,Base,69,66,1,414,19,0.96,0.9850746268656716,0.7764705882352941,0.8684210526315789,0.8870304748405387
primary_45_DecisionBoundary_randomized_smoothing_Base,45,DecisionBoundary,randomized_smoothing,Base,70,69,0,415,16,0.968,1.0,0.8117647058823529,0.8961038961038961,0.9058823529411765
primary_45_DecisionBoundary_randomized_smoothing_Base,45,DecisionBoundary,randomized_smoothing,Base,71,70,0,415,15,0.97,1.0,0.8235294117647058,0.9032258064516129,0.9117647058823529
primary_45_DecisionBoundary_randomized_smoothing_Base,45,DecisionBoundary,randomized_smoothing,Base,72,66,0,415,19,0.962,1.0,0.7764705882352941,0.8741721854304636,0.888235294117647
primary_45_DecisionBoundary_randomized_smoothing_Base,45,DecisionBoundary,randomized_smoothing,Base,73,68,0,415,17,0.966,1.0,0.8,0.888888888888889,0.9
primary_45_DecisionBoundary_randomized_smoothing_Base,45,DecisionBoundary,randomized_smoothing,Base,74,73,0,415,12,0.976,1.0,0.8588235294117647,0.9240506329113923,0.9294117647058824
primary_45_DecisionBoundary_randomized_smoothing_Base,45,DecisionBoundary,randomized_smoothing,Base,75,69,0,415,16,0.968,1.0,0.8117647058823529,0.8961038961038961,0.9058823529411765
primary_45_DecisionBoundary_randomized_smoothing_Base,45,DecisionBoundary,randomized_smoothing,Base,76,67,0,415,18,0.964,1.0,0.788235294117647,0.8815789473684211,0.8941176470588235
primary_45_DecisionBoundary_randomized_smoothing_Base,45,DecisionBoundary,randomized_smoothing,Base,77,69,0,415,16,0.968,1.0,0.8117647058823529,0.8961038961038961,0.9058823529411765
primary_45_DecisionBoundary_randomized_smoothing_Base,45,DecisionBoundary,randomized_smoothing,Base,78,70,0,415,15,0.97,1.0,0.8235294117647058,0.9032258064516129,0.9117647058823529
primary_45_DecisionBoundary_randomized_smoothing_Base,45,DecisionBoundary,randomized_smoothing,Base,79,69,0,415,16,0.968,1.0,0.8117647058823529,0.8961038961038961,0.9058823529411765
primary_45_DecisionBoundary_randomized_smoothing_Base,45,DecisionBoundary,randomized_smoothing,Base,80,65,0,415,20,0.96,1.0,0.7647058823529411,0.8666666666666666,0.8823529411764706
primary_45_DecisionBoundary_randomized_smoothing_Base,45,DecisionBoundary,randomized_smoothing,Base,81,66,0,415,19,0.962,1.0,0.7764705882352941,0.8741721854304636,0.888235294117647
primary_45_DecisionBoundary_randomized_smoothing_Base,45,DecisionBoundary,randomized_smoothing,Base,82,68,0,415,17,0.966,1.0,0.8,0.888888888888889,0.9
primary_45_DecisionBoundary_randomized_smoothing_Base,45,DecisionBoundary,randomized_smoothing,Base,83,62,0,415,23,0.954,1.0,0.7294117647058823,0.8435374149659863,0.8647058823529412
primary_45_DecisionBoundary_randomized_smoothing_Base,45,DecisionBoundary,randomized_smoothing,Base,84,73,0,415,12,0.976,1.0,0.8588235294117647,0.9240506329113923,0.9294117647058824
primary_45_DecisionBoundary_randomized_smoothing_Base,45,DecisionBoundary,randomized_smoothing,Base,85,68,0,415,17,0.966,1.0,0.8,0.888888888888889,0.9
primary_45_DecisionBoundary_randomized_smoothing_Base,45,DecisionBoundary,randomized_smoothing,Base,86,68,1,414,17,0.964,0.9855072463768116,0.8,0.8831168831168831,0.8987951807228916
primary_45_DecisionBoundary_randomized_smoothing_Base,45,DecisionBoundary,randomized_smoothing,Base,87,60,0,415,25,0.95,1.0,0.7058823529411765,0.8275862068965517,0.8529411764705883
primary_45_DecisionBoundary_randomized_smoothing_Base,45,DecisionBoundary,randomized_smoothing,Base,88,60,0,415,25,0.95,1.0,0.7058823529411765,0.8275862068965517,0.8529411764705883
primary_45_DecisionBoundary_randomized_smoothing_Base,45,DecisionBoundary,randomized_smoothing,Base,89,72,0,415,13,0.974,1.0,0.8470588235294118,0.9171974522292993,0.9235294117647059
primary_45_DecisionBoundary_randomized_smoothing_Base,45,DecisionBoundary,randomized_smoothing,Base,90,66,0,415,19,0.962,1.0,0.7764705882352941,0.8741721854304636,0.888235294117647
primary_45_DecisionBoundary_randomized_smoothing_Base,45,DecisionBoundary,randomized_smoothing,Base,91,65,0,415,20,0.96,1.0,0.7647058823529411,0.8666666666666666,0.8823529411764706
primary_45_DecisionBoundary_randomized_smoothing_Base,45,DecisionBoundary,randomized_smoothing,Base,92,64,0,415,21,0.958,1.0,0.7529411764705882,0.8590604026845637,0.8764705882352941
primary_45_DecisionBoundary_randomized_smoothing_Base,45,DecisionBoundary,randomized_smoothing,Base,93,69,0,415,16,0.968,1.0,0.8117647058823529,0.8961038961038961,0.9058823529411765
primary_45_DecisionBoundary_randomized_smoothing_Base,45,DecisionBoundary,randomized_smoothing,Base,94,63,0,415,22,0.956,1.0,0.7411764705882353,0.8513513513513514,0.8705882352941177
primary_45_DecisionBoundary_randomized_smoothing_Base,45,DecisionBoundary,randomized_smoothing,Base,95,70,0,415,15,0.97,1.0,0.8235294117647058,0.9032258064516129,0.9117647058823529
primary_45_DecisionBoundary_randomized_smoothing_Base,45,DecisionBoundary,randomized_smoothing,Base,96,63,0,415,22,0.956,1.0,0.7411764705882353,0.8513513513513514,0.8705882352941177
primary_45_DecisionBoundary_randomized_smoothing_Base,45,DecisionBoundary,randomized_smoothing,Base,97,64,0,415,21,0.958,1.0,0.7529411764705882,0.8590604026845637,0.8764705882352941
primary_45_DecisionBoundary_randomized_smoothing_Base,45,DecisionBoundary,randomized_smoothing,Base,98,72,0,415,13,0.974,1.0,0.8470588235294118,0.9171974522292993,0.9235294117647059
primary_45_DecisionBoundary_randomized_smoothing_Base,45,DecisionBoundary,randomized_smoothing,Base,99,61,0,415,24,0.952,1.0,0.7176470588235294,0.8356164383561643,0.8588235294117648
primary_45_DecisionBoundary_randomized_smoothing_Base,45,DecisionBoundary,randomized_smoothing,Base,100,69,0,415,16,0.968,1.0,0.8117647058823529,0.8961038961038961,0.9058823529411765
primary_45_DecisionBoundary_randomized_smoothing_Base,45,DecisionBoundary,randomized_smoothing,Base,101,68,0,415,17,0.966,1.0,0.8,0.888888888888889,0.9
primary_45_DecisionBoundary_randomized_smoothing_Base,45,DecisionBoundary,randomized_smoothing,Base,102,69,0,415,16,0.968,1.0,0.8117647058823529,0.8961038961038961,0.9058823529411765
primary_45_DecisionBoundary_randomized_smoothing_Base,45,DecisionBoundary,randomized_smoothing,Base,103,72,0,415,13,0.974,1.0,0.8470588235294118,0.9171974522292993,0.9235294117647059
primary_45_DecisionBoundary_randomized_smoothing_Base,45,DecisionBoundary,randomized_smoothing,Base,104,72,0,415,13,0.974,1.0,0.8470588235294118,0.9171974522292993,0.9235294117647059
primary_45_DecisionBoundary_randomized_smoothing_Base,45,DecisionBoundary,randomized_smoothing,Base,105,71,0,415,14,0.972,1.0,0.8352941176470589,0.9102564102564102,0.9176470588235295
primary_45_DecisionBoundary_randomized_smoothing_Base,45,DecisionBoundary,randomized_smoothing,Base,106,66,0,415,19,0.962,1.0,0.7764705882352941,0.8741721854304636,0.888235294117647
primary_45_DecisionBoundary_randomized_smoothing_Base,45,DecisionBoundary,randomized_smoothing,Base,107,65,0,415,20,0.96,1.0,0.7647058823529411,0.8666666666666666,0.8823529411764706
primary_45_DecisionBoundary_randomized_smoothing_Base,45,DecisionBoundary,randomized_smoothing,Base,108,68,0,415,17,0.966,1.0,0.8,0.888888888888889,0.9
primary_45_DecisionBoundary_randomized_smoothing_Base,45,DecisionBoundary,randomized_smoothing,Base,109,62,0,415,23,0.954,1.0,0.7294117647058823,0.8435374149659863,0.8647058823529412
primary_45_DecisionBoundary_randomized_smoothing_Base,45,DecisionBoundary,randomized_smoothing,Base,110,64,1,414,21,0.956,0.9846153846153847,0.7529411764705882,0.8533333333333333,0.8752657689581858
primary_45_DecisionBoundary_randomized_smoothing_Base,45,DecisionBoundary,randomized_smoothing,Base,111,68,0,415,17,0.966,1.0,0.8,0.888888888888889,0.9
primary_45_DecisionBoundary_randomized_smoothing_Base,45,DecisionBoundary,randomized_smoothing,Base,112,72,1,414,13,0.972,0.9863013698630136,0.8470588235294118,0.9113924050632911,0.9223245924875975
primary_45_DecisionBoundary_randomized_smoothing_Base,45,DecisionBoundary,randomized_smoothing,Base,113,69,0,415,16,0.968,1.0,0.8117647058823529,0.8961038961038961,0.9058823529411765
primary_45_DecisionBoundary_randomized_smoothing_Base,45,DecisionBoundary,randomized_smoothing,Base,114,66,0,415,19,0.962,1.0,0.7764705882352941,0.8741721854304636,0.888235294117647
primary_45_DecisionBoundary_randomized_smoothing_Base,45,DecisionBoundary,randomized_smoothing,Base,115,69,0,415,16,0.968,1.0,0.8117647058823529,0.8961038961038961,0.9058823529411765
primary_45_DecisionBoundary_randomized_smoothing_Base,45,DecisionBoundary,randomized_smoothing,Base,116,60,0,415,25,0.95,1.0,0.7058823529411765,0.8275862068965517,0.8529411764705883
primary_45_DecisionBoundary_randomized_smoothing_Base,45,DecisionBoundary,randomized_smoothing,Base,117,69,0,415,16,0.968,1.0,0.8117647058823529,0.8961038961038961,0.9058823529411765
primary_45_DecisionBoundary_randomized_smoothing_Base,45,DecisionBoundary,randomized_smoothing,Base,118,70,0,415,15,0.97,1.0,0.8235294117647058,0.9032258064516129,0.9117647058823529
primary_45_DecisionBoundary_randomized_smoothing_Base,45,DecisionBoundary,randomized_smoothing,Base,119,68,0,415,17,0.966,1.0,0.8,0.888888888888889,0.9
primary_45_DecisionBoundary_randomized_smoothing_Base,45,DecisionBoundary,randomized_smoothing,Base,120,77,0,415,8,0.984,1.0,0.9058823529411765,0.9506172839506173,0.9529411764705882
primary_45_DecisionBoundary_randomized_smoothing_Base,45,DecisionBoundary,randomized_smoothing,Base,121,70,0,415,15,0.97,1.0,0.8235294117647058,0.9032258064516129,0.9117647058823529
primary_45_DecisionBoundary_randomized_smoothing_Base,45,DecisionBoundary,randomized_smoothing,Base,122,72,0,415,13,0.974,1.0,0.8470588235294118,0.9171974522292993,0.9235294117647059
primary_45_DecisionBoundary_randomized_smoothing_Base,45,DecisionBoundary,randomized_smoothing,Base,123,66,0,415,19,0.962,1.0,0.7764705882352941,0.8741721854304636,0.888235294117647
primary_45_DecisionBoundary_randomized_smoothing_Base,45,DecisionBoundary,randomized_smoothing,Base,124,64,0,415,21,0.958,1.0,0.7529411764705882,0.8590604026845637,0.8764705882352941
primary_45_DecisionBoundary_randomized_smoothing_Base,45,DecisionBoundary,randomized_smoothing,Base,125,70,0,415,15,0.97,1.0,0.8235294117647058,0.9032258064516129,0.9117647058823529
primary_45_DecisionBoundary_randomized_smoothing_Base,45,DecisionBoundary,randomized_smoothing,Base,126,74,0,415,11,0.978,1.0,0.8705882352941177,0.9308176100628931,0.9352941176470588
primary_45_DecisionBoundary_randomized_smoothing_Base,45,DecisionBoundary,randomized_smoothing,Base,127,64,0,415,21,0.958,1.0,0.7529411764705882,0.8590604026845637,0.8764705882352941
primary_45_DecisionBoundary_randomized_smoothing_Base,45,DecisionBoundary,randomized_smoothing,Base,128,70,0,415,15,0.97,1.0,0.8235294117647058,0.9032258064516129,0.9117647058823529
primary_45_DecisionBoundary_randomized_smoothing_Base,45,DecisionBoundary,randomized_smoothing,Base,129,67,0,415,18,0.964,1.0,0.788235294117647,0.8815789473684211,0.8941176470588235
primary_45_DecisionBoundary_randomized_smoothing_Base,45,DecisionBoundary,randomized_smoothing,Base,130,72,0,415,13,0.974,1.0,0.8470588235294118,0.9171974522292993,0.9235294117647059
primary_45_DecisionBoundary_randomized_smoothing_Base,45,DecisionBoundary,randomized_smoothing,Base,131,65,0,415,20,0.96,1.0,0.7647058823529411,0.8666666666666666,0.8823529411764706
primary_45_DecisionBoundary_randomized_smoothing_Base,45,DecisionBoundary,randomized_smoothing,Base,132,63,0,415,22,0.956,1.0,0.7411764705882353,0.8513513513513514,0.8705882352941177
primary_45_DecisionBoundary_randomized_smoothing_Base,45,DecisionBoundary,randomized_smoothing,Base,133,70,0,415,15,0.97,1.0,0.8235294117647058,0.9032258064516129,0.9117647058823529
primary_45_DecisionBoundary_randomized_smoothing_Base,45,DecisionBoundary,randomized_smoothing,Base,134,63,0,415,22,0.956,1.0,0.7411764705882353,0.8513513513513514,0.8705882352941177
primary_45_DecisionBoundary_randomized_smoothing_Base,45,DecisionBoundary,randomized_smoothing,Base,135,69,0,415,16,0.968,1.0,0.8117647058823529,0.8961038961038961,0.9058823529411765
primary_45_DecisionBoundary_randomized_smoothing_Base,45,DecisionBoundary,randomized_smoothing,Base,136,70,0,415,15,0.97,1.0,0.8235294117647058,0.9032258064516129,0.9117647058823529
primary_45_DecisionBoundary_randomized_smoothing_Base,45,DecisionBoundary,randomized_smoothing,Base,137,71,0,415,14,0.972,1.0,0.8352941176470589,0.9102564102564102,0.9176470588235295
primary_45_DecisionBoundary_randomized_smoothing_Base,45,DecisionBoundary,randomized_smoothing,Base,138,70,0,415,15,0.97,1.0,0.8235294117647058,0.9032258064516129,0.9117647058823529
primary_45_DecisionBoundary_randomized_smoothing_Base,45,DecisionBoundary,randomized_smoothing,Base,139,66,0,415,19,0.962,1.0,0.7764705882352941,0.8741721854304636,0.888235294117647
primary_45_DecisionBoundary_randomized_smoothing_Base,45,DecisionBoundary,randomized_smoothing,Base,140,68,0,415,17,0.966,1.0,0.8,0.888888888888889,0.9
primary_45_DecisionBoundary_randomized_smoothing_Base,45,DecisionBoundary,randomized_smoothing,Base,141,69,0,415,16,0.968,1.0,0.8117647058823529,0.8961038961038961,0.9058823529411765
primary_45_DecisionBoundary_randomized_smoothing_Base,45,DecisionBoundary,randomized_smoothing,Base,142,67,0,415,18,0.964,1.0,0.788235294117647,0.8815789473684211,0.8941176470588235
primary_45_DecisionBoundary_randomized_smoothing_Base,45,DecisionBoundary,randomized_smoothing,Base,143,70,0,415,15,0.97,1.0,0.8235294117647058,0.9032258064516129,0.9117647058823529
primary_45_DecisionBoundary_randomized_smoothing_C1,45,DecisionBoundary,randomized_smoothing,C1,0,67,0,414,19,0.962,1.0,0.7790697674418605,0.8758169934640523,0.8895348837209303
primary_45_DecisionBoundary_randomized_smoothing_C1,45,DecisionBoundary,randomized_smoothing,C1,1,72,0,414,14,0.972,1.0,0.8372093023255814,0.9113924050632911,0.9186046511627908
primary_45_DecisionBoundary_randomized_smoothing_C1,45,DecisionBoundary,randomized_smoothing,C1,2,78,1,413,8,0.982,0.9873417721518988,0.9069767441860465,0.9454545454545454,0.9522806426244241
primary_45_DecisionBoundary_randomized_smoothing_C1,45,DecisionBoundary,randomized_smoothing,C1,3,81,0,414,5,0.99,1.0,0.9418604651162791,0.970059880239521,0.9709302325581395
primary_45_DecisionBoundary_randomized_smoothing_C1,45,DecisionBoundary,randomized_smoothing,C1,4,83,1,413,3,0.992,0.9880952380952381,0.9651162790697675,0.9764705882352942,0.9813504100662847
primary_45_DecisionBoundary_randomized_smoothing_C1,45,DecisionBoundary,randomized_smoothing,C1,5,82,0,414,4,0.992,1.0,0.9534883720930233,0.9761904761904763,0.9767441860465116
primary_45_DecisionBoundary_randomized_smoothing_C1,45,DecisionBoundary,randomized_smoothing,C1,6,78,0,414,8,0.984,1.0,0.9069767441860465,0.951219512195122,0.9534883720930232
primary_45_DecisionBoundary_randomized_smoothing_C1,45,DecisionBoundary,randomized_smoothing,C1,7,80,0,414,6,0.988,1.0,0.9302325581395349,0.963855421686747,0.9651162790697674
primary_45_DecisionBoundary_randomized_smoothing_C1,45,DecisionBoundary,randomized_smoothing,C1,8,79,0,414,7,0.986,1.0,0.9186046511627907,0.9575757575757576,0.9593023255813953
primary_45_DecisionBoundary_randomized_smoothing_C1,45,DecisionBoundary,randomized_smoothing,C1,9,84,0,414,2,0.996,1.0,0.9767441860465116,0.988235294117647,0.9883720930232558
primary_45_DecisionBoundary_randomized_smoothing_C1,45,DecisionBoundary,randomized_smoothing,C1,10,79,0,414,7,0.986,1.0,0.9186046511627907,0.9575757575757576,0.9593023255813953
primary_45_DecisionBoundary_randomized_smoothing_C1,45,DecisionBoundary,randomized_smoothing,C1,11,78,0,414,8,0.984,1.0,0.9069767441860465,0.951219512195122,0.9534883720930232
primary_45_DecisionBoundary_randomized_smoothing_C1,45,DecisionBoundary,randomized_smoothing,C1,12,81,0,414,5,0.99,1.0,0.9418604651162791,0.970059880239521,0.9709302325581395
primary_45_DecisionBoundary_randomized_smoothing_C1,45,DecisionBoundary,randomized_smoothing,C1,13,84,0,414,2,0.996,1.0,0.9767441860465116,0.988235294117647,0.9883720930232558
primary_45_DecisionBoundary_randomized_smoothing_C1,45,DecisionBoundary,randomized_smoothing,C1,14,82,1,413,4,0.99,0.9879518072289156,0.9534883720930233,0.9704142011834319,0.9755364565779125
primary_45_DecisionBoundary_randomized_smoothing_C1,45,DecisionBoundary,randomized_smoothing,C1,15,79,0,414,7,0.986,1.0,0.9186046511627907,0.9575757575757576,0.9593023255813953
primary_45_DecisionBoundary_randomized_smoothing_C1,45,DecisionBoundary,randomized_smoothing,C1,16,78,1,413,8,0.982,0.9873417721518988,0.9069767441860465,0.9454545454545454,0.9522806426244241
primary_45_DecisionBoundary_randomized_smoothing_C1,45,DecisionBoundary,randomized_smoothing,C1,17,82,0,415,3,0.994,1.0,0.9647058823529412,0.9820359281437125,0.9823529411764707
primary_45_DecisionBoundary_randomized_smoothing_C1,45,DecisionBoundary,randomized_smoothing,C1,18,79,0,415,6,0.988,1.0,0.9294117647058824,0.9634146341463414,0.9647058823529412
primary_45_DecisionBoundary_randomized_smoothing_C1,45,DecisionBoundary,randomized_smoothing,C1,19,83,0,415,2,0.996,1.0,0.9764705882352941,0.988095238095238,0.9882352941176471
primary_45_DecisionBoundary_randomized_smoothing_C1,45,DecisionBoundary,randomized_smoothing,C1,20,75,1,414,10,0.978,0.9868421052631579,0.8823529411764706,0.9316770186335402,0.9399716513111269
primary_45_DecisionBoundary_randomized_smoothing_C1,45,DecisionBoundary,randomized_smoothing,C1,21,73,1,414,12,0.974,0.9864864864864865,0.8588235294117647,0.9182389937106918,0.9282069454287739
primary_45_DecisionBoundary_randomized_smoothing_C1,45,DecisionBoundary,randomized_smoothing,C1,22,75,0,415,10,0.98,1.0,0.8823529411764706,0.9375,0.9411764705882353
primary_45_DecisionBoundary_randomized_smoothing_C1,45,DecisionBoundary,randomized_smoothing,C1,23,81,0,415,4,0.992,1.0,0.9529411764705882,0.9759036144578312,0.9764705882352941
primary_45_DecisionBoundary_randomized_smoothing_C1,45,DecisionBoundary,randomized_smoothing,C1,24,77,0,415,8,0.984,1.0,0.9058823529411765,0.9506172839506173,0.9529411764705882
primary_45_DecisionBoundary_randomized_smoothing_C1,45,DecisionBoundary,randomized_smoothing,C1,25,76,0,415,9,0.982,1.0,0.8941176470588236,0.9440993788819877,0.9470588235294117
primary_45_DecisionBoundary_randomized_smoothing_C1,45,DecisionBoundary,randomized_smoothing,C1,26,76,0,415,9,0.982,1.0,0.8941176470588236,0.9440993788819877,0.9470588235294117
primary_45_DecisionBoundary_randomized_smoothing_C1,45,DecisionBoundary,randomized_smoothing,C1,27,74,0,415,11,0.978,1.0,0.8705882352941177,0.9308176100628931,0.9352941176470588
primary_45_DecisionBoundary_randomized_smoothing_C1,45,DecisionBoundary,randomized_smoothing,C1,28,78,0,415,7,0.986,1.0,0.9176470588235294,0.9570552147239264,0.9588235294117646
primary_45_DecisionBoundary_randomized_smoothing_C1,45,DecisionBoundary,randomized_smoothing,C1,29,79,0,415,6,0.988,1.0,0.9294117647058824,0.9634146341463414,0.9647058823529412
primary_45_DecisionBoundary_randomized_smoothing_C1,45,DecisionBoundary,randomized_smoothing,C1,30,78,0,415,7,0.986,1.0,0.9176470588235294,0.9570552147239264,0.9588235294117646
primary_45_DecisionBoundary_randomized_smoothing_C1,45,DecisionBoundary,randomized_smoothing,C1,31,76,1,414,9,0.98,0.987012987012987,0.8941176470588236,0.9382716049382716,0.9458540042523034
primary_45_DecisionBoundary_randomized_smoothing_C1,45,DecisionBoundary,randomized_smoothing,C1,32,80,0,415,5,0.99,1.0,0.9411764705882353,0.9696969696969697,0.9705882352941176
primary_45_DecisionBoundary_randomized_smoothing_C1,45,DecisionBoundary,randomized_smoothing,C1,33,80,0,415,5,0.99,1.0,0.9411764705882353,0.9696969696969697,0.9705882352941176
primary_45_DecisionBoundary_randomized_smoothing_C1,45,DecisionBoundary,randomized_smoothing,C1,34,77,1,414,8,0.982,0.9871794871794872,0.9058823529411765,0.9447852760736197,0.9517363571934798
primary_45_DecisionBoundary_randomized_smoothing_C1,45,DecisionBoundary,randomized_smoothing,C1,35,75,0,415,10,0.98,1.0,0.8823529411764706,0.9375,0.9411764705882353
primary_45_DecisionBoundary_randomized_smoothing_C1,45,DecisionBoundary,randomized_smoothing,C1,36,79,0,415,6,0.988,1.0,0.9294117647058824,0.9634146341463414,0.9647058823529412
primary_45_DecisionBoundary_randomized_smoothing_C1,45,DecisionBoundary,randomized_smoothing,C1,37,80,1,414,5,0.988,0.9876543209876543,0.9411764705882353,0.963855421686747,0.9693834160170092
primary_45_DecisionBoundary_randomized_smoothing_C1,45,DecisionBoundary,randomized_smoothing,C1,38,81,0,415,4,0.992,1.0,0.9529411764705882,0.9759036144578312,0.9764705882352941
primary_45_DecisionBoundary_randomized_smoothing_C1,45,DecisionBoundary,randomized_smoothing,C1,39,78,0,415,7,0.986,1.0,0.9176470588235294,0.9570552147239264,0.9588235294117646
primary_45_DecisionBoundary_randomized_smoothing_C1,45,DecisionBoundary,randomized_smoothing,C1,40,81,0,415,4,0.992,1.0,0.9529411764705882,0.9759036144578312,0.9764705882352941
primary_45_DecisionBoundary_randomized_smoothing_C1,45,DecisionBoundary,randomized_smoothing,C1,41,79,1,414,6,0.986,0.9875,0.9294117647058824,0.9575757575757576,0.9635010630758327
primary_45_DecisionBoundary_randomized_smoothing_C1,45,DecisionBoundary,randomized_smoothing,C1,42,81,0,415,4,0.992,1.0,0.9529411764705882,0.9759036144578312,0.9764705882352941
primary_45_DecisionBoundary_randomized_smoothing_C1,45,DecisionBoundary,randomized_smoothing,C1,43,79,1,414,6,0.986,0.9875,0.9294117647058824,0.9575757575757576,0.9635010630758327
primary_45_DecisionBoundary_randomized_smoothing_C1,45,DecisionBoundary,randomized_smoothing,C1,44,79,0,415,6,0.988,1.0,0.9294117647058824,0.9634146341463414,0.9647058823529412
primary_45_DecisionBoundary_randomized_smoothing_C1,45,DecisionBoundary,randomized_smoothing,C1,45,77,1,414,8,0.982,0.9871794871794872,0.9058823529411765,0.9447852760736197,0.9517363571934798
primary_45_DecisionBoundary_randomized_smoothing_C1,45,DecisionBoundary,randomized_smoothing,C1,46,81,2,413,4,0.988,0.9759036144578314,0.9529411764705882,0.9642857142857143,0.9740609496810773
primary_45_DecisionBoundary_randomized_smoothing_C1,45,DecisionBoundary,randomized_smoothing,C1,47,76,0,415,9,0.982,1.0,0.8941176470588236,0.9440993788819877,0.9470588235294117
primary_45_DecisionBoundary_randomized_smoothing_C1,45,DecisionBoundary,randomized_smoothing,C1,48,79,0,415,6,0.988,1.0,0.9294117647058824,0.9634146341463414,0.9647058823529412
primary_45_DecisionBoundary_randomized_smoothing_C1,45,DecisionBoundary,randomized_smoothing,C1,49,76,0,415,9,0.982,1.0,0.8941176470588236,0.9440993788819877,0.9470588235294117
primary_45_DecisionBoundary_randomized_smoothing_C1,45,DecisionBoundary,randomized_smoothing,C1,50,80,0,415,5,0.99,1.0,0.9411764705882353,0.9696969696969697,0.9705882352941176
primary_45_DecisionBoundary_randomized_smoothing_C1,45,DecisionBoundary,randomized_smoothing,C1,51,79,1,414,6,0.986,0.9875,0.9294117647058824,0.9575757575757576,0.9635010630758327
primary_45_DecisionBoundary_randomized_smoothing_C1,45,DecisionBoundary,randomized_smoothing,C1,52,76,2,413,9,0.978,0.9743589743589743,0.8941176470588236,0.9325153374233129,0.9446491849751949
primary_45_DecisionBoundary_randomized_smoothing_C1,45,DecisionBoundary,randomized_smoothing,C1,53,76,1,414,9,0.98,0.987012987012987,0.8941176470588236,0.9382716049382716,0.9458540042523034
primary_45_DecisionBoundary_randomized_smoothing_C1,45,DecisionBoundary,randomized_smoothing,C1,54,82,0,415,3,0.994,1.0,0.9647058823529412,0.9820359281437125,0.9823529411764707
primary_45_DecisionBoundary_randomized_smoothing_C1,45,DecisionBoundary,randomized_smoothing,C1,55,76,0,415,9,0.982,1.0,0.8941176470588236,0.9440993788819877,0.9470588235294117
primary_45_DecisionBoundary_randomized_smoothing_C1,45,DecisionBoundary,randomized_smoothing,C1,56,75,0,415,10,0.98,1.0,0.8823529411764706,0.9375,0.9411764705882353
primary_45_DecisionBoundary_randomized_smoothing_C1,45,DecisionBoundary,randomized_smoothing,C1,57,81,1,414,4,0.99,0.9878048780487805,0.9529411764705882,0.9700598802395209,0.9752657689581856
primary_45_DecisionBoundary_randomized_smoothing_C1,45,DecisionBoundary,randomized_smoothing,C1,58,81,2,413,4,0.988,0.9759036144578314,0.9529411764705882,0.9642857142857143,0.9740609496810773
primary_45_DecisionBoundary_randomized_smoothing_C1,45,DecisionBoundary,randomized_smoothing,C1,59,77,1,414,8,0.982,0.9871794871794872,0.9058823529411765,0.9447852760736197,0.9517363571934798
primary_45_DecisionBoundary_randomized_smoothing_C1,45,DecisionBoundary,randomized_smoothing,C1,60,80,0,415,5,0.99,1.0,0.9411764705882353,0.9696969696969697,0.9705882352941176
primary_45_DecisionBoundary_randomized_smoothing_C1,45,DecisionBoundary,randomized_smoothing,C1,61,79,0,415,6,0.988,1.0,0.9294117647058824,0.9634146341463414,0.9647058823529412
primary_45_DecisionBoundary_randomized_smoothing_C1,45,DecisionBoundary,randomized_smoothing,C1,62,81,0,415,4,0.992,1.0,0.9529411764705882,0.9759036144578312,0.9764705882352941
primary_45_DecisionBoundary_randomized_smoothing_C1,45,DecisionBoundary,randomized_smoothing,C1,63,75,0,415,10,0.98,1.0,0.8823529411764706,0.9375,0.9411764705882353
primary_45_DecisionBoundary_randomized_smoothing_C1,45,DecisionBoundary,randomized_smoothing,C1,64,76,0,415,9,0.982,1.0,0.8941176470588236,0.9440993788819877,0.9470588235294117
primary_45_DecisionBoundary_randomized_smoothing_C1,45,DecisionBoundary,randomized_smoothing,C1,65,78,2,413,7,0.982,0.975,0.9176470588235294,0.9454545454545454,0.9564138908575478
primary_45_DecisionBoundary_randomized_smoothing_C1,45,DecisionBoundary,randomized_smoothing,C1,66,81,1,414,4,0.99,0.9878048780487805,0.9529411764705882,0.9700598802395209,0.9752657689581856
primary_45_DecisionBoundary_randomized_smoothing_C1,45,DecisionBoundary,randomized_smoothing,C1,67,80,0,415,5,0.99,1.0,0.9411764705882353,0.9696969696969697,0.9705882352941176
primary_45_DecisionBoundary_randomized_smoothing_C1,45,DecisionBoundary,randomized_smoothing,C1,68,79,0,415,6,0.988,1.0,0.9294117647058824,0.9634146341463414,0.9647058823529412
primary_45_DecisionBoundary_randomized_smoothing_C1,45,DecisionBoundary,randomized_smoothing,C1,69,79,2,413,6,0.984,0.9753086419753086,0.9294117647058824,0.9518072289156626,0.9622962437987244
primary_45_DecisionBoundary_randomized_smoothing_C1,45,DecisionBoundary,randomized_smoothing,C1,70,81,0,415,4,0.992,1.0,0.9529411764705882,0.9759036144578312,0.9764705882352941
primary_45_DecisionBoundary_randomized_smoothing_C1,45,DecisionBoundary,randomized_smoothing,C1,71,77,0,415,8,0.984,1.0,0.9058823529411765,0.9506172839506173,0.9529411764705882
primary_45_DecisionBoundary_randomized_smoothing_C1,45,DecisionBoundary,randomized_smoothing,C1,72,76,1,414,9,0.98,0.987012987012987,0.8941176470588236,0.9382716049382716,0.9458540042523034
primary_45_DecisionBoundary_randomized_smoothing_C1,45,DecisionBoundary,randomized_smoothing,C1,73,77,1,414,8,0.982,0.9871794871794872,0.9058823529411765,0.9447852760736197,0.9517363571934798
primary_45_DecisionBoundary_randomized_smoothing_C1,45,DecisionBoundary,randomized_smoothing,C1,74,78,0,415,7,0.986,1.0,0.9176470588235294,0.9570552147239264,0.9588235294117646
primary_45_DecisionBoundary_randomized_smoothing_C1,45,DecisionBoundary,randomized_smoothing,C1,75,78,0,415,7,0.986,1.0,0.9176470588235294,0.9570552147239264,0.9588235294117646
primary_45_DecisionBoundary_randomized_smoothing_C1,45,DecisionBoundary,randomized_smoothing,C1,76,79,1,414,6,0.986,0.9875,0.9294117647058824,0.9575757575757576,0.9635010630758327
primary_45_DecisionBoundary_randomized_smoothing_C1,45,DecisionBoundary,randomized_smoothing,C1,77,79,0,415,6,0.988,1.0,0.9294117647058824,0.9634146341463414,0.9647058823529412
primary_45_DecisionBoundary_randomized_smoothing_C1,45,DecisionBoundary,randomized_smoothing,C1,78,82,1,414,3,0.992,0.9879518072289156,0.9647058823529412,0.9761904761904762,0.9811481218993622
primary_45_DecisionBoundary_randomized_smoothing_C1,45,DecisionBoundary,randomized_smoothing,C1,79,81,0,415,4,0.992,1.0,0.9529411764705882,0.9759036144578312,0.9764705882352941
primary_45_DecisionBoundary_randomized_smoothing_C1,45,DecisionBoundary,randomized_smoothing,C1,80,78,0,415,7,0.986,1.0,0.9176470588235294,0.9570552147239264,0.9588235294117646
primary_45_DecisionBoundary_randomized_smoothing_C1,45,DecisionBoundary,randomized_smoothing,C1,81,73,0,415,12,0.976,1.0,0.8588235294117647,0.9240506329113923,0.9294117647058824
primary_45_DecisionBoundary_randomized_smoothing_C1,45,DecisionBoundary,randomized_smoothing,C1,82,78,1,414,7,0.984,0.9873417721518988,0.9176470588235294,0.9512195121951219,0.9576187101346563
primary_45_DecisionBoundary_randomized_smoothing_C1,45,DecisionBoundary,randomized_smoothing,C1,83,76,0,415,9,0.982,1.0,0.8941176470588236,0.9440993788819877,0.9470588235294117
primary_45_DecisionBoundary_randomized_smoothing_C1,45,DecisionBoundary,randomized_smoothing,C1,84,79,0,415,6,0.988,1.0,0.9294117647058824,0.9634146341463414,0.9647058823529412
primary_45_DecisionBoundary_randomized_smoothing_C1,45,DecisionBoundary,randomized_smoothing,C1,85,81,1,414,4,0.99,0.9878048780487805,0.9529411764705882,0.9700598802395209,0.9752657689581856
primary_45_DecisionBoundary_randomized_smoothing_C1,45,DecisionBoundary,randomized_smoothing,C1,86,72,2,413,13,0.97,0.972972972972973,0.8470588235294118,0.9056603773584906,0.921119773210489
primary_45_DecisionBoundary_randomized_smoothing_C1,45,DecisionBoundary,randomized_smoothing,C1,87,71,0,415,14,0.972,1.0,0.8352941176470589,0.9102564102564102,0.9176470588235295
primary_45_DecisionBoundary_randomized_smoothing_C1,45,DecisionBoundary,randomized_smoothing,C1,88,76,0,415,9,0.982,1.0,0.8941176470588236,0.9440993788819877,0.9470588235294117
primary_45_DecisionBoundary_randomized_smoothing_C1,45,DecisionBoundary,randomized_smoothing,C1,89,78,1,414,7,0.984,0.9873417721518988,0.9176470588235294,0.9512195121951219,0.9576187101346563
primary_45_DecisionBoundary_randomized_smoothing_C1,45,DecisionBoundary,randomized_smoothing,C1,90,80,1,414,5,0.988,0.9876543209876543,0.9411764705882353,0.963855421686747,0.9693834160170092
primary_45_DecisionBoundary_randomized_smoothing_C1,45,DecisionBoundary,randomized_smoothing,C1,91,78,2,413,7,0.982,0.975,0.9176470588235294,0.9454545454545454,0.9564138908575478
primary_45_DecisionBoundary_randomized_smoothing_C1,45,DecisionBoundary,randomized_smoothing,C1,92,80,0,415,5,0.99,1.0,0.9411764705882353,0.9696969696969697,0.9705882352941176
primary_45_DecisionBoundary_randomized_smoothing_C1,45,DecisionBoundary,randomized_smoothing,C1,93,78,0,415,7,0.986,1.0,0.9176470588235294,0.9570552147239264,0.9588235294117646
primary_45_DecisionBoundary_randomized_smoothing_C1,45,DecisionBoundary,randomized_smoothing,C1,94,79,0,415,6,0.988,1.0,0.9294117647058824,0.9634146341463414,0.9647058823529412
primary_45_DecisionBoundary_randomized_smoothing_C1,45,DecisionBoundary,randomized_smoothing,C1,95,81,1,414,4,0.99,0.9878048780487805,0.9529411764705882,0.9700598802395209,0.9752657689581856
primary_45_DecisionBoundary_randomized_smoothing_C1,45,DecisionBoundary,randomized_smoothing,C1,96,81,0,415,4,0.992,1.0,0.9529411764705882,0.9759036144578312,0.9764705882352941
primary_45_DecisionBoundary_randomized_smoothing_C1,45,DecisionBoundary,randomized_smoothing,C1,97,75,1,414,10,0.978,0.9868421052631579,0.8823529411764706,0.9316770186335402,0.9399716513111269
primary_45_DecisionBoundary_randomized_smoothing_C1,45,DecisionBoundary,randomized_smoothing,C1,98,80,0,415,5,0.99,1.0,0.9411764705882353,0.9696969696969697,0.9705882352941176
primary_45_DecisionBoundary_randomized_smoothing_C1,45,DecisionBoundary,randomized_smoothing,C1,99,81,1,414,4,0.99,0.9878048780487805,0.9529411764705882,0.9700598802395209,0.9752657689581856
primary_45_DecisionBoundary_randomized_smoothing_C1,45,DecisionBoundary,randomized_smoothing,C1,100,76,1,414,9,0.98,0.987012987012987,0.8941176470588236,0.9382716049382716,0.9458540042523034
primary_45_DecisionBoundary_randomized_smoothing_C1,45,DecisionBoundary,randomized_smoothing,C1,101,80,0,415,5,0.99,1.0,0.9411764705882353,0.9696969696969697,0.9705882352941176
primary_45_DecisionBoundary_randomized_smoothing_C1,45,DecisionBoundary,randomized_smoothing,C1,102,81,0,415,4,0.992,1.0,0.9529411764705882,0.9759036144578312,0.9764705882352941
primary_45_DecisionBoundary_randomized_smoothing_C1,45,DecisionBoundary,randomized_smoothing,C1,103,81,0,415,4,0.992,1.0,0.9529411764705882,0.9759036144578312,0.9764705882352941
primary_45_DecisionBoundary_randomized_smoothing_C1,45,DecisionBoundary,randomized_smoothing,C1,104,82,0,415,3,0.994,1.0,0.9647058823529412,0.9820359281437125,0.9823529411764707
primary_45_DecisionBoundary_randomized_smoothing_C1,45,DecisionBoundary,randomized_smoothing,C1,105,80,0,415,5,0.99,1.0,0.9411764705882353,0.9696969696969697,0.9705882352941176
primary_45_DecisionBoundary_randomized_smoothing_C1,45,DecisionBoundary,randomized_smoothing,C1,106,78,0,415,7,0.986,1.0,0.9176470588235294,0.9570552147239264,0.9588235294117646
primary_45_DecisionBoundary_randomized_smoothing_C1,45,DecisionBoundary,randomized_smoothing,C1,107,79,0,415,6,0.988,1.0,0.9294117647058824,0.9634146341463414,0.9647058823529412
primary_45_DecisionBoundary_randomized_smoothing_C1,45,DecisionBoundary,randomized_smoothing,C1,108,77,0,415,8,0.984,1.0,0.9058823529411765,0.9506172839506173,0.9529411764705882
primary_45_DecisionBoundary_randomized_smoothing_C1,45,DecisionBoundary,randomized_smoothing,C1,109,76,0,415,9,0.982,1.0,0.8941176470588236,0.9440993788819877,0.9470588235294117
primary_45_DecisionBoundary_randomized_smoothing_C1,45,DecisionBoundary,randomized_smoothing,C1,110,78,1,414,7,0.984,0.9873417721518988,0.9176470588235294,0.9512195121951219,0.9576187101346563
primary_45_DecisionBoundary_randomized_smoothing_C1,45,DecisionBoundary,randomized_smoothing,C1,111,81,1,414,4,0.99,0.9878048780487805,0.9529411764705882,0.9700598802395209,0.9752657689581856
primary_45_DecisionBoundary_randomized_smoothing_C1,45,DecisionBoundary,randomized_smoothing,C1,112,80,1,414,5,0.988,0.9876543209876543,0.9411764705882353,0.963855421686747,0.9693834160170092
primary_45_DecisionBoundary_randomized_smoothing_C1,45,DecisionBoundary,randomized_smoothing,C1,113,79,1,414,6,0.986,0.9875,0.9294117647058824,0.9575757575757576,0.9635010630758327
primary_45_DecisionBoundary_randomized_smoothing_C1,45,DecisionBoundary,randomized_smoothing,C1,114,79,0,415,6,0.988,1.0,0.9294117647058824,0.9634146341463414,0.9647058823529412
primary_45_DecisionBoundary_randomized_smoothing_C1,45,DecisionBoundary,randomized_smoothing,C1,115,78,0,415,7,0.986,1.0,0.9176470588235294,0.9570552147239264,0.9588235294117646
primary_45_DecisionBoundary_randomized_smoothing_C1,45,DecisionBoundary,randomized_smoothing,C1,116,76,1,414,9,0.98,0.987012987012987,0.8941176470588236,0.9382716049382716,0.9458540042523034
primary_45_DecisionBoundary_randomized_smoothing_C1,45,DecisionBoundary,randomized_smoothing,C1,117,78,0,415,7,0.986,1.0,0.9176470588235294,0.9570552147239264,0.9588235294117646
primary_45_DecisionBoundary_randomized_smoothing_C1,45,DecisionBoundary,randomized_smoothing,C1,118,79,1,414,6,0.986,0.9875,0.9294117647058824,0.9575757575757576,0.9635010630758327
primary_45_DecisionBoundary_randomized_smoothing_C1,45,DecisionBoundary,randomized_smoothing,C1,119,76,0,415,9,0.982,1.0,0.8941176470588236,0.9440993788819877,0.9470588235294117
primary_45_DecisionBoundary_randomized_smoothing_C1,45,DecisionBoundary,randomized_smoothing,C1,120,81,0,415,4,0.992,1.0,0.9529411764705882,0.9759036144578312,0.9764705882352941
primary_45_DecisionBoundary_randomized_smoothing_C1,45,DecisionBoundary,randomized_smoothing,C1,121,80,0,415,5,0.99,1.0,0.9411764705882353,0.9696969696969697,0.9705882352941176
primary_45_DecisionBoundary_randomized_smoothing_C1,45,DecisionBoundary,randomized_smoothing,C1,122,79,0,415,6,0.988,1.0,0.9294117647058824,0.9634146341463414,0.9647058823529412
primary_45_DecisionBoundary_randomized_smoothing_C1,45,DecisionBoundary,randomized_smoothing,C1,123,74,0,415,11,0.978,1.0,0.8705882352941177,0.9308176100628931,0.9352941176470588
primary_45_DecisionBoundary_randomized_smoothing_C1,45,DecisionBoundary,randomized_smoothing,C1,124,78,1,414,7,0.984,0.9873417721518988,0.9176470588235294,0.9512195121951219,0.9576187101346563
primary_45_DecisionBoundary_randomized_smoothing_C1,45,DecisionBoundary,randomized_smoothing,C1,125,80,2,413,5,0.986,0.975609756097561,0.9411764705882353,0.9580838323353293,0.9681785967399008
primary_45_DecisionBoundary_randomized_smoothing_C1,45,DecisionBoundary,randomized_smoothing,C1,126,82,0,415,3,0.994,1.0,0.9647058823529412,0.9820359281437125,0.9823529411764707
primary_45_DecisionBoundary_randomized_smoothing_C1,45,DecisionBoundary,randomized_smoothing,C1,127,77,0,415,8,0.984,1.0,0.9058823529411765,0.9506172839506173,0.9529411764705882
primary_45_DecisionBoundary_randomized_smoothing_C1,45,DecisionBoundary,randomized_smoothing,C1,128,80,0,415,5,0.99,1.0,0.9411764705882353,0.9696969696969697,0.9705882352941176
primary_45_DecisionBoundary_randomized_smoothing_C1,45,DecisionBoundary,randomized_smoothing,C1,129,77,0,415,8,0.984,1.0,0.9058823529411765,0.9506172839506173,0.9529411764705882
primary_45_DecisionBoundary_randomized_smoothing_C1,45,DecisionBoundary,randomized_smoothing,C1,130,81,0,415,4,0.992,1.0,0.9529411764705882,0.9759036144578312,0.9764705882352941
primary_45_DecisionBoundary_randomized_smoothing_C1,45,DecisionBoundary,randomized_smoothing,C1,131,80,1,414,5,0.988,0.9876543209876543,0.9411764705882353,0.963855421686747,0.9693834160170092
primary_45_DecisionBoundary_randomized_smoothing_C1,45,DecisionBoundary,randomized_smoothing,C1,132,76,0,415,9,0.982,1.0,0.8941176470588236,0.9440993788819877,0.9470588235294117
primary_45_DecisionBoundary_randomized_smoothing_C1,45,DecisionBoundary,randomized_smoothing,C1,133,81,1,414,4,0.99,0.9878048780487805,0.9529411764705882,0.9700598802395209,0.9752657689581856
primary_45_DecisionBoundary_randomized_smoothing_C1,45,DecisionBoundary,randomized_smoothing,C1,134,77,0,415,8,0.984,1.0,0.9058823529411765,0.9506172839506173,0.9529411764705882
primary_45_DecisionBoundary_randomized_smoothing_C1,45,DecisionBoundary,randomized_smoothing,C1,135,82,0,415,3,0.994,1.0,0.9647058823529412,0.9820359281437125,0.9823529411764707
primary_45_DecisionBoundary_randomized_smoothing_C1,45,DecisionBoundary,randomized_smoothing,C1,136,82,0,415,3,0.994,1.0,0.9647058823529412,0.9820359281437125,0.9823529411764707
primary_45_DecisionBoundary_randomized_smoothing_C1,45,DecisionBoundary,randomized_smoothing,C1,137,78,2,413,7,0.982,0.975,0.9176470588235294,0.9454545454545454,0.9564138908575478
primary_45_DecisionBoundary_randomized_smoothing_C1,45,DecisionBoundary,randomized_smoothing,C1,138,80,0,415,5,0.99,1.0,0.9411764705882353,0.9696969696969697,0.9705882352941176
primary_45_DecisionBoundary_randomized_smoothing_C1,45,DecisionBoundary,randomized_smoothing,C1,139,76,1,414,9,0.98,0.987012987012987,0.8941176470588236,0.9382716049382716,0.9458540042523034
primary_45_DecisionBoundary_randomized_smoothing_C1,45,DecisionBoundary,randomized_smoothing,C1,140,78,0,415,7,0.986,1.0,0.9176470588235294,0.9570552147239264,0.9588235294117646
primary_45_DecisionBoundary_randomized_smoothing_C1,45,DecisionBoundary,randomized_smoothing,C1,141,77,0,415,8,0.984,1.0,0.9058823529411765,0.9506172839506173,0.9529411764705882
primary_45_DecisionBoundary_randomized_smoothing_C1,45,DecisionBoundary,randomized_smoothing,C1,142,83,0,415,2,0.996,1.0,0.9764705882352941,0.988095238095238,0.9882352941176471
primary_45_DecisionBoundary_randomized_smoothing_C1,45,DecisionBoundary,randomized_smoothing,C1,143,79,0,415,6,0.988,1.0,0.9294117647058824,0.9634146341463414,0.9647058823529412
primary_46_SilentProbing_afp_Base,46,SilentProbing,afp,Base,0,71,0,414,15,0.97,1.0,0.8255813953488372,0.9044585987261146,0.9127906976744187
primary_46_SilentProbing_afp_Base,46,SilentProbing,afp,Base,1,65,0,414,21,0.958,1.0,0.7558139534883721,0.8609271523178808,0.877906976744186
primary_46_SilentProbing_afp_Base,46,SilentProbing,afp,Base,2,75,0,414,11,0.978,1.0,0.872093023255814,0.9316770186335404,0.936046511627907
primary_46_SilentProbing_afp_Base,46,SilentProbing,afp,Base,3,68,0,414,18,0.964,1.0,0.7906976744186046,0.8831168831168831,0.8953488372093024
primary_46_SilentProbing_afp_Base,46,SilentProbing,afp,Base,4,72,0,414,14,0.972,1.0,0.8372093023255814,0.9113924050632911,0.9186046511627908
primary_46_SilentProbing_afp_Base,46,SilentProbing,afp,Base,5,69,0,414,17,0.966,1.0,0.8023255813953488,0.8903225806451612,0.9011627906976745
primary_46_SilentProbing_afp_Base,46,SilentProbing,afp,Base,6,73,0,414,13,0.974,1.0,0.8488372093023255,0.9182389937106918,0.9244186046511628
primary_46_SilentProbing_afp_Base,46,SilentProbing,afp,Base,7,71,0,414,15,0.97,1.0,0.8255813953488372,0.9044585987261146,0.9127906976744187
primary_46_SilentProbing_afp_Base,46,SilentProbing,afp,Base,8,60,0,414,26,0.948,1.0,0.6976744186046512,0.8219178082191781,0.8488372093023255
primary_46_SilentProbing_afp_Base,46,SilentProbing,afp,Base,9,70,0,414,16,0.968,1.0,0.813953488372093,0.8974358974358974,0.9069767441860466
primary_46_SilentProbing_afp_Base,46,SilentProbing,afp,Base,10,67,0,414,19,0.962,1.0,0.7790697674418605,0.8758169934640523,0.8895348837209303
primary_46_SilentProbing_afp_Base,46,SilentProbing,afp,Base,11,66,0,414,20,0.96,1.0,0.7674418604651163,0.868421052631579,0.8837209302325582
primary_46_SilentProbing_afp_Base,46,SilentProbing,afp,Base,12,75,0,414,11,0.978,1.0,0.872093023255814,0.9316770186335404,0.936046511627907
primary_46_SilentProbing_afp_Base,46,SilentProbing,afp,Base,13,75,0,414,11,0.978,1.0,0.872093023255814,0.9316770186335404,0.936046511627907
primary_46_SilentProbing_afp_Base,46,SilentProbing,afp,Base,14,73,0,414,13,0.974,1.0,0.8488372093023255,0.9182389937106918,0.9244186046511628
primary_46_SilentProbing_afp_Base,46,SilentProbing,afp,Base,15,73,0,414,13,0.974,1.0,0.8488372093023255,0.9182389937106918,0.9244186046511628
primary_46_SilentProbing_afp_Base,46,SilentProbing,afp,Base,16,68,0,414,18,0.964,1.0,0.7906976744186046,0.8831168831168831,0.8953488372093024
primary_46_SilentProbing_afp_Base,46,SilentProbing,afp,Base,17,77,0,415,8,0.984,1.0,0.9058823529411765,0.9506172839506173,0.9529411764705882
primary_46_SilentProbing_afp_Base,46,SilentProbing,afp,Base,18,68,0,415,17,0.966,1.0,0.8,0.888888888888889,0.9
primary_46_SilentProbing_afp_Base,46,SilentProbing,afp,Base,19,73,0,415,12,0.976,1.0,0.8588235294117647,0.9240506329113923,0.9294117647058824
primary_46_SilentProbing_afp_Base,46,SilentProbing,afp,Base,20,66,0,415,19,0.962,1.0,0.7764705882352941,0.8741721854304636,0.888235294117647
primary_46_SilentProbing_afp_Base,46,SilentProbing,afp,Base,21,66,1,414,19,0.96,0.9850746268656716,0.7764705882352941,0.8684210526315789,0.8870304748405387
primary_46_SilentProbing_afp_Base,46,SilentProbing,afp,Base,22,70,0,415,15,0.97,1.0,0.8235294117647058,0.9032258064516129,0.9117647058823529
primary_46_SilentProbing_afp_Base,46,SilentProbing,afp,Base,23,69,0,415,16,0.968,1.0,0.8117647058823529,0.8961038961038961,0.9058823529411765
primary_46_SilentProbing_afp_Base,46,SilentProbing,afp,Base,24,68,0,415,17,0.966,1.0,0.8,0.888888888888889,0.9
primary_46_SilentProbing_afp_Base,46,SilentProbing,afp,Base,25,71,0,415,14,0.972,1.0,0.8352941176470589,0.9102564102564102,0.9176470588235295
primary_46_SilentProbing_afp_Base,46,SilentProbing,afp,Base,26,64,0,415,21,0.958,1.0,0.7529411764705882,0.8590604026845637,0.8764705882352941
primary_46_SilentProbing_afp_Base,46,SilentProbing,afp,Base,27,63,0,415,22,0.956,1.0,0.7411764705882353,0.8513513513513514,0.8705882352941177
primary_46_SilentProbing_afp_Base,46,SilentProbing,afp,Base,28,70,0,415,15,0.97,1.0,0.8235294117647058,0.9032258064516129,0.9117647058823529
primary_46_SilentProbing_afp_Base,46,SilentProbing,afp,Base,29,66,0,415,19,0.962,1.0,0.7764705882352941,0.8741721854304636,0.888235294117647
primary_46_SilentProbing_afp_Base,46,SilentProbing,afp,Base,30,67,0,415,18,0.964,1.0,0.788235294117647,0.8815789473684211,0.8941176470588235
primary_46_SilentProbing_afp_Base,46,SilentProbing,afp,Base,31,68,0,415,17,0.966,1.0,0.8,0.888888888888889,0.9
primary_46_SilentProbing_afp_Base,46,SilentProbing,afp,Base,32,68,0,415,17,0.966,1.0,0.8,0.888888888888889,0.9
primary_46_SilentProbing_afp_Base,46,SilentProbing,afp,Base,33,67,0,415,18,0.964,1.0,0.788235294117647,0.8815789473684211,0.8941176470588235
primary_46_SilentProbing_afp_Base,46,SilentProbing,afp,Base,34,66,0,415,19,0.962,1.0,0.7764705882352941,0.8741721854304636,0.888235294117647
primary_46_SilentProbing_afp_Base,46,SilentProbing,afp,Base,35,59,0,415,26,0.948,1.0,0.6941176470588235,0.8194444444444444,0.8470588235294118
primary_46_SilentProbing_afp_Base,46,SilentProbing,afp,Base,36,66,0,415,19,0.962,1.0,0.7764705882352941,0.8741721854304636,0.888235294117647
primary_46_SilentProbing_afp_Base,46,SilentProbing,afp,Base,37,73,0,415,12,0.976,1.0,0.8588235294117647,0.9240506329113923,0.9294117647058824
primary_46_SilentProbing_afp_Base,46,SilentProbing,afp,Base,38,69,0,415,16,0.968,1.0,0.8117647058823529,0.8961038961038961,0.9058823529411765
primary_46_SilentProbing_afp_Base,46,SilentProbing,afp,Base,39,66,0,415,19,0.962,1.0,0.7764705882352941,0.8741721854304636,0.888235294117647
primary_46_SilentProbing_afp_Base,46,SilentProbing,afp,Base,40,76,0,415,9,0.982,1.0,0.8941176470588236,0.9440993788819877,0.9470588235294117
primary_46_SilentProbing_afp_Base,46,SilentProbing,afp,Base,41,73,0,415,12,0.976,1.0,0.8588235294117647,0.9240506329113923,0.9294117647058824
primary_46_SilentProbing_afp_Base,46,SilentProbing,afp,Base,42,69,0,415,16,0.968,1.0,0.8117647058823529,0.8961038961038961,0.9058823529411765
primary_46_SilentProbing_afp_Base,46,SilentProbing,afp,Base,43,67,0,415,18,0.964,1.0,0.788235294117647,0.8815789473684211,0.8941176470588235
primary_46_SilentProbing_afp_Base,46,SilentProbing,afp,Base,44,67,0,415,18,0.964,1.0,0.788235294117647,0.8815789473684211,0.8941176470588235
primary_46_SilentProbing_afp_Base,46,SilentProbing,afp,Base,45,73,0,415,12,0.976,1.0,0.8588235294117647,0.9240506329113923,0.9294117647058824
primary_46_SilentProbing_afp_Base,46,SilentProbing,afp,Base,46,71,0,415,14,0.972,1.0,0.8352941176470589,0.9102564102564102,0.9176470588235295
primary_46_SilentProbing_afp_Base,46,SilentProbing,afp,Base,47,67,0,415,18,0.964,1.0,0.788235294117647,0.8815789473684211,0.8941176470588235
primary_46_SilentProbing_afp_Base,46,SilentProbing,afp,Base,48,72,0,415,13,0.974,1.0,0.8470588235294118,0.9171974522292993,0.9235294117647059
primary_46_SilentProbing_afp_Base,46,SilentProbing,afp,Base,49,69,0,415,16,0.968,1.0,0.8117647058823529,0.8961038961038961,0.9058823529411765
primary_46_SilentProbing_afp_Base,46,SilentProbing,afp,Base,50,68,0,415,17,0.966,1.0,0.8,0.888888888888889,0.9
primary_46_SilentProbing_afp_Base,46,SilentProbing,afp,Base,51,71,0,415,14,0.972,1.0,0.8352941176470589,0.9102564102564102,0.9176470588235295
primary_46_SilentProbing_afp_Base,46,SilentProbing,afp,Base,52,69,0,415,16,0.968,1.0,0.8117647058823529,0.8961038961038961,0.9058823529411765
primary_46_SilentProbing_afp_Base,46,SilentProbing,afp,Base,53,60,0,415,25,0.95,1.0,0.7058823529411765,0.8275862068965517,0.8529411764705883
primary_46_SilentProbing_afp_Base,46,SilentProbing,afp,Base,54,70,0,415,15,0.97,1.0,0.8235294117647058,0.9032258064516129,0.9117647058823529
primary_46_SilentProbing_afp_Base,46,SilentProbing,afp,Base,55,64,0,415,21,0.958,1.0,0.7529411764705882,0.8590604026845637,0.8764705882352941
primary_46_SilentProbing_afp_Base,46,SilentProbing,afp,Base,56,67,0,415,18,0.964,1.0,0.788235294117647,0.8815789473684211,0.8941176470588235
primary_46_SilentProbing_afp_Base,46,SilentProbing,afp,Base,57,68,0,415,17,0.966,1.0,0.8,0.888888888888889,0.9
primary_46_SilentProbing_afp_Base,46,SilentProbing,afp,Base,58,70,1,414,15,0.968,0.9859154929577465,0.8235294117647058,0.8974358974358974,0.9105598866052445
primary_46_SilentProbing_afp_Base,46,SilentProbing,afp,Base,59,69,0,415,16,0.968,1.0,0.8117647058823529,0.8961038961038961,0.9058823529411765
primary_46_SilentProbing_afp_Base,46,SilentProbing,afp,Base,60,63,0,415,22,0.956,1.0,0.7411764705882353,0.8513513513513514,0.8705882352941177
primary_46_SilentProbing_afp_Base,46,SilentProbing,afp,Base,61,66,0,415,19,0.962,1.0,0.7764705882352941,0.8741721854304636,0.888235294117647
primary_46_SilentProbing_afp_Base,46,SilentProbing,afp,Base,62,66,0,415,19,0.962,1.0,0.7764705882352941,0.8741721854304636,0.888235294117647
primary_46_SilentProbing_afp_Base,46,SilentProbing,afp,Base,63,69,0,415,16,0.968,1.0,0.8117647058823529,0.8961038961038961,0.9058823529411765
primary_46_SilentProbing_afp_Base,46,SilentProbing,afp,Base,64,65,0,415,20,0.96,1.0,0.7647058823529411,0.8666666666666666,0.8823529411764706
primary_46_SilentProbing_afp_Base,46,SilentProbing,afp,Base,65,65,0,415,20,0.96,1.0,0.7647058823529411,0.8666666666666666,0.8823529411764706
primary_46_SilentProbing_afp_Base,46,SilentProbing,afp,Base,66,72,0,415,13,0.974,1.0,0.8470588235294118,0.9171974522292993,0.9235294117647059
primary_46_SilentProbing_afp_Base,46,SilentProbing,afp,Base,67,69,0,415,16,0.968,1.0,0.8117647058823529,0.8961038961038961,0.9058823529411765
primary_46_SilentProbing_afp_Base,46,SilentProbing,afp,Base,68,68,0,415,17,0.966,1.0,0.8,0.888888888888889,0.9
primary_46_SilentProbing_afp_Base,46,SilentProbing,afp,Base,69,68,1,414,17,0.964,0.9855072463768116,0.8,0.8831168831168831,0.8987951807228916
primary_46_SilentProbing_afp_Base,46,SilentProbing,afp,Base,70,70,0,415,15,0.97,1.0,0.8235294117647058,0.9032258064516129,0.9117647058823529
primary_46_SilentProbing_afp_Base,46,SilentProbing,afp,Base,71,67,0,415,18,0.964,1.0,0.788235294117647,0.8815789473684211,0.8941176470588235
primary_46_SilentProbing_afp_Base,46,SilentProbing,afp,Base,72,68,0,415,17,0.966,1.0,0.8,0.888888888888889,0.9
primary_46_SilentProbing_afp_Base,46,SilentProbing,afp,Base,73,68,0,415,17,0.966,1.0,0.8,0.888888888888889,0.9
primary_46_SilentProbing_afp_Base,46,SilentProbing,afp,Base,74,76,0,415,9,0.982,1.0,0.8941176470588236,0.9440993788819877,0.9470588235294117
primary_46_SilentProbing_afp_Base,46,SilentProbing,afp,Base,75,67,0,415,18,0.964,1.0,0.788235294117647,0.8815789473684211,0.8941176470588235
primary_46_SilentProbing_afp_Base,46,SilentProbing,afp,Base,76,71,0,415,14,0.972,1.0,0.8352941176470589,0.9102564102564102,0.9176470588235295
primary_46_SilentProbing_afp_Base,46,SilentProbing,afp,Base,77,69,0,415,16,0.968,1.0,0.8117647058823529,0.8961038961038961,0.9058823529411765
primary_46_SilentProbing_afp_Base,46,SilentProbing,afp,Base,78,73,0,415,12,0.976,1.0,0.8588235294117647,0.9240506329113923,0.9294117647058824
primary_46_SilentProbing_afp_Base,46,SilentProbing,afp,Base,79,65,0,415,20,0.96,1.0,0.7647058823529411,0.8666666666666666,0.8823529411764706
primary_46_SilentProbing_afp_Base,46,SilentProbing,afp,Base,80,69,0,415,16,0.968,1.0,0.8117647058823529,0.8961038961038961,0.9058823529411765
primary_46_SilentProbing_afp_Base,46,SilentProbing,afp,Base,81,66,0,415,19,0.962,1.0,0.7764705882352941,0.8741721854304636,0.888235294117647
primary_46_SilentProbing_afp_Base,46,SilentProbing,afp,Base,82,70,0,415,15,0.97,1.0,0.8235294117647058,0.9032258064516129,0.9117647058823529
primary_46_SilentProbing_afp_Base,46,SilentProbing,afp,Base,83,63,0,415,22,0.956,1.0,0.7411764705882353,0.8513513513513514,0.8705882352941177
primary_46_SilentProbing_afp_Base,46,SilentProbing,afp,Base,84,71,0,415,14,0.972,1.0,0.8352941176470589,0.9102564102564102,0.9176470588235295
primary_46_SilentProbing_afp_Base,46,SilentProbing,afp,Base,85,69,0,415,16,0.968,1.0,0.8117647058823529,0.8961038961038961,0.9058823529411765
primary_46_SilentProbing_afp_Base,46,SilentProbing,afp,Base,86,70,1,414,15,0.968,0.9859154929577465,0.8235294117647058,0.8974358974358974,0.9105598866052445
primary_46_SilentProbing_afp_Base,46,SilentProbing,afp,Base,87,65,0,415,20,0.96,1.0,0.7647058823529411,0.8666666666666666,0.8823529411764706
primary_46_SilentProbing_afp_Base,46,SilentProbing,afp,Base,88,65,0,415,20,0.96,1.0,0.7647058823529411,0.8666666666666666,0.8823529411764706
primary_46_SilentProbing_afp_Base,46,SilentProbing,afp,Base,89,72,0,415,13,0.974,1.0,0.8470588235294118,0.9171974522292993,0.9235294117647059
primary_46_SilentProbing_afp_Base,46,SilentProbing,afp,Base,90,69,0,415,16,0.968,1.0,0.8117647058823529,0.8961038961038961,0.9058823529411765
primary_46_SilentProbing_afp_Base,46,SilentProbing,afp,Base,91,68,0,415,17,0.966,1.0,0.8,0.888888888888889,0.9
primary_46_SilentProbing_afp_Base,46,SilentProbing,afp,Base,92,68,0,415,17,0.966,1.0,0.8,0.888888888888889,0.9
primary_46_SilentProbing_afp_Base,46,SilentProbing,afp,Base,93,73,0,415,12,0.976,1.0,0.8588235294117647,0.9240506329113923,0.9294117647058824
primary_46_SilentProbing_afp_Base,46,SilentProbing,afp,Base,94,65,0,415,20,0.96,1.0,0.7647058823529411,0.8666666666666666,0.8823529411764706
primary_46_SilentProbing_afp_Base,46,SilentProbing,afp,Base,95,71,0,415,14,0.972,1.0,0.8352941176470589,0.9102564102564102,0.9176470588235295
primary_46_SilentProbing_afp_Base,46,SilentProbing,afp,Base,96,67,0,415,18,0.964,1.0,0.788235294117647,0.8815789473684211,0.8941176470588235
primary_46_SilentProbing_afp_Base,46,SilentProbing,afp,Base,97,66,1,414,19,0.96,0.9850746268656716,0.7764705882352941,0.8684210526315789,0.8870304748405387
primary_46_SilentProbing_afp_Base,46,SilentProbing,afp,Base,98,71,0,415,14,0.972,1.0,0.8352941176470589,0.9102564102564102,0.9176470588235295
primary_46_SilentProbing_afp_Base,46,SilentProbing,afp,Base,99,62,0,415,23,0.954,1.0,0.7294117647058823,0.8435374149659863,0.8647058823529412
primary_46_SilentProbing_afp_Base,46,SilentProbing,afp,Base,100,73,0,415,12,0.976,1.0,0.8588235294117647,0.9240506329113923,0.9294117647058824
primary_46_SilentProbing_afp_Base,46,SilentProbing,afp,Base,101,65,0,415,20,0.96,1.0,0.7647058823529411,0.8666666666666666,0.8823529411764706
primary_46_SilentProbing_afp_Base,46,SilentProbing,afp,Base,102,70,0,415,15,0.97,1.0,0.8235294117647058,0.9032258064516129,0.9117647058823529
primary_46_SilentProbing_afp_Base,46,SilentProbing,afp,Base,103,71,0,415,14,0.972,1.0,0.8352941176470589,0.9102564102564102,0.9176470588235295
primary_46_SilentProbing_afp_Base,46,SilentProbing,afp,Base,104,74,0,415,11,0.978,1.0,0.8705882352941177,0.9308176100628931,0.9352941176470588
primary_46_SilentProbing_afp_Base,46,SilentProbing,afp,Base,105,71,0,415,14,0.972,1.0,0.8352941176470589,0.9102564102564102,0.9176470588235295
primary_46_SilentProbing_afp_Base,46,SilentProbing,afp,Base,106,70,0,415,15,0.97,1.0,0.8235294117647058,0.9032258064516129,0.9117647058823529
primary_46_SilentProbing_afp_Base,46,SilentProbing,afp,Base,107,65,0,415,20,0.96,1.0,0.7647058823529411,0.8666666666666666,0.8823529411764706
primary_46_SilentProbing_afp_Base,46,SilentProbing,afp,Base,108,69,0,415,16,0.968,1.0,0.8117647058823529,0.8961038961038961,0.9058823529411765
primary_46_SilentProbing_afp_Base,46,SilentProbing,afp,Base,109,65,0,415,20,0.96,1.0,0.7647058823529411,0.8666666666666666,0.8823529411764706
primary_46_SilentProbing_afp_Base,46,SilentProbing,afp,Base,110,69,1,414,16,0.966,0.9857142857142858,0.8117647058823529,0.8903225806451613,0.904677533664068
primary_46_SilentProbing_afp_Base,46,SilentProbing,afp,Base,111,70,0,415,15,0.97,1.0,0.8235294117647058,0.9032258064516129,0.9117647058823529
primary_46_SilentProbing_afp_Base,46,SilentProbing,afp,Base,112,74,0,415,11,0.978,1.0,0.8705882352941177,0.9308176100628931,0.9352941176470588
primary_46_SilentProbing_afp_Base,46,SilentProbing,afp,Base,113,66,0,415,19,0.962,1.0,0.7764705882352941,0.8741721854304636,0.888235294117647
primary_46_SilentProbing_afp_Base,46,SilentProbing,afp,Base,114,66,0,415,19,0.962,1.0,0.7764705882352941,0.8741721854304636,0.888235294117647
primary_46_SilentProbing_afp_Base,46,SilentProbing,afp,Base,115,68,0,415,17,0.966,1.0,0.8,0.888888888888889,0.9
primary_46_SilentProbing_afp_Base,46,SilentProbing,afp,Base,116,60,0,415,25,0.95,1.0,0.7058823529411765,0.8275862068965517,0.8529411764705883
primary_46_SilentProbing_afp_Base,46,SilentProbing,afp,Base,117,70,0,415,15,0.97,1.0,0.8235294117647058,0.9032258064516129,0.9117647058823529
primary_46_SilentProbing_afp_Base,46,SilentProbing,afp,Base,118,70,0,415,15,0.97,1.0,0.8235294117647058,0.9032258064516129,0.9117647058823529
primary_46_SilentProbing_afp_Base,46,SilentProbing,afp,Base,119,73,0,415,12,0.976,1.0,0.8588235294117647,0.9240506329113923,0.9294117647058824
primary_46_SilentProbing_afp_Base,46,SilentProbing,afp,Base,120,76,0,415,9,0.982,1.0,0.8941176470588236,0.9440993788819877,0.9470588235294117
primary_46_SilentProbing_afp_Base,46,SilentProbing,afp,Base,121,69,0,415,16,0.968,1.0,0.8117647058823529,0.8961038961038961,0.9058823529411765
primary_46_SilentProbing_afp_Base,46,SilentProbing,afp,Base,122,71,0,415,14,0.972,1.0,0.8352941176470589,0.9102564102564102,0.9176470588235295
primary_46_SilentProbing_afp_Base,46,SilentProbing,afp,Base,123,66,0,415,19,0.962,1.0,0.7764705882352941,0.8741721854304636,0.888235294117647
primary_46_SilentProbing_afp_Base,46,SilentProbing,afp,Base,124,66,0,415,19,0.962,1.0,0.7764705882352941,0.8741721854304636,0.888235294117647
primary_46_SilentProbing_afp_Base,46,SilentProbing,afp,Base,125,71,0,415,14,0.972,1.0,0.8352941176470589,0.9102564102564102,0.9176470588235295
primary_46_SilentProbing_afp_Base,46,SilentProbing,afp,Base,126,76,0,415,9,0.982,1.0,0.8941176470588236,0.9440993788819877,0.9470588235294117
primary_46_SilentProbing_afp_Base,46,SilentProbing,afp,Base,127,64,0,415,21,0.958,1.0,0.7529411764705882,0.8590604026845637,0.8764705882352941
primary_46_SilentProbing_afp_Base,46,SilentProbing,afp,Base,128,71,0,415,14,0.972,1.0,0.8352941176470589,0.9102564102564102,0.9176470588235295
primary_46_SilentProbing_afp_Base,46,SilentProbing,afp,Base,129,69,0,415,16,0.968,1.0,0.8117647058823529,0.8961038961038961,0.9058823529411765
primary_46_SilentProbing_afp_Base,46,SilentProbing,afp,Base,130,74,0,415,11,0.978,1.0,0.8705882352941177,0.9308176100628931,0.9352941176470588
primary_46_SilentProbing_afp_Base,46,SilentProbing,afp,Base,131,65,0,415,20,0.96,1.0,0.7647058823529411,0.8666666666666666,0.8823529411764706
primary_46_SilentProbing_afp_Base,46,SilentProbing,afp,Base,132,65,0,415,20,0.96,1.0,0.7647058823529411,0.8666666666666666,0.8823529411764706
primary_46_SilentProbing_afp_Base,46,SilentProbing,afp,Base,133,71,0,415,14,0.972,1.0,0.8352941176470589,0.9102564102564102,0.9176470588235295
primary_46_SilentProbing_afp_Base,46,SilentProbing,afp,Base,134,64,0,415,21,0.958,1.0,0.7529411764705882,0.8590604026845637,0.8764705882352941
primary_46_SilentProbing_afp_Base,46,SilentProbing,afp,Base,135,66,0,415,19,0.962,1.0,0.7764705882352941,0.8741721854304636,0.888235294117647
primary_46_SilentProbing_afp_Base,46,SilentProbing,afp,Base,136,67,0,415,18,0.964,1.0,0.788235294117647,0.8815789473684211,0.8941176470588235
primary_46_SilentProbing_afp_Base,46,SilentProbing,afp,Base,137,68,0,415,17,0.966,1.0,0.8,0.888888888888889,0.9
primary_46_SilentProbing_afp_Base,46,SilentProbing,afp,Base,138,68,0,415,17,0.966,1.0,0.8,0.888888888888889,0.9
primary_46_SilentProbing_afp_Base,46,SilentProbing,afp,Base,139,67,0,415,18,0.964,1.0,0.788235294117647,0.8815789473684211,0.8941176470588235
primary_46_SilentProbing_afp_Base,46,SilentProbing,afp,Base,140,69,0,415,16,0.968,1.0,0.8117647058823529,0.8961038961038961,0.9058823529411765
primary_46_SilentProbing_afp_Base,46,SilentProbing,afp,Base,141,69,0,415,16,0.968,1.0,0.8117647058823529,0.8961038961038961,0.9058823529411765
primary_46_SilentProbing_afp_Base,46,SilentProbing,afp,Base,142,66,0,415,19,0.962,1.0,0.7764705882352941,0.8741721854304636,0.888235294117647
primary_46_SilentProbing_afp_Base,46,SilentProbing,afp,Base,143,72,0,415,13,0.974,1.0,0.8470588235294118,0.9171974522292993,0.9235294117647059
primary_46_SilentProbing_afp_C1,46,SilentProbing,afp,C1,0,71,0,414,15,0.97,1.0,0.8255813953488372,0.9044585987261146,0.9127906976744187
primary_46_SilentProbing_afp_C1,46,SilentProbing,afp,C1,1,72,0,414,14,0.972,1.0,0.8372093023255814,0.9113924050632911,0.9186046511627908
primary_46_SilentProbing_afp_C1,46,SilentProbing,afp,C1,2,80,1,413,6,0.986,0.9876543209876543,0.9302325581395349,0.9580838323353293,0.9639085496011683
primary_46_SilentProbing_afp_C1,46,SilentProbing,afp,C1,3,77,0,414,9,0.982,1.0,0.8953488372093024,0.9447852760736196,0.9476744186046512
primary_46_SilentProbing_afp_C1,46,SilentProbing,afp,C1,4,81,0,414,5,0.99,1.0,0.9418604651162791,0.970059880239521,0.9709302325581395
primary_46_SilentProbing_afp_C1,46,SilentProbing,afp,C1,5,83,0,414,3,0.994,1.0,0.9651162790697675,0.9822485207100593,0.9825581395348837
primary_46_SilentProbing_afp_C1,46,SilentProbing,afp,C1,6,77,0,414,9,0.982,1.0,0.8953488372093024,0.9447852760736196,0.9476744186046512
primary_46_SilentProbing_afp_C1,46,SilentProbing,afp,C1,7,78,0,414,8,0.984,1.0,0.9069767441860465,0.951219512195122,0.9534883720930232
primary_46_SilentProbing_afp_C1,46,SilentProbing,afp,C1,8,78,0,414,8,0.984,1.0,0.9069767441860465,0.951219512195122,0.9534883720930232
primary_46_SilentProbing_afp_C1,46,SilentProbing,afp,C1,9,83,0,414,3,0.994,1.0,0.9651162790697675,0.9822485207100593,0.9825581395348837
primary_46_SilentProbing_afp_C1,46,SilentProbing,afp,C1,10,80,1,413,6,0.986,0.9876543209876543,0.9302325581395349,0.9580838323353293,0.9639085496011683
primary_46_SilentProbing_afp_C1,46,SilentProbing,afp,C1,11,80,0,414,6,0.988,1.0,0.9302325581395349,0.963855421686747,0.9651162790697674
primary_46_SilentProbing_afp_C1,46,SilentProbing,afp,C1,12,80,0,414,6,0.988,1.0,0.9302325581395349,0.963855421686747,0.9651162790697674
primary_46_SilentProbing_afp_C1,46,SilentProbing,afp,C1,13,83,0,414,3,0.994,1.0,0.9651162790697675,0.9822485207100593,0.9825581395348837
primary_46_SilentProbing_afp_C1,46,SilentProbing,afp,C1,14,83,0,414,3,0.994,1.0,0.9651162790697675,0.9822485207100593,0.9825581395348837
primary_46_SilentProbing_afp_C1,46,SilentProbing,afp,C1,15,81,0,414,5,0.99,1.0,0.9418604651162791,0.970059880239521,0.9709302325581395
primary_46_SilentProbing_afp_C1,46,SilentProbing,afp,C1,16,77,1,413,9,0.98,0.9871794871794872,0.8953488372093024,0.9390243902439025,0.9464666891360521
primary_46_SilentProbing_afp_C1,46,SilentProbing,afp,C1,17,84,0,415,1,0.998,1.0,0.9882352941176471,0.9940828402366864,0.9941176470588236
primary_46_SilentProbing_afp_C1,46,SilentProbing,afp,C1,18,79,0,415,6,0.988,1.0,0.9294117647058824,0.9634146341463414,0.9647058823529412
primary_46_SilentProbing_afp_C1,46,SilentProbing,afp,C1,19,83,0,415,2,0.996,1.0,0.9764705882352941,0.988095238095238,0.9882352941176471
primary_46_SilentProbing_afp_C1,46,SilentProbing,afp,C1,20,75,1,414,10,0.978,0.9868421052631579,0.8823529411764706,0.9316770186335402,0.9399716513111269
primary_46_SilentProbing_afp_C1,46,SilentProbing,afp,C1,21,76,1,414,9,0.98,0.987012987012987,0.8941176470588236,0.9382716049382716,0.9458540042523034
primary_46_SilentProbing_afp_C1,46,SilentProbing,afp,C1,22,78,0,415,7,0.986,1.0,0.9176470588235294,0.9570552147239264,0.9588235294117646
primary_46_SilentProbing_afp_C1,46,SilentProbing,afp,C1,23,81,0,415,4,0.992,1.0,0.9529411764705882,0.9759036144578312,0.9764705882352941
primary_46_SilentProbing_afp_C1,46,SilentProbing,afp,C1,24,80,1,414,5,0.988,0.9876543209876543,0.9411764705882353,0.963855421686747,0.9693834160170092
primary_46_SilentProbing_afp_C1,46,SilentProbing,afp,C1,25,77,0,415,8,0.984,1.0,0.9058823529411765,0.9506172839506173,0.9529411764705882
primary_46_SilentProbing_afp_C1,46,SilentProbing,afp,C1,26,77,0,415,8,0.984,1.0,0.9058823529411765,0.9506172839506173,0.9529411764705882
primary_46_SilentProbing_afp_C1,46,SilentProbing,afp,C1,27,77,0,415,8,0.984,1.0,0.9058823529411765,0.9506172839506173,0.9529411764705882
primary_46_SilentProbing_afp_C1,46,SilentProbing,afp,C1,28,79,0,415,6,0.988,1.0,0.9294117647058824,0.9634146341463414,0.9647058823529412
primary_46_SilentProbing_afp_C1,46,SilentProbing,afp,C1,29,80,0,415,5,0.99,1.0,0.9411764705882353,0.9696969696969697,0.9705882352941176
primary_46_SilentProbing_afp_C1,46,SilentProbing,afp,C1,30,79,0,415,6,0.988,1.0,0.9294117647058824,0.9634146341463414,0.9647058823529412
primary_46_SilentProbing_afp_C1,46,SilentProbing,afp,C1,31,78,1,414,7,0.984,0.9873417721518988,0.9176470588235294,0.9512195121951219,0.9576187101346563
primary_46_SilentProbing_afp_C1,46,SilentProbing,afp,C1,32,80,0,415,5,0.99,1.0,0.9411764705882353,0.9696969696969697,0.9705882352941176
primary_46_SilentProbing_afp_C1,46,SilentProbing,afp,C1,33,81,0,415,4,0.992,1.0,0.9529411764705882,0.9759036144578312,0.9764705882352941
primary_46_SilentProbing_afp_C1,46,SilentProbing,afp,C1,34,79,1,414,6,0.986,0.9875,0.9294117647058824,0.9575757575757576,0.9635010630758327
primary_46_SilentProbing_afp_C1,46,SilentProbing,afp,C1,35,75,1,414,10,0.978,0.9868421052631579,0.8823529411764706,0.9316770186335402,0.9399716513111269
primary_46_SilentProbing_afp_C1,46,SilentProbing,afp,C1,36,79,0,415,6,0.988,1.0,0.9294117647058824,0.9634146341463414,0.9647058823529412
primary_46_SilentProbing_afp_C1,46,SilentProbing,afp,C1,37,81,1,414,4,0.99,0.9878048780487805,0.9529411764705882,0.9700598802395209,0.9752657689581856
primary_46_SilentProbing_afp_C1,46,SilentProbing,afp,C1,38,81,0,415,4,0.992,1.0,0.9529411764705882,0.9759036144578312,0.9764705882352941
primary_46_SilentProbing_afp_C1,46,SilentProbing,afp,C1,39,81,0,415,4,0.992,1.0,0.9529411764705882,0.9759036144578312,0.9764705882352941
primary_46_SilentProbing_afp_C1,46,SilentProbing,afp,C1,40,82,0,415,3,0.994,1.0,0.9647058823529412,0.9820359281437125,0.9823529411764707
primary_46_SilentProbing_afp_C1,46,SilentProbing,afp,C1,41,82,1,414,3,0.992,0.9879518072289156,0.9647058823529412,0.9761904761904762,0.9811481218993622
primary_46_SilentProbing_afp_C1,46,SilentProbing,afp,C1,42,81,0,415,4,0.992,1.0,0.9529411764705882,0.9759036144578312,0.9764705882352941
primary_46_SilentProbing_afp_C1,46,SilentProbing,afp,C1,43,78,1,414,7,0.984,0.9873417721518988,0.9176470588235294,0.9512195121951219,0.9576187101346563
primary_46_SilentProbing_afp_C1,46,SilentProbing,afp,C1,44,79,0,415,6,0.988,1.0,0.9294117647058824,0.9634146341463414,0.9647058823529412
primary_46_SilentProbing_afp_C1,46,SilentProbing,afp,C1,45,81,0,415,4,0.992,1.0,0.9529411764705882,0.9759036144578312,0.9764705882352941
primary_46_SilentProbing_afp_C1,46,SilentProbing,afp,C1,46,81,1,414,4,0.99,0.9878048780487805,0.9529411764705882,0.9700598802395209,0.9752657689581856
primary_46_SilentProbing_afp_C1,46,SilentProbing,afp,C1,47,76,0,415,9,0.982,1.0,0.8941176470588236,0.9440993788819877,0.9470588235294117
primary_46_SilentProbing_afp_C1,46,SilentProbing,afp,C1,48,81,0,415,4,0.992,1.0,0.9529411764705882,0.9759036144578312,0.9764705882352941
primary_46_SilentProbing_afp_C1,46,SilentProbing,afp,C1,49,77,0,415,8,0.984,1.0,0.9058823529411765,0.9506172839506173,0.9529411764705882
primary_46_SilentProbing_afp_C1,46,SilentProbing,afp,C1,50,81,0,415,4,0.992,1.0,0.9529411764705882,0.9759036144578312,0.9764705882352941
primary_46_SilentProbing_afp_C1,46,SilentProbing,afp,C1,51,80,1,414,5,0.988,0.9876543209876543,0.9411764705882353,0.963855421686747,0.9693834160170092
primary_46_SilentProbing_afp_C1,46,SilentProbing,afp,C1,52,80,0,415,5,0.99,1.0,0.9411764705882353,0.9696969696969697,0.9705882352941176
primary_46_SilentProbing_afp_C1,46,SilentProbing,afp,C1,53,77,1,414,8,0.982,0.9871794871794872,0.9058823529411765,0.9447852760736197,0.9517363571934798
primary_46_SilentProbing_afp_C1,46,SilentProbing,afp,C1,54,82,0,415,3,0.994,1.0,0.9647058823529412,0.9820359281437125,0.9823529411764707
primary_46_SilentProbing_afp_C1,46,SilentProbing,afp,C1,55,78,0,415,7,0.986,1.0,0.9176470588235294,0.9570552147239264,0.9588235294117646
primary_46_SilentProbing_afp_C1,46,SilentProbing,afp,C1,56,78,0,415,7,0.986,1.0,0.9176470588235294,0.9570552147239264,0.9588235294117646
primary_46_SilentProbing_afp_C1,46,SilentProbing,afp,C1,57,81,0,415,4,0.992,1.0,0.9529411764705882,0.9759036144578312,0.9764705882352941
primary_46_SilentProbing_afp_C1,46,SilentProbing,afp,C1,58,82,2,413,3,0.99,0.9761904761904762,0.9647058823529412,0.9704142011834319,0.9799433026222537
primary_46_SilentProbing_afp_C1,46,SilentProbing,afp,C1,59,78,0,415,7,0.986,1.0,0.9176470588235294,0.9570552147239264,0.9588235294117646
primary_46_SilentProbing_afp_C1,46,SilentProbing,afp,C1,60,81,0,415,4,0.992,1.0,0.9529411764705882,0.9759036144578312,0.9764705882352941
primary_46_SilentProbing_afp_C1,46,SilentProbing,afp,C1,61,79,0,415,6,0.988,1.0,0.9294117647058824,0.9634146341463414,0.9647058823529412
primary_46_SilentProbing_afp_C1,46,SilentProbing,afp,C1,62,81,0,415,4,0.992,1.0,0.9529411764705882,0.9759036144578312,0.9764705882352941
primary_46_SilentProbing_afp_C1,46,SilentProbing,afp,C1,63,76,0,415,9,0.982,1.0,0.8941176470588236,0.9440993788819877,0.9470588235294117
primary_46_SilentProbing_afp_C1,46,SilentProbing,afp,C1,64,77,0,415,8,0.984,1.0,0.9058823529411765,0.9506172839506173,0.9529411764705882
primary_46_SilentProbing_afp_C1,46,SilentProbing,afp,C1,65,78,1,414,7,0.984,0.9873417721518988,0.9176470588235294,0.9512195121951219,0.9576187101346563
primary_46_SilentProbing_afp_C1,46,SilentProbing,afp,C1,66,80,0,415,5,0.99,1.0,0.9411764705882353,0.9696969696969697,0.9705882352941176
primary_46_SilentProbing_afp_C1,46,SilentProbing,afp,C1,67,81,0,415,4,0.992,1.0,0.9529411764705882,0.9759036144578312,0.9764705882352941
primary_46_SilentProbing_afp_C1,46,SilentProbing,afp,C1,68,79,0,415,6,0.988,1.0,0.9294117647058824,0.9634146341463414,0.9647058823529412
primary_46_SilentProbing_afp_C1,46,SilentProbing,afp,C1,69,80,2,413,5,0.986,0.975609756097561,0.9411764705882353,0.9580838323353293,0.9681785967399008
primary_46_SilentProbing_afp_C1,46,SilentProbing,afp,C1,70,82,0,415,3,0.994,1.0,0.9647058823529412,0.9820359281437125,0.9823529411764707
primary_46_SilentProbing_afp_C1,46,SilentProbing,afp,C1,71,77,0,415,8,0.984,1.0,0.9058823529411765,0.9506172839506173,0.9529411764705882
primary_46_SilentProbing_afp_C1,46,SilentProbing,afp,C1,72,78,0,415,7,0.986,1.0,0.9176470588235294,0.9570552147239264,0.9588235294117646
primary_46_SilentProbing_afp_C1,46,SilentProbing,afp,C1,73,77,1,414,8,0.982,0.9871794871794872,0.9058823529411765,0.9447852760736197,0.9517363571934798
primary_46_SilentProbing_afp_C1,46,SilentProbing,afp,C1,74,82,0,415,3,0.994,1.0,0.9647058823529412,0.9820359281437125,0.9823529411764707
primary_46_SilentProbing_afp_C1,46,SilentProbing,afp,C1,75,78,0,415,7,0.986,1.0,0.9176470588235294,0.9570552147239264,0.9588235294117646
primary_46_SilentProbing_afp_C1,46,SilentProbing,afp,C1,76,82,1,414,3,0.992,0.9879518072289156,0.9647058823529412,0.9761904761904762,0.9811481218993622
primary_46_SilentProbing_afp_C1,46,SilentProbing,afp,C1,77,80,0,415,5,0.99,1.0,0.9411764705882353,0.9696969696969697,0.9705882352941176
primary_46_SilentProbing_afp_C1,46,SilentProbing,afp,C1,78,83,0,415,2,0.996,1.0,0.9764705882352941,0.988095238095238,0.9882352941176471
primary_46_SilentProbing_afp_C1,46,SilentProbing,afp,C1,79,81,0,415,4,0.992,1.0,0.9529411764705882,0.9759036144578312,0.9764705882352941
primary_46_SilentProbing_afp_C1,46,SilentProbing,afp,C1,80,79,0,415,6,0.988,1.0,0.9294117647058824,0.9634146341463414,0.9647058823529412
primary_46_SilentProbing_afp_C1,46,SilentProbing,afp,C1,81,76,0,415,9,0.982,1.0,0.8941176470588236,0.9440993788819877,0.9470588235294117
primary_46_SilentProbing_afp_C1,46,SilentProbing,afp,C1,82,80,1,414,5,0.988,0.9876543209876543,0.9411764705882353,0.963855421686747,0.9693834160170092
primary_46_SilentProbing_afp_C1,46,SilentProbing,afp,C1,83,78,0,415,7,0.986,1.0,0.9176470588235294,0.9570552147239264,0.9588235294117646
primary_46_SilentProbing_afp_C1,46,SilentProbing,afp,C1,84,79,0,415,6,0.988,1.0,0.9294117647058824,0.9634146341463414,0.9647058823529412
primary_46_SilentProbing_afp_C1,46,SilentProbing,afp,C1,85,82,1,414,3,0.992,0.9879518072289156,0.9647058823529412,0.9761904761904762,0.9811481218993622
primary_46_SilentProbing_afp_C1,46,SilentProbing,afp,C1,86,76,2,413,9,0.978,0.9743589743589743,0.8941176470588236,0.9325153374233129,0.9446491849751949
primary_46_SilentProbing_afp_C1,46,SilentProbing,afp,C1,87,78,0,415,7,0.986,1.0,0.9176470588235294,0.9570552147239264,0.9588235294117646
primary_46_SilentProbing_afp_C1,46,SilentProbing,afp,C1,88,81,0,415,4,0.992,1.0,0.9529411764705882,0.9759036144578312,0.9764705882352941
primary_46_SilentProbing_afp_C1,46,SilentProbing,afp,C1,89,79,1,414,6,0.986,0.9875,0.9294117647058824,0.9575757575757576,0.9635010630758327
primary_46_SilentProbing_afp_C1,46,SilentProbing,afp,C1,90,82,1,414,3,0.992,0.9879518072289156,0.9647058823529412,0.9761904761904762,0.9811481218993622
primary_46_SilentProbing_afp_C1,46,SilentProbing,afp,C1,91,80,2,413,5,0.986,0.975609756097561,0.9411764705882353,0.9580838323353293,0.9681785967399008
primary_46_SilentProbing_afp_C1,46,SilentProbing,afp,C1,92,80,0,415,5,0.99,1.0,0.9411764705882353,0.9696969696969697,0.9705882352941176
primary_46_SilentProbing_afp_C1,46,SilentProbing,afp,C1,93,79,0,415,6,0.988,1.0,0.9294117647058824,0.9634146341463414,0.9647058823529412
primary_46_SilentProbing_afp_C1,46,SilentProbing,afp,C1,94,82,0,415,3,0.994,1.0,0.9647058823529412,0.9820359281437125,0.9823529411764707
primary_46_SilentProbing_afp_C1,46,SilentProbing,afp,C1,95,82,1,414,3,0.992,0.9879518072289156,0.9647058823529412,0.9761904761904762,0.9811481218993622
primary_46_SilentProbing_afp_C1,46,SilentProbing,afp,C1,96,84,0,415,1,0.998,1.0,0.9882352941176471,0.9940828402366864,0.9941176470588236
primary_46_SilentProbing_afp_C1,46,SilentProbing,afp,C1,97,76,1,414,9,0.98,0.987012987012987,0.8941176470588236,0.9382716049382716,0.9458540042523034
primary_46_SilentProbing_afp_C1,46,SilentProbing,afp,C1,98,80,0,415,5,0.99,1.0,0.9411764705882353,0.9696969696969697,0.9705882352941176
primary_46_SilentProbing_afp_C1,46,SilentProbing,afp,C1,99,82,1,414,3,0.992,0.9879518072289156,0.9647058823529412,0.9761904761904762,0.9811481218993622
primary_46_SilentProbing_afp_C1,46,SilentProbing,afp,C1,100,81,1,414,4,0.99,0.9878048780487805,0.9529411764705882,0.9700598802395209,0.9752657689581856
primary_46_SilentProbing_afp_C1,46,SilentProbing,afp,C1,101,81,0,415,4,0.992,1.0,0.9529411764705882,0.9759036144578312,0.9764705882352941
primary_46_SilentProbing_afp_C1,46,SilentProbing,afp,C1,102,82,0,415,3,0.994,1.0,0.9647058823529412,0.9820359281437125,0.9823529411764707
primary_46_SilentProbing_afp_C1,46,SilentProbing,afp,C1,103,81,0,415,4,0.992,1.0,0.9529411764705882,0.9759036144578312,0.9764705882352941
primary_46_SilentProbing_afp_C1,46,SilentProbing,afp,C1,104,82,0,415,3,0.994,1.0,0.9647058823529412,0.9820359281437125,0.9823529411764707
primary_46_SilentProbing_afp_C1,46,SilentProbing,afp,C1,105,82,0,415,3,0.994,1.0,0.9647058823529412,0.9820359281437125,0.9823529411764707
primary_46_SilentProbing_afp_C1,46,SilentProbing,afp,C1,106,79,0,415,6,0.988,1.0,0.9294117647058824,0.9634146341463414,0.9647058823529412
primary_46_SilentProbing_afp_C1,46,SilentProbing,afp,C1,107,79,0,415,6,0.988,1.0,0.9294117647058824,0.9634146341463414,0.9647058823529412
primary_46_SilentProbing_afp_C1,46,SilentProbing,afp,C1,108,81,0,415,4,0.992,1.0,0.9529411764705882,0.9759036144578312,0.9764705882352941
primary_46_SilentProbing_afp_C1,46,SilentProbing,afp,C1,109,78,0,415,7,0.986,1.0,0.9176470588235294,0.9570552147239264,0.9588235294117646
primary_46_SilentProbing_afp_C1,46,SilentProbing,afp,C1,110,78,1,414,7,0.984,0.9873417721518988,0.9176470588235294,0.9512195121951219,0.9576187101346563
primary_46_SilentProbing_afp_C1,46,SilentProbing,afp,C1,111,84,1,414,1,0.996,0.9882352941176471,0.9882352941176471,0.9882352941176471,0.9929128277817152
primary_46_SilentProbing_afp_C1,46,SilentProbing,afp,C1,112,81,1,414,4,0.99,0.9878048780487805,0.9529411764705882,0.9700598802395209,0.9752657689581856
primary_46_SilentProbing_afp_C1,46,SilentProbing,afp,C1,113,79,1,414,6,0.986,0.9875,0.9294117647058824,0.9575757575757576,0.9635010630758327
primary_46_SilentProbing_afp_C1,46,SilentProbing,afp,C1,114,80,0,415,5,0.99,1.0,0.9411764705882353,0.9696969696969697,0.9705882352941176
primary_46_SilentProbing_afp_C1,46,SilentProbing,afp,C1,115,78,0,415,7,0.986,1.0,0.9176470588235294,0.9570552147239264,0.9588235294117646
primary_46_SilentProbing_afp_C1,46,SilentProbing,afp,C1,116,78,1,414,7,0.984,0.9873417721518988,0.9176470588235294,0.9512195121951219,0.9576187101346563
primary_46_SilentProbing_afp_C1,46,SilentProbing,afp,C1,117,80,0,415,5,0.99,1.0,0.9411764705882353,0.9696969696969697,0.9705882352941176
primary_46_SilentProbing_afp_C1,46,SilentProbing,afp,C1,118,79,1,414,6,0.986,0.9875,0.9294117647058824,0.9575757575757576,0.9635010630758327
primary_46_SilentProbing_afp_C1,46,SilentProbing,afp,C1,119,80,0,415,5,0.99,1.0,0.9411764705882353,0.9696969696969697,0.9705882352941176
primary_46_SilentProbing_afp_C1,46,SilentProbing,afp,C1,120,82,0,415,3,0.994,1.0,0.9647058823529412,0.9820359281437125,0.9823529411764707
primary_46_SilentProbing_afp_C1,46,SilentProbing,afp,C1,121,81,0,415,4,0.992,1.0,0.9529411764705882,0.9759036144578312,0.9764705882352941
primary_46_SilentProbing_afp_C1,46,SilentProbing,afp,C1,122,80,0,415,5,0.99,1.0,0.9411764705882353,0.9696969696969697,0.9705882352941176
primary_46_SilentProbing_afp_C1,46,SilentProbing,afp,C1,123,76,0,415,9,0.982,1.0,0.8941176470588236,0.9440993788819877,0.9470588235294117
primary_46_SilentProbing_afp_C1,46,SilentProbing,afp,C1,124,80,1,414,5,0.988,0.9876543209876543,0.9411764705882353,0.963855421686747,0.9693834160170092
primary_46_SilentProbing_afp_C1,46,SilentProbing,afp,C1,125,82,2,413,3,0.99,0.9761904761904762,0.9647058823529412,0.9704142011834319,0.9799433026222537
primary_46_SilentProbing_afp_C1,46,SilentProbing,afp,C1,126,83,0,415,2,0.996,1.0,0.9764705882352941,0.988095238095238,0.9882352941176471
primary_46_SilentProbing_afp_C1,46,SilentProbing,afp,C1,127,77,0,415,8,0.984,1.0,0.9058823529411765,0.9506172839506173,0.9529411764705882
primary_46_SilentProbing_afp_C1,46,SilentProbing,afp,C1,128,83,0,415,2,0.996,1.0,0.9764705882352941,0.988095238095238,0.9882352941176471
primary_46_SilentProbing_afp_C1,46,SilentProbing,afp,C1,129,79,0,415,6,0.988,1.0,0.9294117647058824,0.9634146341463414,0.9647058823529412
primary_46_SilentProbing_afp_C1,46,SilentProbing,afp,C1,130,83,0,415,2,0.996,1.0,0.9764705882352941,0.988095238095238,0.9882352941176471
primary_46_SilentProbing_afp_C1,46,SilentProbing,afp,C1,131,80,1,414,5,0.988,0.9876543209876543,0.9411764705882353,0.963855421686747,0.9693834160170092
primary_46_SilentProbing_afp_C1,46,SilentProbing,afp,C1,132,78,0,415,7,0.986,1.0,0.9176470588235294,0.9570552147239264,0.9588235294117646
primary_46_SilentProbing_afp_C1,46,SilentProbing,afp,C1,133,81,1,414,4,0.99,0.9878048780487805,0.9529411764705882,0.9700598802395209,0.9752657689581856
primary_46_SilentProbing_afp_C1,46,SilentProbing,afp,C1,134,78,0,415,7,0.986,1.0,0.9176470588235294,0.9570552147239264,0.9588235294117646
primary_46_SilentProbing_afp_C1,46,SilentProbing,afp,C1,135,83,0,415,2,0.996,1.0,0.9764705882352941,0.988095238095238,0.9882352941176471
primary_46_SilentProbing_afp_C1,46,SilentProbing,afp,C1,136,82,0,415,3,0.994,1.0,0.9647058823529412,0.9820359281437125,0.9823529411764707
primary_46_SilentProbing_afp_C1,46,SilentProbing,afp,C1,137,79,2,413,6,0.984,0.9753086419753086,0.9294117647058824,0.9518072289156626,0.9622962437987244
primary_46_SilentProbing_afp_C1,46,SilentProbing,afp,C1,138,82,0,415,3,0.994,1.0,0.9647058823529412,0.9820359281437125,0.9823529411764707
primary_46_SilentProbing_afp_C1,46,SilentProbing,afp,C1,139,78,1,414,7,0.984,0.9873417721518988,0.9176470588235294,0.9512195121951219,0.9576187101346563
primary_46_SilentProbing_afp_C1,46,SilentProbing,afp,C1,140,79,0,415,6,0.988,1.0,0.9294117647058824,0.9634146341463414,0.9647058823529412
primary_46_SilentProbing_afp_C1,46,SilentProbing,afp,C1,141,78,0,415,7,0.986,1.0,0.9176470588235294,0.9570552147239264,0.9588235294117646
primary_46_SilentProbing_afp_C1,46,SilentProbing,afp,C1,142,84,0,415,1,0.998,1.0,0.9882352941176471,0.9940828402366864,0.9941176470588236
primary_46_SilentProbing_afp_C1,46,SilentProbing,afp,C1,143,81,0,415,4,0.992,1.0,0.9529411764705882,0.9759036144578312,0.9764705882352941
primary_46_SilentProbing_feature_squeezing_Base,46,SilentProbing,feature_squeezing,Base,0,80,0,414,6,0.988,1.0,0.9302325581395349,0.963855421686747,0.9651162790697674
primary_46_SilentProbing_feature_squeezing_Base,46,SilentProbing,feature_squeezing,Base,1,78,0,414,8,0.984,1.0,0.9069767441860465,0.951219512195122,0.9534883720930232
primary_46_SilentProbing_feature_squeezing_Base,46,SilentProbing,feature_squeezing,Base,2,82,1,413,4,0.99,0.9879518072289156,0.9534883720930233,0.9704142011834319,0.9755364565779125
primary_46_SilentProbing_feature_squeezing_Base,46,SilentProbing,feature_squeezing,Base,3,83,0,414,3,0.994,1.0,0.9651162790697675,0.9822485207100593,0.9825581395348837
primary_46_SilentProbing_feature_squeezing_Base,46,SilentProbing,feature_squeezing,Base,4,84,0,414,2,0.996,1.0,0.9767441860465116,0.988235294117647,0.9883720930232558
primary_46_SilentProbing_feature_squeezing_Base,46,SilentProbing,feature_squeezing,Base,5,82,1,413,4,0.99,0.9879518072289156,0.9534883720930233,0.9704142011834319,0.9755364565779125
primary_46_SilentProbing_feature_squeezing_Base,46,SilentProbing,feature_squeezing,Base,6,81,0,414,5,0.99,1.0,0.9418604651162791,0.970059880239521,0.9709302325581395
primary_46_SilentProbing_feature_squeezing_Base,46,SilentProbing,feature_squeezing,Base,7,79,0,414,7,0.986,1.0,0.9186046511627907,0.9575757575757576,0.9593023255813953
primary_46_SilentProbing_feature_squeezing_Base,46,SilentProbing,feature_squeezing,Base,8,80,0,414,6,0.988,1.0,0.9302325581395349,0.963855421686747,0.9651162790697674
primary_46_SilentProbing_feature_squeezing_Base,46,SilentProbing,feature_squeezing,Base,9,84,0,414,2,0.996,1.0,0.9767441860465116,0.988235294117647,0.9883720930232558
primary_46_SilentProbing_feature_squeezing_Base,46,SilentProbing,feature_squeezing,Base,10,81,0,414,5,0.99,1.0,0.9418604651162791,0.970059880239521,0.9709302325581395
primary_46_SilentProbing_feature_squeezing_Base,46,SilentProbing,feature_squeezing,Base,11,80,0,414,6,0.988,1.0,0.9302325581395349,0.963855421686747,0.9651162790697674
primary_46_SilentProbing_feature_squeezing_Base,46,SilentProbing,feature_squeezing,Base,12,83,0,414,3,0.994,1.0,0.9651162790697675,0.9822485207100593,0.9825581395348837
primary_46_SilentProbing_feature_squeezing_Base,46,SilentProbing,feature_squeezing,Base,13,83,0,414,3,0.994,1.0,0.9651162790697675,0.9822485207100593,0.9825581395348837
primary_46_SilentProbing_feature_squeezing_Base,46,SilentProbing,feature_squeezing,Base,14,83,1,413,3,0.992,0.9880952380952381,0.9651162790697675,0.9764705882352942,0.9813504100662847
primary_46_SilentProbing_feature_squeezing_Base,46,SilentProbing,feature_squeezing,Base,15,81,0,414,5,0.99,1.0,0.9418604651162791,0.970059880239521,0.9709302325581395
primary_46_SilentProbing_feature_squeezing_Base,46,SilentProbing,feature_squeezing,Base,16,78,0,414,8,0.984,1.0,0.9069767441860465,0.951219512195122,0.9534883720930232
primary_46_SilentProbing_feature_squeezing_Base,46,SilentProbing,feature_squeezing,Base,17,84,0,415,1,0.998,1.0,0.9882352941176471,0.9940828402366864,0.9941176470588236
primary_46_SilentProbing_feature_squeezing_Base,46,SilentProbing,feature_squeezing,Base,18,80,0,415,5,0.99,1.0,0.9411764705882353,0.9696969696969697,0.9705882352941176
primary_46_SilentProbing_feature_squeezing_Base,46,SilentProbing,feature_squeezing,Base,19,83,0,415,2,0.996,1.0,0.9764705882352941,0.988095238095238,0.9882352941176471
primary_46_SilentProbing_feature_squeezing_Base,46,SilentProbing,feature_squeezing,Base,20,74,0,415,11,0.978,1.0,0.8705882352941177,0.9308176100628931,0.9352941176470588
primary_46_SilentProbing_feature_squeezing_Base,46,SilentProbing,feature_squeezing,Base,21,75,0,415,10,0.98,1.0,0.8823529411764706,0.9375,0.9411764705882353
primary_46_SilentProbing_feature_squeezing_Base,46,SilentProbing,feature_squeezing,Base,22,76,0,415,9,0.982,1.0,0.8941176470588236,0.9440993788819877,0.9470588235294117
primary_46_SilentProbing_feature_squeezing_Base,46,SilentProbing,feature_squeezing,Base,23,81,0,415,4,0.992,1.0,0.9529411764705882,0.9759036144578312,0.9764705882352941
primary_46_SilentProbing_feature_squeezing_Base,46,SilentProbing,feature_squeezing,Base,24,80,0,415,5,0.99,1.0,0.9411764705882353,0.9696969696969697,0.9705882352941176
primary_46_SilentProbing_feature_squeezing_Base,46,SilentProbing,feature_squeezing,Base,25,77,0,415,8,0.984,1.0,0.9058823529411765,0.9506172839506173,0.9529411764705882
primary_46_SilentProbing_feature_squeezing_Base,46,SilentProbing,feature_squeezing,Base,26,76,0,415,9,0.982,1.0,0.8941176470588236,0.9440993788819877,0.9470588235294117
primary_46_SilentProbing_feature_squeezing_Base,46,SilentProbing,feature_squeezing,Base,27,76,0,415,9,0.982,1.0,0.8941176470588236,0.9440993788819877,0.9470588235294117
primary_46_SilentProbing_feature_squeezing_Base,46,SilentProbing,feature_squeezing,Base,28,79,0,415,6,0.988,1.0,0.9294117647058824,0.9634146341463414,0.9647058823529412
primary_46_SilentProbing_feature_squeezing_Base,46,SilentProbing,feature_squeezing,Base,29,80,0,415,5,0.99,1.0,0.9411764705882353,0.9696969696969697,0.9705882352941176
primary_46_SilentProbing_feature_squeezing_Base,46,SilentProbing,feature_squeezing,Base,30,79,0,415,6,0.988,1.0,0.9294117647058824,0.9634146341463414,0.9647058823529412
primary_46_SilentProbing_feature_squeezing_Base,46,SilentProbing,feature_squeezing,Base,31,77,0,415,8,0.984,1.0,0.9058823529411765,0.9506172839506173,0.9529411764705882
primary_46_SilentProbing_feature_squeezing_Base,46,SilentProbing,feature_squeezing,Base,32,78,0,415,7,0.986,1.0,0.9176470588235294,0.9570552147239264,0.9588235294117646
primary_46_SilentProbing_feature_squeezing_Base,46,SilentProbing,feature_squeezing,Base,33,81,0,415,4,0.992,1.0,0.9529411764705882,0.9759036144578312,0.9764705882352941
primary_46_SilentProbing_feature_squeezing_Base,46,SilentProbing,feature_squeezing,Base,34,78,1,414,7,0.984,0.9873417721518988,0.9176470588235294,0.9512195121951219,0.9576187101346563
primary_46_SilentProbing_feature_squeezing_Base,46,SilentProbing,feature_squeezing,Base,35,74,0,415,11,0.978,1.0,0.8705882352941177,0.9308176100628931,0.9352941176470588
primary_46_SilentProbing_feature_squeezing_Base,46,SilentProbing,feature_squeezing,Base,36,79,0,415,6,0.988,1.0,0.9294117647058824,0.9634146341463414,0.9647058823529412
primary_46_SilentProbing_feature_squeezing_Base,46,SilentProbing,feature_squeezing,Base,37,80,1,414,5,0.988,0.9876543209876543,0.9411764705882353,0.963855421686747,0.9693834160170092
primary_46_SilentProbing_feature_squeezing_Base,46,SilentProbing,feature_squeezing,Base,38,81,0,415,4,0.992,1.0,0.9529411764705882,0.9759036144578312,0.9764705882352941
primary_46_SilentProbing_feature_squeezing_Base,46,SilentProbing,feature_squeezing,Base,39,79,0,415,6,0.988,1.0,0.9294117647058824,0.9634146341463414,0.9647058823529412
primary_46_SilentProbing_feature_squeezing_Base,46,SilentProbing,feature_squeezing,Base,40,82,0,415,3,0.994,1.0,0.9647058823529412,0.9820359281437125,0.9823529411764707
primary_46_SilentProbing_feature_squeezing_Base,46,SilentProbing,feature_squeezing,Base,41,80,0,415,5,0.99,1.0,0.9411764705882353,0.9696969696969697,0.9705882352941176
primary_46_SilentProbing_feature_squeezing_Base,46,SilentProbing,feature_squeezing,Base,42,80,0,415,5,0.99,1.0,0.9411764705882353,0.9696969696969697,0.9705882352941176
primary_46_SilentProbing_feature_squeezing_Base,46,SilentProbing,feature_squeezing,Base,43,77,1,414,8,0.982,0.9871794871794872,0.9058823529411765,0.9447852760736197,0.9517363571934798
primary_46_SilentProbing_feature_squeezing_Base,46,SilentProbing,feature_squeezing,Base,44,79,0,415,6,0.988,1.0,0.9294117647058824,0.9634146341463414,0.9647058823529412
primary_46_SilentProbing_feature_squeezing_Base,46,SilentProbing,feature_squeezing,Base,45,81,0,415,4,0.992,1.0,0.9529411764705882,0.9759036144578312,0.9764705882352941
primary_46_SilentProbing_feature_squeezing_Base,46,SilentProbing,feature_squeezing,Base,46,81,1,414,4,0.99,0.9878048780487805,0.9529411764705882,0.9700598802395209,0.9752657689581856
primary_46_SilentProbing_feature_squeezing_Base,46,SilentProbing,feature_squeezing,Base,47,75,0,415,10,0.98,1.0,0.8823529411764706,0.9375,0.9411764705882353
primary_46_SilentProbing_feature_squeezing_Base,46,SilentProbing,feature_squeezing,Base,48,81,0,415,4,0.992,1.0,0.9529411764705882,0.9759036144578312,0.9764705882352941
primary_46_SilentProbing_feature_squeezing_Base,46,SilentProbing,feature_squeezing,Base,49,77,0,415,8,0.984,1.0,0.9058823529411765,0.9506172839506173,0.9529411764705882
primary_46_SilentProbing_feature_squeezing_Base,46,SilentProbing,feature_squeezing,Base,50,79,0,415,6,0.988,1.0,0.9294117647058824,0.9634146341463414,0.9647058823529412
primary_46_SilentProbing_feature_squeezing_Base,46,SilentProbing,feature_squeezing,Base,51,80,1,414,5,0.988,0.9876543209876543,0.9411764705882353,0.963855421686747,0.9693834160170092
primary_46_SilentProbing_feature_squeezing_Base,46,SilentProbing,feature_squeezing,Base,52,79,0,415,6,0.988,1.0,0.9294117647058824,0.9634146341463414,0.9647058823529412
primary_46_SilentProbing_feature_squeezing_Base,46,SilentProbing,feature_squeezing,Base,53,76,0,415,9,0.982,1.0,0.8941176470588236,0.9440993788819877,0.9470588235294117
primary_46_SilentProbing_feature_squeezing_Base,46,SilentProbing,feature_squeezing,Base,54,82,0,415,3,0.994,1.0,0.9647058823529412,0.9820359281437125,0.9823529411764707
primary_46_SilentProbing_feature_squeezing_Base,46,SilentProbing,feature_squeezing,Base,55,78,0,415,7,0.986,1.0,0.9176470588235294,0.9570552147239264,0.9588235294117646
primary_46_SilentProbing_feature_squeezing_Base,46,SilentProbing,feature_squeezing,Base,56,78,0,415,7,0.986,1.0,0.9176470588235294,0.9570552147239264,0.9588235294117646
primary_46_SilentProbing_feature_squeezing_Base,46,SilentProbing,feature_squeezing,Base,57,81,0,415,4,0.992,1.0,0.9529411764705882,0.9759036144578312,0.9764705882352941
primary_46_SilentProbing_feature_squeezing_Base,46,SilentProbing,feature_squeezing,Base,58,82,0,415,3,0.994,1.0,0.9647058823529412,0.9820359281437125,0.9823529411764707
primary_46_SilentProbing_feature_squeezing_Base,46,SilentProbing,feature_squeezing,Base,59,77,0,415,8,0.984,1.0,0.9058823529411765,0.9506172839506173,0.9529411764705882
primary_46_SilentProbing_feature_squeezing_Base,46,SilentProbing,feature_squeezing,Base,60,79,0,415,6,0.988,1.0,0.9294117647058824,0.9634146341463414,0.9647058823529412
primary_46_SilentProbing_feature_squeezing_Base,46,SilentProbing,feature_squeezing,Base,61,77,0,415,8,0.984,1.0,0.9058823529411765,0.9506172839506173,0.9529411764705882
primary_46_SilentProbing_feature_squeezing_Base,46,SilentProbing,feature_squeezing,Base,62,81,0,415,4,0.992,1.0,0.9529411764705882,0.9759036144578312,0.9764705882352941
primary_46_SilentProbing_feature_squeezing_Base,46,SilentProbing,feature_squeezing,Base,63,76,0,415,9,0.982,1.0,0.8941176470588236,0.9440993788819877,0.9470588235294117
primary_46_SilentProbing_feature_squeezing_Base,46,SilentProbing,feature_squeezing,Base,64,77,0,415,8,0.984,1.0,0.9058823529411765,0.9506172839506173,0.9529411764705882
primary_46_SilentProbing_feature_squeezing_Base,46,SilentProbing,feature_squeezing,Base,65,77,0,415,8,0.984,1.0,0.9058823529411765,0.9506172839506173,0.9529411764705882
primary_46_SilentProbing_feature_squeezing_Base,46,SilentProbing,feature_squeezing,Base,66,79,0,415,6,0.988,1.0,0.9294117647058824,0.9634146341463414,0.9647058823529412
primary_46_SilentProbing_feature_squeezing_Base,46,SilentProbing,feature_squeezing,Base,67,81,0,415,4,0.992,1.0,0.9529411764705882,0.9759036144578312,0.9764705882352941
primary_46_SilentProbing_feature_squeezing_Base,46,SilentProbing,feature_squeezing,Base,68,79,0,415,6,0.988,1.0,0.9294117647058824,0.9634146341463414,0.9647058823529412
primary_46_SilentProbing_feature_squeezing_Base,46,SilentProbing,feature_squeezing,Base,69,76,1,414,9,0.98,0.987012987012987,0.8941176470588236,0.9382716049382716,0.9458540042523034
primary_46_SilentProbing_feature_squeezing_Base,46,SilentProbing,feature_squeezing,Base,70,82,0,415,3,0.994,1.0,0.9647058823529412,0.9820359281437125,0.9823529411764707
primary_46_SilentProbing_feature_squeezing_Base,46,SilentProbing,feature_squeezing,Base,71,77,0,415,8,0.984,1.0,0.9058823529411765,0.9506172839506173,0.9529411764705882
primary_46_SilentProbing_feature_squeezing_Base,46,SilentProbing,feature_squeezing,Base,72,78,0,415,7,0.986,1.0,0.9176470588235294,0.9570552147239264,0.9588235294117646
primary_46_SilentProbing_feature_squeezing_Base,46,SilentProbing,feature_squeezing,Base,73,77,0,415,8,0.984,1.0,0.9058823529411765,0.9506172839506173,0.9529411764705882
primary_46_SilentProbing_feature_squeezing_Base,46,SilentProbing,feature_squeezing,Base,74,82,0,415,3,0.994,1.0,0.9647058823529412,0.9820359281437125,0.9823529411764707
primary_46_SilentProbing_feature_squeezing_Base,46,SilentProbing,feature_squeezing,Base,75,78,0,415,7,0.986,1.0,0.9176470588235294,0.9570552147239264,0.9588235294117646
primary_46_SilentProbing_feature_squeezing_Base,46,SilentProbing,feature_squeezing,Base,76,82,1,414,3,0.992,0.9879518072289156,0.9647058823529412,0.9761904761904762,0.9811481218993622
primary_46_SilentProbing_feature_squeezing_Base,46,SilentProbing,feature_squeezing,Base,77,80,0,415,5,0.99,1.0,0.9411764705882353,0.9696969696969697,0.9705882352941176
primary_46_SilentProbing_feature_squeezing_Base,46,SilentProbing,feature_squeezing,Base,78,79,0,415,6,0.988,1.0,0.9294117647058824,0.9634146341463414,0.9647058823529412
primary_46_SilentProbing_feature_squeezing_Base,46,SilentProbing,feature_squeezing,Base,79,80,0,415,5,0.99,1.0,0.9411764705882353,0.9696969696969697,0.9705882352941176
primary_46_SilentProbing_feature_squeezing_Base,46,SilentProbing,feature_squeezing,Base,80,77,0,415,8,0.984,1.0,0.9058823529411765,0.9506172839506173,0.9529411764705882
primary_46_SilentProbing_feature_squeezing_Base,46,SilentProbing,feature_squeezing,Base,81,75,0,415,10,0.98,1.0,0.8823529411764706,0.9375,0.9411764705882353
primary_46_SilentProbing_feature_squeezing_Base,46,SilentProbing,feature_squeezing,Base,82,79,0,415,6,0.988,1.0,0.9294117647058824,0.9634146341463414,0.9647058823529412
primary_46_SilentProbing_feature_squeezing_Base,46,SilentProbing,feature_squeezing,Base,83,76,0,415,9,0.982,1.0,0.8941176470588236,0.9440993788819877,0.9470588235294117
primary_46_SilentProbing_feature_squeezing_Base,46,SilentProbing,feature_squeezing,Base,84,79,0,415,6,0.988,1.0,0.9294117647058824,0.9634146341463414,0.9647058823529412
primary_46_SilentProbing_feature_squeezing_Base,46,SilentProbing,feature_squeezing,Base,85,81,0,415,4,0.992,1.0,0.9529411764705882,0.9759036144578312,0.9764705882352941
primary_46_SilentProbing_feature_squeezing_Base,46,SilentProbing,feature_squeezing,Base,86,75,1,414,10,0.978,0.9868421052631579,0.8823529411764706,0.9316770186335402,0.9399716513111269
primary_46_SilentProbing_feature_squeezing_Base,46,SilentProbing,feature_squeezing,Base,87,78,0,415,7,0.986,1.0,0.9176470588235294,0.9570552147239264,0.9588235294117646
primary_46_SilentProbing_feature_squeezing_Base,46,SilentProbing,feature_squeezing,Base,88,81,0,415,4,0.992,1.0,0.9529411764705882,0.9759036144578312,0.9764705882352941
primary_46_SilentProbing_feature_squeezing_Base,46,SilentProbing,feature_squeezing,Base,89,79,0,415,6,0.988,1.0,0.9294117647058824,0.9634146341463414,0.9647058823529412
primary_46_SilentProbing_feature_squeezing_Base,46,SilentProbing,feature_squeezing,Base,90,80,1,414,5,0.988,0.9876543209876543,0.9411764705882353,0.963855421686747,0.9693834160170092
primary_46_SilentProbing_feature_squeezing_Base,46,SilentProbing,feature_squeezing,Base,91,80,0,415,5,0.99,1.0,0.9411764705882353,0.9696969696969697,0.9705882352941176
primary_46_SilentProbing_feature_squeezing_Base,46,SilentProbing,feature_squeezing,Base,92,79,0,415,6,0.988,1.0,0.9294117647058824,0.9634146341463414,0.9647058823529412
primary_46_SilentProbing_feature_squeezing_Base,46,SilentProbing,feature_squeezing,Base,93,78,0,415,7,0.986,1.0,0.9176470588235294,0.9570552147239264,0.9588235294117646
primary_46_SilentProbing_feature_squeezing_Base,46,SilentProbing,feature_squeezing,Base,94,81,0,415,4,0.992,1.0,0.9529411764705882,0.9759036144578312,0.9764705882352941
primary_46_SilentProbing_feature_squeezing_Base,46,SilentProbing,feature_squeezing,Base,95,81,0,415,4,0.992,1.0,0.9529411764705882,0.9759036144578312,0.9764705882352941
primary_46_SilentProbing_feature_squeezing_Base,46,SilentProbing,feature_squeezing,Base,96,84,0,415,1,0.998,1.0,0.9882352941176471,0.9940828402366864,0.9941176470588236
primary_46_SilentProbing_feature_squeezing_Base,46,SilentProbing,feature_squeezing,Base,97,74,1,414,11,0.976,0.9866666666666667,0.8705882352941177,0.925,0.9340892983699505
primary_46_SilentProbing_feature_squeezing_Base,46,SilentProbing,feature_squeezing,Base,98,79,0,415,6,0.988,1.0,0.9294117647058824,0.9634146341463414,0.9647058823529412
primary_46_SilentProbing_feature_squeezing_Base,46,SilentProbing,feature_squeezing,Base,99,80,0,415,5,0.99,1.0,0.9411764705882353,0.9696969696969697,0.9705882352941176
primary_46_SilentProbing_feature_squeezing_Base,46,SilentProbing,feature_squeezing,Base,100,81,0,415,4,0.992,1.0,0.9529411764705882,0.9759036144578312,0.9764705882352941
primary_46_SilentProbing_feature_squeezing_Base,46,SilentProbing,feature_squeezing,Base,101,80,0,415,5,0.99,1.0,0.9411764705882353,0.9696969696969697,0.9705882352941176
primary_46_SilentProbing_feature_squeezing_Base,46,SilentProbing,feature_squeezing,Base,102,81,0,415,4,0.992,1.0,0.9529411764705882,0.9759036144578312,0.9764705882352941
primary_46_SilentProbing_feature_squeezing_Base,46,SilentProbing,feature_squeezing,Base,103,81,0,415,4,0.992,1.0,0.9529411764705882,0.9759036144578312,0.9764705882352941
primary_46_SilentProbing_feature_squeezing_Base,46,SilentProbing,feature_squeezing,Base,104,80,0,415,5,0.99,1.0,0.9411764705882353,0.9696969696969697,0.9705882352941176
primary_46_SilentProbing_feature_squeezing_Base,46,SilentProbing,feature_squeezing,Base,105,81,0,415,4,0.992,1.0,0.9529411764705882,0.9759036144578312,0.9764705882352941
primary_46_SilentProbing_feature_squeezing_Base,46,SilentProbing,feature_squeezing,Base,106,78,0,415,7,0.986,1.0,0.9176470588235294,0.9570552147239264,0.9588235294117646
primary_46_SilentProbing_feature_squeezing_Base,46,SilentProbing,feature_squeezing,Base,107,78,0,415,7,0.986,1.0,0.9176470588235294,0.9570552147239264,0.9588235294117646
primary_46_SilentProbing_feature_squeezing_Base,46,SilentProbing,feature_squeezing,Base,108,81,0,415,4,0.992,1.0,0.9529411764705882,0.9759036144578312,0.9764705882352941
primary_46_SilentProbing_feature_squeezing_Base,46,SilentProbing,feature_squeezing,Base,109,77,0,415,8,0.984,1.0,0.9058823529411765,0.9506172839506173,0.9529411764705882
primary_46_SilentProbing_feature_squeezing_Base,46,SilentProbing,feature_squeezing,Base,110,77,1,414,8,0.982,0.9871794871794872,0.9058823529411765,0.9447852760736197,0.9517363571934798
primary_46_SilentProbing_feature_squeezing_Base,46,SilentProbing,feature_squeezing,Base,111,83,0,415,2,0.996,1.0,0.9764705882352941,0.988095238095238,0.9882352941176471
primary_46_SilentProbing_feature_squeezing_Base,46,SilentProbing,feature_squeezing,Base,112,81,1,414,4,0.99,0.9878048780487805,0.9529411764705882,0.9700598802395209,0.9752657689581856
primary_46_SilentProbing_feature_squeezing_Base,46,SilentProbing,feature_squeezing,Base,113,79,0,415,6,0.988,1.0,0.9294117647058824,0.9634146341463414,0.9647058823529412
primary_46_SilentProbing_feature_squeezing_Base,46,SilentProbing,feature_squeezing,Base,114,78,0,415,7,0.986,1.0,0.9176470588235294,0.9570552147239264,0.9588235294117646
primary_46_SilentProbing_feature_squeezing_Base,46,SilentProbing,feature_squeezing,Base,115,77,0,415,8,0.984,1.0,0.9058823529411765,0.9506172839506173,0.9529411764705882
primary_46_SilentProbing_feature_squeezing_Base,46,SilentProbing,feature_squeezing,Base,116,77,0,415,8,0.984,1.0,0.9058823529411765,0.9506172839506173,0.9529411764705882
primary_46_SilentProbing_feature_squeezing_Base,46,SilentProbing,feature_squeezing,Base,117,80,1,414,5,0.988,0.9876543209876543,0.9411764705882353,0.963855421686747,0.9693834160170092
primary_46_SilentProbing_feature_squeezing_Base,46,SilentProbing,feature_squeezing,Base,118,78,0,415,7,0.986,1.0,0.9176470588235294,0.9570552147239264,0.9588235294117646
primary_46_SilentProbing_feature_squeezing_Base,46,SilentProbing,feature_squeezing,Base,119,80,0,415,5,0.99,1.0,0.9411764705882353,0.9696969696969697,0.9705882352941176
primary_46_SilentProbing_feature_squeezing_Base,46,SilentProbing,feature_squeezing,Base,120,81,0,415,4,0.992,1.0,0.9529411764705882,0.9759036144578312,0.9764705882352941
primary_46_SilentProbing_feature_squeezing_Base,46,SilentProbing,feature_squeezing,Base,121,81,0,415,4,0.992,1.0,0.9529411764705882,0.9759036144578312,0.9764705882352941
primary_46_SilentProbing_feature_squeezing_Base,46,SilentProbing,feature_squeezing,Base,122,80,0,415,5,0.99,1.0,0.9411764705882353,0.9696969696969697,0.9705882352941176
primary_46_SilentProbing_feature_squeezing_Base,46,SilentProbing,feature_squeezing,Base,123,75,0,415,10,0.98,1.0,0.8823529411764706,0.9375,0.9411764705882353
primary_46_SilentProbing_feature_squeezing_Base,46,SilentProbing,feature_squeezing,Base,124,78,0,415,7,0.986,1.0,0.9176470588235294,0.9570552147239264,0.9588235294117646
primary_46_SilentProbing_feature_squeezing_Base,46,SilentProbing,feature_squeezing,Base,125,79,0,415,6,0.988,1.0,0.9294117647058824,0.9634146341463414,0.9647058823529412
primary_46_SilentProbing_feature_squeezing_Base,46,SilentProbing,feature_squeezing,Base,126,82,0,415,3,0.994,1.0,0.9647058823529412,0.9820359281437125,0.9823529411764707
primary_46_SilentProbing_feature_squeezing_Base,46,SilentProbing,feature_squeezing,Base,127,75,0,415,10,0.98,1.0,0.8823529411764706,0.9375,0.9411764705882353
primary_46_SilentProbing_feature_squeezing_Base,46,SilentProbing,feature_squeezing,Base,128,82,0,415,3,0.994,1.0,0.9647058823529412,0.9820359281437125,0.9823529411764707
primary_46_SilentProbing_feature_squeezing_Base,46,SilentProbing,feature_squeezing,Base,129,79,0,415,6,0.988,1.0,0.9294117647058824,0.9634146341463414,0.9647058823529412
primary_46_SilentProbing_feature_squeezing_Base,46,SilentProbing,feature_squeezing,Base,130,83,0,415,2,0.996,1.0,0.9764705882352941,0.988095238095238,0.9882352941176471
primary_46_SilentProbing_feature_squeezing_Base,46,SilentProbing,feature_squeezing,Base,131,78,0,415,7,0.986,1.0,0.9176470588235294,0.9570552147239264,0.9588235294117646
primary_46_SilentProbing_feature_squeezing_Base,46,SilentProbing,feature_squeezing,Base,132,78,0,415,7,0.986,1.0,0.9176470588235294,0.9570552147239264,0.9588235294117646
primary_46_SilentProbing_feature_squeezing_Base,46,SilentProbing,feature_squeezing,Base,133,81,0,415,4,0.992,1.0,0.9529411764705882,0.9759036144578312,0.9764705882352941
primary_46_SilentProbing_feature_squeezing_Base,46,SilentProbing,feature_squeezing,Base,134,77,0,415,8,0.984,1.0,0.9058823529411765,0.9506172839506173,0.9529411764705882
primary_46_SilentProbing_feature_squeezing_Base,46,SilentProbing,feature_squeezing,Base,135,83,0,415,2,0.996,1.0,0.9764705882352941,0.988095238095238,0.9882352941176471
primary_46_SilentProbing_feature_squeezing_Base,46,SilentProbing,feature_squeezing,Base,136,80,0,415,5,0.99,1.0,0.9411764705882353,0.9696969696969697,0.9705882352941176
primary_46_SilentProbing_feature_squeezing_Base,46,SilentProbing,feature_squeezing,Base,137,78,0,415,7,0.986,1.0,0.9176470588235294,0.9570552147239264,0.9588235294117646
primary_46_SilentProbing_feature_squeezing_Base,46,SilentProbing,feature_squeezing,Base,138,81,0,415,4,0.992,1.0,0.9529411764705882,0.9759036144578312,0.9764705882352941
primary_46_SilentProbing_feature_squeezing_Base,46,SilentProbing,feature_squeezing,Base,139,78,0,415,7,0.986,1.0,0.9176470588235294,0.9570552147239264,0.9588235294117646
primary_46_SilentProbing_feature_squeezing_Base,46,SilentProbing,feature_squeezing,Base,140,77,0,415,8,0.984,1.0,0.9058823529411765,0.9506172839506173,0.9529411764705882
primary_46_SilentProbing_feature_squeezing_Base,46,SilentProbing,feature_squeezing,Base,141,77,0,415,8,0.984,1.0,0.9058823529411765,0.9506172839506173,0.9529411764705882
primary_46_SilentProbing_feature_squeezing_Base,46,SilentProbing,feature_squeezing,Base,142,84,0,415,1,0.998,1.0,0.9882352941176471,0.9940828402366864,0.9941176470588236
primary_46_SilentProbing_feature_squeezing_Base,46,SilentProbing,feature_squeezing,Base,143,80,0,415,5,0.99,1.0,0.9411764705882353,0.9696969696969697,0.9705882352941176
primary_46_SilentProbing_feature_squeezing_C1,46,SilentProbing,feature_squeezing,C1,0,80,0,414,6,0.988,1.0,0.9302325581395349,0.963855421686747,0.9651162790697674
primary_46_SilentProbing_feature_squeezing_C1,46,SilentProbing,feature_squeezing,C1,1,79,0,414,7,0.986,1.0,0.9186046511627907,0.9575757575757576,0.9593023255813953
primary_46_SilentProbing_feature_squeezing_C1,46,SilentProbing,feature_squeezing,C1,2,83,1,413,3,0.992,0.9880952380952381,0.9651162790697675,0.9764705882352942,0.9813504100662847
primary_46_SilentProbing_feature_squeezing_C1,46,SilentProbing,feature_squeezing,C1,3,84,0,414,2,0.996,1.0,0.9767441860465116,0.988235294117647,0.9883720930232558
primary_46_SilentProbing_feature_squeezing_C1,46,SilentProbing,feature_squeezing,C1,4,84,1,413,2,0.994,0.9882352941176471,0.9767441860465116,0.9824561403508771,0.9871643635546568
primary_46_SilentProbing_feature_squeezing_C1,46,SilentProbing,feature_squeezing,C1,5,83,0,414,3,0.994,1.0,0.9651162790697675,0.9822485207100593,0.9825581395348837
primary_46_SilentProbing_feature_squeezing_C1,46,SilentProbing,feature_squeezing,C1,6,82,0,414,4,0.992,1.0,0.9534883720930233,0.9761904761904763,0.9767441860465116
primary_46_SilentProbing_feature_squeezing_C1,46,SilentProbing,feature_squeezing,C1,7,81,1,413,5,0.988,0.9878048780487805,0.9418604651162791,0.9642857142857143,0.9697225030895404
primary_46_SilentProbing_feature_squeezing_C1,46,SilentProbing,feature_squeezing,C1,8,81,1,413,5,0.988,0.9878048780487805,0.9418604651162791,0.9642857142857143,0.9697225030895404
primary_46_SilentProbing_feature_squeezing_C1,46,SilentProbing,feature_squeezing,C1,9,84,0,414,2,0.996,1.0,0.9767441860465116,0.988235294117647,0.9883720930232558
primary_46_SilentProbing_feature_squeezing_C1,46,SilentProbing,feature_squeezing,C1,10,81,1,413,5,0.988,0.9878048780487805,0.9418604651162791,0.9642857142857143,0.9697225030895404
primary_46_SilentProbing_feature_squeezing_C1,46,SilentProbing,feature_squeezing,C1,11,80,0,414,6,0.988,1.0,0.9302325581395349,0.963855421686747,0.9651162790697674
primary_46_SilentProbing_feature_squeezing_C1,46,SilentProbing,feature_squeezing,C1,12,83,0,414,3,0.994,1.0,0.9651162790697675,0.9822485207100593,0.9825581395348837
primary_46_SilentProbing_feature_squeezing_C1,46,SilentProbing,feature_squeezing,C1,13,84,0,414,2,0.996,1.0,0.9767441860465116,0.988235294117647,0.9883720930232558
primary_46_SilentProbing_feature_squeezing_C1,46,SilentProbing,feature_squeezing,C1,14,84,1,413,2,0.994,0.9882352941176471,0.9767441860465116,0.9824561403508771,0.9871643635546568
primary_46_SilentProbing_feature_squeezing_C1,46,SilentProbing,feature_squeezing,C1,15,83,0,414,3,0.994,1.0,0.9651162790697675,0.9822485207100593,0.9825581395348837
primary_46_SilentProbing_feature_squeezing_C1,46,SilentProbing,feature_squeezing,C1,16,78,0,414,8,0.984,1.0,0.9069767441860465,0.951219512195122,0.9534883720930232
primary_46_SilentProbing_feature_squeezing_C1,46,SilentProbing,feature_squeezing,C1,17,84,0,415,1,0.998,1.0,0.9882352941176471,0.9940828402366864,0.9941176470588236
primary_46_SilentProbing_feature_squeezing_C1,46,SilentProbing,feature_squeezing,C1,18,80,0,415,5,0.99,1.0,0.9411764705882353,0.9696969696969697,0.9705882352941176
primary_46_SilentProbing_feature_squeezing_C1,46,SilentProbing,feature_squeezing,C1,19,83,0,415,2,0.996,1.0,0.9764705882352941,0.988095238095238,0.9882352941176471
primary_46_SilentProbing_feature_squeezing_C1,46,SilentProbing,feature_squeezing,C1,20,74,0,415,11,0.978,1.0,0.8705882352941177,0.9308176100628931,0.9352941176470588
primary_46_SilentProbing_feature_squeezing_C1,46,SilentProbing,feature_squeezing,C1,21,76,1,414,9,0.98,0.987012987012987,0.8941176470588236,0.9382716049382716,0.9458540042523034
primary_46_SilentProbing_feature_squeezing_C1,46,SilentProbing,feature_squeezing,C1,22,78,0,415,7,0.986,1.0,0.9176470588235294,0.9570552147239264,0.9588235294117646
primary_46_SilentProbing_feature_squeezing_C1,46,SilentProbing,feature_squeezing,C1,23,81,0,415,4,0.992,1.0,0.9529411764705882,0.9759036144578312,0.9764705882352941
primary_46_SilentProbing_feature_squeezing_C1,46,SilentProbing,feature_squeezing,C1,24,80,1,414,5,0.988,0.9876543209876543,0.9411764705882353,0.963855421686747,0.9693834160170092
primary_46_SilentProbing_feature_squeezing_C1,46,SilentProbing,feature_squeezing,C1,25,77,0,415,8,0.984,1.0,0.9058823529411765,0.9506172839506173,0.9529411764705882
primary_46_SilentProbing_feature_squeezing_C1,46,SilentProbing,feature_squeezing,C1,26,77,0,415,8,0.984,1.0,0.9058823529411765,0.9506172839506173,0.9529411764705882
primary_46_SilentProbing_feature_squeezing_C1,46,SilentProbing,feature_squeezing,C1,27,77,0,415,8,0.984,1.0,0.9058823529411765,0.9506172839506173,0.9529411764705882
primary_46_SilentProbing_feature_squeezing_C1,46,SilentProbing,feature_squeezing,C1,28,79,0,415,6,0.988,1.0,0.9294117647058824,0.9634146341463414,0.9647058823529412
primary_46_SilentProbing_feature_squeezing_C1,46,SilentProbing,feature_squeezing,C1,29,80,0,415,5,0.99,1.0,0.9411764705882353,0.9696969696969697,0.9705882352941176
primary_46_SilentProbing_feature_squeezing_C1,46,SilentProbing,feature_squeezing,C1,30,79,0,415,6,0.988,1.0,0.9294117647058824,0.9634146341463414,0.9647058823529412
primary_46_SilentProbing_feature_squeezing_C1,46,SilentProbing,feature_squeezing,C1,31,78,1,414,7,0.984,0.9873417721518988,0.9176470588235294,0.9512195121951219,0.9576187101346563
primary_46_SilentProbing_feature_squeezing_C1,46,SilentProbing,feature_squeezing,C1,32,80,0,415,5,0.99,1.0,0.9411764705882353,0.9696969696969697,0.9705882352941176
primary_46_SilentProbing_feature_squeezing_C1,46,SilentProbing,feature_squeezing,C1,33,81,0,415,4,0.992,1.0,0.9529411764705882,0.9759036144578312,0.9764705882352941
primary_46_SilentProbing_feature_squeezing_C1,46,SilentProbing,feature_squeezing,C1,34,79,1,414,6,0.986,0.9875,0.9294117647058824,0.9575757575757576,0.9635010630758327
primary_46_SilentProbing_feature_squeezing_C1,46,SilentProbing,feature_squeezing,C1,35,75,0,415,10,0.98,1.0,0.8823529411764706,0.9375,0.9411764705882353
primary_46_SilentProbing_feature_squeezing_C1,46,SilentProbing,feature_squeezing,C1,36,80,0,415,5,0.99,1.0,0.9411764705882353,0.9696969696969697,0.9705882352941176
primary_46_SilentProbing_feature_squeezing_C1,46,SilentProbing,feature_squeezing,C1,37,81,1,414,4,0.99,0.9878048780487805,0.9529411764705882,0.9700598802395209,0.9752657689581856
primary_46_SilentProbing_feature_squeezing_C1,46,SilentProbing,feature_squeezing,C1,38,81,0,415,4,0.992,1.0,0.9529411764705882,0.9759036144578312,0.9764705882352941
primary_46_SilentProbing_feature_squeezing_C1,46,SilentProbing,feature_squeezing,C1,39,81,0,415,4,0.992,1.0,0.9529411764705882,0.9759036144578312,0.9764705882352941
primary_46_SilentProbing_feature_squeezing_C1,46,SilentProbing,feature_squeezing,C1,40,82,0,415,3,0.994,1.0,0.9647058823529412,0.9820359281437125,0.9823529411764707
primary_46_SilentProbing_feature_squeezing_C1,46,SilentProbing,feature_squeezing,C1,41,82,0,415,3,0.994,1.0,0.9647058823529412,0.9820359281437125,0.9823529411764707
primary_46_SilentProbing_feature_squeezing_C1,46,SilentProbing,feature_squeezing,C1,42,81,0,415,4,0.992,1.0,0.9529411764705882,0.9759036144578312,0.9764705882352941
primary_46_SilentProbing_feature_squeezing_C1,46,SilentProbing,feature_squeezing,C1,43,78,1,414,7,0.984,0.9873417721518988,0.9176470588235294,0.9512195121951219,0.9576187101346563
primary_46_SilentProbing_feature_squeezing_C1,46,SilentProbing,feature_squeezing,C1,44,79,0,415,6,0.988,1.0,0.9294117647058824,0.9634146341463414,0.9647058823529412
primary_46_SilentProbing_feature_squeezing_C1,46,SilentProbing,feature_squeezing,C1,45,81,0,415,4,0.992,1.0,0.9529411764705882,0.9759036144578312,0.9764705882352941
primary_46_SilentProbing_feature_squeezing_C1,46,SilentProbing,feature_squeezing,C1,46,81,1,414,4,0.99,0.9878048780487805,0.9529411764705882,0.9700598802395209,0.9752657689581856
primary_46_SilentProbing_feature_squeezing_C1,46,SilentProbing,feature_squeezing,C1,47,76,0,415,9,0.982,1.0,0.8941176470588236,0.9440993788819877,0.9470588235294117
primary_46_SilentProbing_feature_squeezing_C1,46,SilentProbing,feature_squeezing,C1,48,81,0,415,4,0.992,1.0,0.9529411764705882,0.9759036144578312,0.9764705882352941
primary_46_SilentProbing_feature_squeezing_C1,46,SilentProbing,feature_squeezing,C1,49,77,0,415,8,0.984,1.0,0.9058823529411765,0.9506172839506173,0.9529411764705882
primary_46_SilentProbing_feature_squeezing_C1,46,SilentProbing,feature_squeezing,C1,50,81,0,415,4,0.992,1.0,0.9529411764705882,0.9759036144578312,0.9764705882352941
primary_46_SilentProbing_feature_squeezing_C1,46,SilentProbing,feature_squeezing,C1,51,80,1,414,5,0.988,0.9876543209876543,0.9411764705882353,0.963855421686747,0.9693834160170092
primary_46_SilentProbing_feature_squeezing_C1,46,SilentProbing,feature_squeezing,C1,52,80,1,414,5,0.988,0.9876543209876543,0.9411764705882353,0.963855421686747,0.9693834160170092
primary_46_SilentProbing_feature_squeezing_C1,46,SilentProbing,feature_squeezing,C1,53,77,1,414,8,0.982,0.9871794871794872,0.9058823529411765,0.9447852760736197,0.9517363571934798
primary_46_SilentProbing_feature_squeezing_C1,46,SilentProbing,feature_squeezing,C1,54,82,0,415,3,0.994,1.0,0.9647058823529412,0.9820359281437125,0.9823529411764707
primary_46_SilentProbing_feature_squeezing_C1,46,SilentProbing,feature_squeezing,C1,55,78,0,415,7,0.986,1.0,0.9176470588235294,0.9570552147239264,0.9588235294117646
primary_46_SilentProbing_feature_squeezing_C1,46,SilentProbing,feature_squeezing,C1,56,78,0,415,7,0.986,1.0,0.9176470588235294,0.9570552147239264,0.9588235294117646
primary_46_SilentProbing_feature_squeezing_C1,46,SilentProbing,feature_squeezing,C1,57,81,0,415,4,0.992,1.0,0.9529411764705882,0.9759036144578312,0.9764705882352941
primary_46_SilentProbing_feature_squeezing_C1,46,SilentProbing,feature_squeezing,C1,58,82,1,414,3,0.992,0.9879518072289156,0.9647058823529412,0.9761904761904762,0.9811481218993622
primary_46_SilentProbing_feature_squeezing_C1,46,SilentProbing,feature_squeezing,C1,59,78,0,415,7,0.986,1.0,0.9176470588235294,0.9570552147239264,0.9588235294117646
primary_46_SilentProbing_feature_squeezing_C1,46,SilentProbing,feature_squeezing,C1,60,81,0,415,4,0.992,1.0,0.9529411764705882,0.9759036144578312,0.9764705882352941
primary_46_SilentProbing_feature_squeezing_C1,46,SilentProbing,feature_squeezing,C1,61,79,0,415,6,0.988,1.0,0.9294117647058824,0.9634146341463414,0.9647058823529412
primary_46_SilentProbing_feature_squeezing_C1,46,SilentProbing,feature_squeezing,C1,62,81,0,415,4,0.992,1.0,0.9529411764705882,0.9759036144578312,0.9764705882352941
primary_46_SilentProbing_feature_squeezing_C1,46,SilentProbing,feature_squeezing,C1,63,77,0,415,8,0.984,1.0,0.9058823529411765,0.9506172839506173,0.9529411764705882
primary_46_SilentProbing_feature_squeezing_C1,46,SilentProbing,feature_squeezing,C1,64,77,0,415,8,0.984,1.0,0.9058823529411765,0.9506172839506173,0.9529411764705882
primary_46_SilentProbing_feature_squeezing_C1,46,SilentProbing,feature_squeezing,C1,65,78,0,415,7,0.986,1.0,0.9176470588235294,0.9570552147239264,0.9588235294117646
primary_46_SilentProbing_feature_squeezing_C1,46,SilentProbing,feature_squeezing,C1,66,80,0,415,5,0.99,1.0,0.9411764705882353,0.9696969696969697,0.9705882352941176
primary_46_SilentProbing_feature_squeezing_C1,46,SilentProbing,feature_squeezing,C1,67,81,0,415,4,0.992,1.0,0.9529411764705882,0.9759036144578312,0.9764705882352941
primary_46_SilentProbing_feature_squeezing_C1,46,SilentProbing,feature_squeezing,C1,68,79,0,415,6,0.988,1.0,0.9294117647058824,0.9634146341463414,0.9647058823529412
primary_46_SilentProbing_feature_squeezing_C1,46,SilentProbing,feature_squeezing,C1,69,80,1,414,5,0.988,0.9876543209876543,0.9411764705882353,0.963855421686747,0.9693834160170092
primary_46_SilentProbing_feature_squeezing_C1,46,SilentProbing,feature_squeezing,C1,70,82,0,415,3,0.994,1.0,0.9647058823529412,0.9820359281437125,0.9823529411764707
primary_46_SilentProbing_feature_squeezing_C1,46,SilentProbing,feature_squeezing,C1,71,77,0,415,8,0.984,1.0,0.9058823529411765,0.9506172839506173,0.9529411764705882
primary_46_SilentProbing_feature_squeezing_C1,46,SilentProbing,feature_squeezing,C1,72,78,0,415,7,0.986,1.0,0.9176470588235294,0.9570552147239264,0.9588235294117646
primary_46_SilentProbing_feature_squeezing_C1,46,SilentProbing,feature_squeezing,C1,73,77,0,415,8,0.984,1.0,0.9058823529411765,0.9506172839506173,0.9529411764705882
primary_46_SilentProbing_feature_squeezing_C1,46,SilentProbing,feature_squeezing,C1,74,82,0,415,3,0.994,1.0,0.9647058823529412,0.9820359281437125,0.9823529411764707
primary_46_SilentProbing_feature_squeezing_C1,46,SilentProbing,feature_squeezing,C1,75,78,0,415,7,0.986,1.0,0.9176470588235294,0.9570552147239264,0.9588235294117646
primary_46_SilentProbing_feature_squeezing_C1,46,SilentProbing,feature_squeezing,C1,76,82,0,415,3,0.994,1.0,0.9647058823529412,0.9820359281437125,0.9823529411764707
primary_46_SilentProbing_feature_squeezing_C1,46,SilentProbing,feature_squeezing,C1,77,80,0,415,5,0.99,1.0,0.9411764705882353,0.9696969696969697,0.9705882352941176
primary_46_SilentProbing_feature_squeezing_C1,46,SilentProbing,feature_squeezing,C1,78,83,0,415,2,0.996,1.0,0.9764705882352941,0.988095238095238,0.9882352941176471
primary_46_SilentProbing_feature_squeezing_C1,46,SilentProbing,feature_squeezing,C1,79,81,0,415,4,0.992,1.0,0.9529411764705882,0.9759036144578312,0.9764705882352941
primary_46_SilentProbing_feature_squeezing_C1,46,SilentProbing,feature_squeezing,C1,80,78,0,415,7,0.986,1.0,0.9176470588235294,0.9570552147239264,0.9588235294117646
primary_46_SilentProbing_feature_squeezing_C1,46,SilentProbing,feature_squeezing,C1,81,76,0,415,9,0.982,1.0,0.8941176470588236,0.9440993788819877,0.9470588235294117
primary_46_SilentProbing_feature_squeezing_C1,46,SilentProbing,feature_squeezing,C1,82,79,0,415,6,0.988,1.0,0.9294117647058824,0.9634146341463414,0.9647058823529412
primary_46_SilentProbing_feature_squeezing_C1,46,SilentProbing,feature_squeezing,C1,83,78,0,415,7,0.986,1.0,0.9176470588235294,0.9570552147239264,0.9588235294117646
primary_46_SilentProbing_feature_squeezing_C1,46,SilentProbing,feature_squeezing,C1,84,79,0,415,6,0.988,1.0,0.9294117647058824,0.9634146341463414,0.9647058823529412
primary_46_SilentProbing_feature_squeezing_C1,46,SilentProbing,feature_squeezing,C1,85,82,1,414,3,0.992,0.9879518072289156,0.9647058823529412,0.9761904761904762,0.9811481218993622
primary_46_SilentProbing_feature_squeezing_C1,46,SilentProbing,feature_squeezing,C1,86,76,1,414,9,0.98,0.987012987012987,0.8941176470588236,0.9382716049382716,0.9458540042523034
primary_46_SilentProbing_feature_squeezing_C1,46,SilentProbing,feature_squeezing,C1,87,78,0,415,7,0.986,1.0,0.9176470588235294,0.9570552147239264,0.9588235294117646
primary_46_SilentProbing_feature_squeezing_C1,46,SilentProbing,feature_squeezing,C1,88,81,0,415,4,0.992,1.0,0.9529411764705882,0.9759036144578312,0.9764705882352941
primary_46_SilentProbing_feature_squeezing_C1,46,SilentProbing,feature_squeezing,C1,89,79,1,414,6,0.986,0.9875,0.9294117647058824,0.9575757575757576,0.9635010630758327
primary_46_SilentProbing_feature_squeezing_C1,46,SilentProbing,feature_squeezing,C1,90,81,1,414,4,0.99,0.9878048780487805,0.9529411764705882,0.9700598802395209,0.9752657689581856
primary_46_SilentProbing_feature_squeezing_C1,46,SilentProbing,feature_squeezing,C1,91,80,1,414,5,0.988,0.9876543209876543,0.9411764705882353,0.963855421686747,0.9693834160170092
primary_46_SilentProbing_feature_squeezing_C1,46,SilentProbing,feature_squeezing,C1,92,80,0,415,5,0.99,1.0,0.9411764705882353,0.9696969696969697,0.9705882352941176
primary_46_SilentProbing_feature_squeezing_C1,46,SilentProbing,feature_squeezing,C1,93,79,0,415,6,0.988,1.0,0.9294117647058824,0.9634146341463414,0.9647058823529412
primary_46_SilentProbing_feature_squeezing_C1,46,SilentProbing,feature_squeezing,C1,94,81,0,415,4,0.992,1.0,0.9529411764705882,0.9759036144578312,0.9764705882352941
primary_46_SilentProbing_feature_squeezing_C1,46,SilentProbing,feature_squeezing,C1,95,81,0,415,4,0.992,1.0,0.9529411764705882,0.9759036144578312,0.9764705882352941
primary_46_SilentProbing_feature_squeezing_C1,46,SilentProbing,feature_squeezing,C1,96,84,0,415,1,0.998,1.0,0.9882352941176471,0.9940828402366864,0.9941176470588236
primary_46_SilentProbing_feature_squeezing_C1,46,SilentProbing,feature_squeezing,C1,97,75,1,414,10,0.978,0.9868421052631579,0.8823529411764706,0.9316770186335402,0.9399716513111269
primary_46_SilentProbing_feature_squeezing_C1,46,SilentProbing,feature_squeezing,C1,98,80,0,415,5,0.99,1.0,0.9411764705882353,0.9696969696969697,0.9705882352941176
primary_46_SilentProbing_feature_squeezing_C1,46,SilentProbing,feature_squeezing,C1,99,81,0,415,4,0.992,1.0,0.9529411764705882,0.9759036144578312,0.9764705882352941
primary_46_SilentProbing_feature_squeezing_C1,46,SilentProbing,feature_squeezing,C1,100,81,0,415,4,0.992,1.0,0.9529411764705882,0.9759036144578312,0.9764705882352941
primary_46_SilentProbing_feature_squeezing_C1,46,SilentProbing,feature_squeezing,C1,101,81,0,415,4,0.992,1.0,0.9529411764705882,0.9759036144578312,0.9764705882352941
primary_46_SilentProbing_feature_squeezing_C1,46,SilentProbing,feature_squeezing,C1,102,82,0,415,3,0.994,1.0,0.9647058823529412,0.9820359281437125,0.9823529411764707
primary_46_SilentProbing_feature_squeezing_C1,46,SilentProbing,feature_squeezing,C1,103,81,0,415,4,0.992,1.0,0.9529411764705882,0.9759036144578312,0.9764705882352941
primary_46_SilentProbing_feature_squeezing_C1,46,SilentProbing,feature_squeezing,C1,104,81,0,415,4,0.992,1.0,0.9529411764705882,0.9759036144578312,0.9764705882352941
primary_46_SilentProbing_feature_squeezing_C1,46,SilentProbing,feature_squeezing,C1,105,82,0,415,3,0.994,1.0,0.9647058823529412,0.9820359281437125,0.9823529411764707
primary_46_SilentProbing_feature_squeezing_C1,46,SilentProbing,feature_squeezing,C1,106,79,0,415,6,0.988,1.0,0.9294117647058824,0.9634146341463414,0.9647058823529412
primary_46_SilentProbing_feature_squeezing_C1,46,SilentProbing,feature_squeezing,C1,107,79,0,415,6,0.988,1.0,0.9294117647058824,0.9634146341463414,0.9647058823529412
primary_46_SilentProbing_feature_squeezing_C1,46,SilentProbing,feature_squeezing,C1,108,81,0,415,4,0.992,1.0,0.9529411764705882,0.9759036144578312,0.9764705882352941
primary_46_SilentProbing_feature_squeezing_C1,46,SilentProbing,feature_squeezing,C1,109,78,0,415,7,0.986,1.0,0.9176470588235294,0.9570552147239264,0.9588235294117646
primary_46_SilentProbing_feature_squeezing_C1,46,SilentProbing,feature_squeezing,C1,110,78,1,414,7,0.984,0.9873417721518988,0.9176470588235294,0.9512195121951219,0.9576187101346563
primary_46_SilentProbing_feature_squeezing_C1,46,SilentProbing,feature_squeezing,C1,111,84,0,415,1,0.998,1.0,0.9882352941176471,0.9940828402366864,0.9941176470588236
primary_46_SilentProbing_feature_squeezing_C1,46,SilentProbing,feature_squeezing,C1,112,81,1,414,4,0.99,0.9878048780487805,0.9529411764705882,0.9700598802395209,0.9752657689581856
primary_46_SilentProbing_feature_squeezing_C1,46,SilentProbing,feature_squeezing,C1,113,79,1,414,6,0.986,0.9875,0.9294117647058824,0.9575757575757576,0.9635010630758327
primary_46_SilentProbing_feature_squeezing_C1,46,SilentProbing,feature_squeezing,C1,114,79,0,415,6,0.988,1.0,0.9294117647058824,0.9634146341463414,0.9647058823529412
primary_46_SilentProbing_feature_squeezing_C1,46,SilentProbing,feature_squeezing,C1,115,77,0,415,8,0.984,1.0,0.9058823529411765,0.9506172839506173,0.9529411764705882
primary_46_SilentProbing_feature_squeezing_C1,46,SilentProbing,feature_squeezing,C1,116,78,0,415,7,0.986,1.0,0.9176470588235294,0.9570552147239264,0.9588235294117646
primary_46_SilentProbing_feature_squeezing_C1,46,SilentProbing,feature_squeezing,C1,117,80,0,415,5,0.99,1.0,0.9411764705882353,0.9696969696969697,0.9705882352941176
primary_46_SilentProbing_feature_squeezing_C1,46,SilentProbing,feature_squeezing,C1,118,78,1,414,7,0.984,0.9873417721518988,0.9176470588235294,0.9512195121951219,0.9576187101346563
primary_46_SilentProbing_feature_squeezing_C1,46,SilentProbing,feature_squeezing,C1,119,80,0,415,5,0.99,1.0,0.9411764705882353,0.9696969696969697,0.9705882352941176
primary_46_SilentProbing_feature_squeezing_C1,46,SilentProbing,feature_squeezing,C1,120,81,0,415,4,0.992,1.0,0.9529411764705882,0.9759036144578312,0.9764705882352941
primary_46_SilentProbing_feature_squeezing_C1,46,SilentProbing,feature_squeezing,C1,121,81,0,415,4,0.992,1.0,0.9529411764705882,0.9759036144578312,0.9764705882352941
primary_46_SilentProbing_feature_squeezing_C1,46,SilentProbing,feature_squeezing,C1,122,80,0,415,5,0.99,1.0,0.9411764705882353,0.9696969696969697,0.9705882352941176
primary_46_SilentProbing_feature_squeezing_C1,46,SilentProbing,feature_squeezing,C1,123,76,0,415,9,0.982,1.0,0.8941176470588236,0.9440993788819877,0.9470588235294117
primary_46_SilentProbing_feature_squeezing_C1,46,SilentProbing,feature_squeezing,C1,124,80,0,415,5,0.99,1.0,0.9411764705882353,0.9696969696969697,0.9705882352941176
primary_46_SilentProbing_feature_squeezing_C1,46,SilentProbing,feature_squeezing,C1,125,80,1,414,5,0.988,0.9876543209876543,0.9411764705882353,0.963855421686747,0.9693834160170092
primary_46_SilentProbing_feature_squeezing_C1,46,SilentProbing,feature_squeezing,C1,126,83,0,415,2,0.996,1.0,0.9764705882352941,0.988095238095238,0.9882352941176471
primary_46_SilentProbing_feature_squeezing_C1,46,SilentProbing,feature_squeezing,C1,127,77,0,415,8,0.984,1.0,0.9058823529411765,0.9506172839506173,0.9529411764705882
primary_46_SilentProbing_feature_squeezing_C1,46,SilentProbing,feature_squeezing,C1,128,83,0,415,2,0.996,1.0,0.9764705882352941,0.988095238095238,0.9882352941176471
primary_46_SilentProbing_feature_squeezing_C1,46,SilentProbing,feature_squeezing,C1,129,79,0,415,6,0.988,1.0,0.9294117647058824,0.9634146341463414,0.9647058823529412
primary_46_SilentProbing_feature_squeezing_C1,46,SilentProbing,feature_squeezing,C1,130,83,0,415,2,0.996,1.0,0.9764705882352941,0.988095238095238,0.9882352941176471
primary_46_SilentProbing_feature_squeezing_C1,46,SilentProbing,feature_squeezing,C1,131,80,0,415,5,0.99,1.0,0.9411764705882353,0.9696969696969697,0.9705882352941176
primary_46_SilentProbing_feature_squeezing_C1,46,SilentProbing,feature_squeezing,C1,132,78,0,415,7,0.986,1.0,0.9176470588235294,0.9570552147239264,0.9588235294117646
primary_46_SilentProbing_feature_squeezing_C1,46,SilentProbing,feature_squeezing,C1,133,81,0,415,4,0.992,1.0,0.9529411764705882,0.9759036144578312,0.9764705882352941
primary_46_SilentProbing_feature_squeezing_C1,46,SilentProbing,feature_squeezing,C1,134,78,0,415,7,0.986,1.0,0.9176470588235294,0.9570552147239264,0.9588235294117646
primary_46_SilentProbing_feature_squeezing_C1,46,SilentProbing,feature_squeezing,C1,135,83,0,415,2,0.996,1.0,0.9764705882352941,0.988095238095238,0.9882352941176471
primary_46_SilentProbing_feature_squeezing_C1,46,SilentProbing,feature_squeezing,C1,136,82,0,415,3,0.994,1.0,0.9647058823529412,0.9820359281437125,0.9823529411764707
primary_46_SilentProbing_feature_squeezing_C1,46,SilentProbing,feature_squeezing,C1,137,79,1,414,6,0.986,0.9875,0.9294117647058824,0.9575757575757576,0.9635010630758327
primary_46_SilentProbing_feature_squeezing_C1,46,SilentProbing,feature_squeezing,C1,138,82,0,415,3,0.994,1.0,0.9647058823529412,0.9820359281437125,0.9823529411764707
primary_46_SilentProbing_feature_squeezing_C1,46,SilentProbing,feature_squeezing,C1,139,78,0,415,7,0.986,1.0,0.9176470588235294,0.9570552147239264,0.9588235294117646
primary_46_SilentProbing_feature_squeezing_C1,46,SilentProbing,feature_squeezing,C1,140,78,0,415,7,0.986,1.0,0.9176470588235294,0.9570552147239264,0.9588235294117646
primary_46_SilentProbing_feature_squeezing_C1,46,SilentProbing,feature_squeezing,C1,141,77,0,415,8,0.984,1.0,0.9058823529411765,0.9506172839506173,0.9529411764705882
primary_46_SilentProbing_feature_squeezing_C1,46,SilentProbing,feature_squeezing,C1,142,84,0,415,1,0.998,1.0,0.9882352941176471,0.9940828402366864,0.9941176470588236
primary_46_SilentProbing_feature_squeezing_C1,46,SilentProbing,feature_squeezing,C1,143,81,0,415,4,0.992,1.0,0.9529411764705882,0.9759036144578312,0.9764705882352941
primary_46_SilentProbing_randomized_smoothing_Base,46,SilentProbing,randomized_smoothing,Base,0,70,0,414,16,0.968,1.0,0.813953488372093,0.8974358974358974,0.9069767441860466
primary_46_SilentProbing_randomized_smoothing_Base,46,SilentProbing,randomized_smoothing,Base,1,65,0,414,21,0.958,1.0,0.7558139534883721,0.8609271523178808,0.877906976744186
primary_46_SilentProbing_randomized_smoothing_Base,46,SilentProbing,randomized_smoothing,Base,2,73,0,414,13,0.974,1.0,0.8488372093023255,0.9182389937106918,0.9244186046511628
primary_46_SilentProbing_randomized_smoothing_Base,46,SilentProbing,randomized_smoothing,Base,3,67,0,414,19,0.962,1.0,0.7790697674418605,0.8758169934640523,0.8895348837209303
primary_46_SilentProbing_randomized_smoothing_Base,46,SilentProbing,randomized_smoothing,Base,4,73,0,414,13,0.974,1.0,0.8488372093023255,0.9182389937106918,0.9244186046511628
primary_46_SilentProbing_randomized_smoothing_Base,46,SilentProbing,randomized_smoothing,Base,5,70,0,414,16,0.968,1.0,0.813953488372093,0.8974358974358974,0.9069767441860466
primary_46_SilentProbing_randomized_smoothing_Base,46,SilentProbing,randomized_smoothing,Base,6,73,0,414,13,0.974,1.0,0.8488372093023255,0.9182389937106918,0.9244186046511628
primary_46_SilentProbing_randomized_smoothing_Base,46,SilentProbing,randomized_smoothing,Base,7,70,0,414,16,0.968,1.0,0.813953488372093,0.8974358974358974,0.9069767441860466
primary_46_SilentProbing_randomized_smoothing_Base,46,SilentProbing,randomized_smoothing,Base,8,65,0,414,21,0.958,1.0,0.7558139534883721,0.8609271523178808,0.877906976744186
primary_46_SilentProbing_randomized_smoothing_Base,46,SilentProbing,randomized_smoothing,Base,9,71,0,414,15,0.97,1.0,0.8255813953488372,0.9044585987261146,0.9127906976744187
primary_46_SilentProbing_randomized_smoothing_Base,46,SilentProbing,randomized_smoothing,Base,10,73,0,414,13,0.974,1.0,0.8488372093023255,0.9182389937106918,0.9244186046511628
primary_46_SilentProbing_randomized_smoothing_Base,46,SilentProbing,randomized_smoothing,Base,11,67,0,414,19,0.962,1.0,0.7790697674418605,0.8758169934640523,0.8895348837209303
primary_46_SilentProbing_randomized_smoothing_Base,46,SilentProbing,randomized_smoothing,Base,12,74,0,414,12,0.976,1.0,0.8604651162790697,0.9249999999999999,0.9302325581395349
primary_46_SilentProbing_randomized_smoothing_Base,46,SilentProbing,randomized_smoothing,Base,13,77,0,414,9,0.982,1.0,0.8953488372093024,0.9447852760736196,0.9476744186046512
primary_46_SilentProbing_randomized_smoothing_Base,46,SilentProbing,randomized_smoothing,Base,14,74,1,413,12,0.974,0.9866666666666667,0.8604651162790697,0.9192546583850931,0.9290248286709358
primary_46_SilentProbing_randomized_smoothing_Base,46,SilentProbing,randomized_smoothing,Base,15,72,0,414,14,0.972,1.0,0.8372093023255814,0.9113924050632911,0.9186046511627908
primary_46_SilentProbing_randomized_smoothing_Base,46,SilentProbing,randomized_smoothing,Base,16,68,0,414,18,0.964,1.0,0.7906976744186046,0.8831168831168831,0.8953488372093024
primary_46_SilentProbing_randomized_smoothing_Base,46,SilentProbing,randomized_smoothing,Base,17,77,0,415,8,0.984,1.0,0.9058823529411765,0.9506172839506173,0.9529411764705882
primary_46_SilentProbing_randomized_smoothing_Base,46,SilentProbing,randomized_smoothing,Base,18,68,0,415,17,0.966,1.0,0.8,0.888888888888889,0.9
primary_46_SilentProbing_randomized_smoothing_Base,46,SilentProbing,randomized_smoothing,Base,19,73,0,415,12,0.976,1.0,0.8588235294117647,0.9240506329113923,0.9294117647058824
primary_46_SilentProbing_randomized_smoothing_Base,46,SilentProbing,randomized_smoothing,Base,20,65,0,415,20,0.96,1.0,0.7647058823529411,0.8666666666666666,0.8823529411764706
primary_46_SilentProbing_randomized_smoothing_Base,46,SilentProbing,randomized_smoothing,Base,21,66,0,415,19,0.962,1.0,0.7764705882352941,0.8741721854304636,0.888235294117647
primary_46_SilentProbing_randomized_smoothing_Base,46,SilentProbing,randomized_smoothing,Base,22,71,0,415,14,0.972,1.0,0.8352941176470589,0.9102564102564102,0.9176470588235295
primary_46_SilentProbing_randomized_smoothing_Base,46,SilentProbing,randomized_smoothing,Base,23,70,0,415,15,0.97,1.0,0.8235294117647058,0.9032258064516129,0.9117647058823529
primary_46_SilentProbing_randomized_smoothing_Base,46,SilentProbing,randomized_smoothing,Base,24,68,0,415,17,0.966,1.0,0.8,0.888888888888889,0.9
primary_46_SilentProbing_randomized_smoothing_Base,46,SilentProbing,randomized_smoothing,Base,25,70,0,415,15,0.97,1.0,0.8235294117647058,0.9032258064516129,0.9117647058823529
primary_46_SilentProbing_randomized_smoothing_Base,46,SilentProbing,randomized_smoothing,Base,26,63,0,415,22,0.956,1.0,0.7411764705882353,0.8513513513513514,0.8705882352941177
primary_46_SilentProbing_randomized_smoothing_Base,46,SilentProbing,randomized_smoothing,Base,27,62,0,415,23,0.954,1.0,0.7294117647058823,0.8435374149659863,0.8647058823529412
primary_46_SilentProbing_randomized_smoothing_Base,46,SilentProbing,randomized_smoothing,Base,28,71,0,415,14,0.972,1.0,0.8352941176470589,0.9102564102564102,0.9176470588235295
primary_46_SilentProbing_randomized_smoothing_Base,46,SilentProbing,randomized_smoothing,Base,29,68,0,415,17,0.966,1.0,0.8,0.888888888888889,0.9
primary_46_SilentProbing_randomized_smoothing_Base,46,SilentProbing,randomized_smoothing,Base,30,70,0,415,15,0.97,1.0,0.8235294117647058,0.9032258064516129,0.9117647058823529
primary_46_SilentProbing_randomized_smoothing_Base,46,SilentProbing,randomized_smoothing,Base,31,67,0,415,18,0.964,1.0,0.788235294117647,0.8815789473684211,0.8941176470588235
primary_46_SilentProbing_randomized_smoothing_Base,46,SilentProbing,randomized_smoothing,Base,32,66,0,415,19,0.962,1.0,0.7764705882352941,0.8741721854304636,0.888235294117647
primary_46_SilentProbing_randomized_smoothing_Base,46,SilentProbing,randomized_smoothing,Base,33,68,0,415,17,0.966,1.0,0.8,0.888888888888889,0.9
primary_46_SilentProbing_randomized_smoothing_Base,46,SilentProbing,randomized_smoothing,Base,34,66,0,415,19,0.962,1.0,0.7764705882352941,0.8741721854304636,0.888235294117647
primary_46_SilentProbing_randomized_smoothing_Base,46,SilentProbing,randomized_smoothing,Base,35,63,0,415,22,0.956,1.0,0.7411764705882353,0.8513513513513514,0.8705882352941177
primary_46_SilentProbing_randomized_smoothing_Base,46,SilentProbing,randomized_smoothing,Base,36,65,0,415,20,0.96,1.0,0.7647058823529411,0.8666666666666666,0.8823529411764706
primary_46_SilentProbing_randomized_smoothing_Base,46,SilentProbing,randomized_smoothing,Base,37,75,0,415,10,0.98,1.0,0.8823529411764706,0.9375,0.9411764705882353
primary_46_SilentProbing_randomized_smoothing_Base,46,SilentProbing,randomized_smoothing,Base,38,71,0,415,14,0.972,1.0,0.8352941176470589,0.9102564102564102,0.9176470588235295
primary_46_SilentProbing_randomized_smoothing_Base,46,SilentProbing,randomized_smoothing,Base,39,65,0,415,20,0.96,1.0,0.7647058823529411,0.8666666666666666,0.8823529411764706
primary_46_SilentProbing_randomized_smoothing_Base,46,SilentProbing,randomized_smoothing,Base,40,74,0,415,11,0.978,1.0,0.8705882352941177,0.9308176100628931,0.9352941176470588
primary_46_SilentProbing_randomized_smoothing_Base,46,SilentProbing,randomized_smoothing,Base,41,74,0,415,11,0.978,1.0,0.8705882352941177,0.9308176100628931,0.9352941176470588
primary_46_SilentProbing_randomized_smoothing_Base,46,SilentProbing,randomized_smoothing,Base,42,69,0,415,16,0.968,1.0,0.8117647058823529,0.8961038961038961,0.9058823529411765
primary_46_SilentProbing_randomized_smoothing_Base,46,SilentProbing,randomized_smoothing,Base,43,66,0,415,19,0.962,1.0,0.7764705882352941,0.8741721854304636,0.888235294117647
primary_46_SilentProbing_randomized_smoothing_Base,46,SilentProbing,randomized_smoothing,Base,44,65,0,415,20,0.96,1.0,0.7647058823529411,0.8666666666666666,0.8823529411764706
primary_46_SilentProbing_randomized_smoothing_Base,46,SilentProbing,randomized_smoothing,Base,45,72,0,415,13,0.974,1.0,0.8470588235294118,0.9171974522292993,0.9235294117647059
primary_46_SilentProbing_randomized_smoothing_Base,46,SilentProbing,randomized_smoothing,Base,46,74,0,415,11,0.978,1.0,0.8705882352941177,0.9308176100628931,0.9352941176470588
primary_46_SilentProbing_randomized_smoothing_Base,46,SilentProbing,randomized_smoothing,Base,47,69,0,415,16,0.968,1.0,0.8117647058823529,0.8961038961038961,0.9058823529411765
primary_46_SilentProbing_randomized_smoothing_Base,46,SilentProbing,randomized_smoothing,Base,48,73,0,415,12,0.976,1.0,0.8588235294117647,0.9240506329113923,0.9294117647058824
primary_46_SilentProbing_randomized_smoothing_Base,46,SilentProbing,randomized_smoothing,Base,49,69,0,415,16,0.968,1.0,0.8117647058823529,0.8961038961038961,0.9058823529411765
primary_46_SilentProbing_randomized_smoothing_Base,46,SilentProbing,randomized_smoothing,Base,50,71,0,415,14,0.972,1.0,0.8352941176470589,0.9102564102564102,0.9176470588235295
primary_46_SilentProbing_randomized_smoothing_Base,46,SilentProbing,randomized_smoothing,Base,51,73,0,415,12,0.976,1.0,0.8588235294117647,0.9240506329113923,0.9294117647058824
primary_46_SilentProbing_randomized_smoothing_Base,46,SilentProbing,randomized_smoothing,Base,52,67,0,415,18,0.964,1.0,0.788235294117647,0.8815789473684211,0.8941176470588235
primary_46_SilentProbing_randomized_smoothing_Base,46,SilentProbing,randomized_smoothing,Base,53,63,0,415,22,0.956,1.0,0.7411764705882353,0.8513513513513514,0.8705882352941177
primary_46_SilentProbing_randomized_smoothing_Base,46,SilentProbing,randomized_smoothing,Base,54,68,0,415,17,0.966,1.0,0.8,0.888888888888889,0.9
primary_46_SilentProbing_randomized_smoothing_Base,46,SilentProbing,randomized_smoothing,Base,55,66,0,415,19,0.962,1.0,0.7764705882352941,0.8741721854304636,0.888235294117647
primary_46_SilentProbing_randomized_smoothing_Base,46,SilentProbing,randomized_smoothing,Base,56,68,0,415,17,0.966,1.0,0.8,0.888888888888889,0.9
primary_46_SilentProbing_randomized_smoothing_Base,46,SilentProbing,randomized_smoothing,Base,57,68,0,415,17,0.966,1.0,0.8,0.888888888888889,0.9
primary_46_SilentProbing_randomized_smoothing_Base,46,SilentProbing,randomized_smoothing,Base,58,71,0,415,14,0.972,1.0,0.8352941176470589,0.9102564102564102,0.9176470588235295
primary_46_SilentProbing_randomized_smoothing_Base,46,SilentProbing,randomized_smoothing,Base,59,72,0,415,13,0.974,1.0,0.8470588235294118,0.9171974522292993,0.9235294117647059
primary_46_SilentProbing_randomized_smoothing_Base,46,SilentProbing,randomized_smoothing,Base,60,64,0,415,21,0.958,1.0,0.7529411764705882,0.8590604026845637,0.8764705882352941
primary_46_SilentProbing_randomized_smoothing_Base,46,SilentProbing,randomized_smoothing,Base,61,69,0,415,16,0.968,1.0,0.8117647058823529,0.8961038961038961,0.9058823529411765
primary_46_SilentProbing_randomized_smoothing_Base,46,SilentProbing,randomized_smoothing,Base,62,67,0,415,18,0.964,1.0,0.788235294117647,0.8815789473684211,0.8941176470588235
primary_46_SilentProbing_randomized_smoothing_Base,46,SilentProbing,randomized_smoothing,Base,63,67,0,415,18,0.964,1.0,0.788235294117647,0.8815789473684211,0.8941176470588235
primary_46_SilentProbing_randomized_smoothing_Base,46,SilentProbing,randomized_smoothing,Base,64,68,0,415,17,0.966,1.0,0.8,0.888888888888889,0.9
primary_46_SilentProbing_randomized_smoothing_Base,46,SilentProbing,randomized_smoothing,Base,65,66,0,415,19,0.962,1.0,0.7764705882352941,0.8741721854304636,0.888235294117647
primary_46_SilentProbing_randomized_smoothing_Base,46,SilentProbing,randomized_smoothing,Base,66,69,0,415,16,0.968,1.0,0.8117647058823529,0.8961038961038961,0.9058823529411765
primary_46_SilentProbing_randomized_smoothing_Base,46,SilentProbing,randomized_smoothing,Base,67,70,0,415,15,0.97,1.0,0.8235294117647058,0.9032258064516129,0.9117647058823529
primary_46_SilentProbing_randomized_smoothing_Base,46,SilentProbing,randomized_smoothing,Base,68,68,0,415,17,0.966,1.0,0.8,0.888888888888889,0.9
primary_46_SilentProbing_randomized_smoothing_Base,46,SilentProbing,randomized_smoothing,Base,69,68,1,414,17,0.964,0.9855072463768116,0.8,0.8831168831168831,0.8987951807228916
primary_46_SilentProbing_randomized_smoothing_Base,46,SilentProbing,randomized_smoothing,Base,70,68,0,415,17,0.966,1.0,0.8,0.888888888888889,0.9
primary_46_SilentProbing_randomized_smoothing_Base,46,SilentProbing,randomized_smoothing,Base,71,70,0,415,15,0.97,1.0,0.8235294117647058,0.9032258064516129,0.9117647058823529
primary_46_SilentProbing_randomized_smoothing_Base,46,SilentProbing,randomized_smoothing,Base,72,69,0,415,16,0.968,1.0,0.8117647058823529,0.8961038961038961,0.9058823529411765
primary_46_SilentProbing_randomized_smoothing_Base,46,SilentProbing,randomized_smoothing,Base,73,67,0,415,18,0.964,1.0,0.788235294117647,0.8815789473684211,0.8941176470588235
primary_46_SilentProbing_randomized_smoothing_Base,46,SilentProbing,randomized_smoothing,Base,74,77,0,415,8,0.984,1.0,0.9058823529411765,0.9506172839506173,0.9529411764705882
primary_46_SilentProbing_randomized_smoothing_Base,46,SilentProbing,randomized_smoothing,Base,75,70,0,415,15,0.97,1.0,0.8235294117647058,0.9032258064516129,0.9117647058823529
primary_46_SilentProbing_randomized_smoothing_Base,46,SilentProbing,randomized_smoothing,Base,76,71,0,415,14,0.972,1.0,0.8352941176470589,0.9102564102564102,0.9176470588235295
primary_46_SilentProbing_randomized_smoothing_Base,46,SilentProbing,randomized_smoothing,Base,77,71,0,415,14,0.972,1.0,0.8352941176470589,0.9102564102564102,0.9176470588235295
primary_46_SilentProbing_randomized_smoothing_Base,46,SilentProbing,randomized_smoothing,Base,78,72,0,415,13,0.974,1.0,0.8470588235294118,0.9171974522292993,0.9235294117647059
primary_46_SilentProbing_randomized_smoothing_Base,46,SilentProbing,randomized_smoothing,Base,79,67,0,415,18,0.964,1.0,0.788235294117647,0.8815789473684211,0.8941176470588235
primary_46_SilentProbing_randomized_smoothing_Base,46,SilentProbing,randomized_smoothing,Base,80,66,0,415,19,0.962,1.0,0.7764705882352941,0.8741721854304636,0.888235294117647
primary_46_SilentProbing_randomized_smoothing_Base,46,SilentProbing,randomized_smoothing,Base,81,69,0,415,16,0.968,1.0,0.8117647058823529,0.8961038961038961,0.9058823529411765
primary_46_SilentProbing_randomized_smoothing_Base,46,SilentProbing,randomized_smoothing,Base,82,70,0,415,15,0.97,1.0,0.8235294117647058,0.9032258064516129,0.9117647058823529
primary_46_SilentProbing_randomized_smoothing_Base,46,SilentProbing,randomized_smoothing,Base,83,63,0,415,22,0.956,1.0,0.7411764705882353,0.8513513513513514,0.8705882352941177
primary_46_SilentProbing_randomized_smoothing_Base,46,SilentProbing,randomized_smoothing,Base,84,71,0,415,14,0.972,1.0,0.8352941176470589,0.9102564102564102,0.9176470588235295
primary_46_SilentProbing_randomized_smoothing_Base,46,SilentProbing,randomized_smoothing,Base,85,68,0,415,17,0.966,1.0,0.8,0.888888888888889,0.9
primary_46_SilentProbing_randomized_smoothing_Base,46,SilentProbing,randomized_smoothing,Base,86,69,1,414,16,0.966,0.9857142857142858,0.8117647058823529,0.8903225806451613,0.904677533664068
primary_46_SilentProbing_randomized_smoothing_Base,46,SilentProbing,randomized_smoothing,Base,87,63,0,415,22,0.956,1.0,0.7411764705882353,0.8513513513513514,0.8705882352941177
primary_46_SilentProbing_randomized_smoothing_Base,46,SilentProbing,randomized_smoothing,Base,88,64,0,415,21,0.958,1.0,0.7529411764705882,0.8590604026845637,0.8764705882352941
primary_46_SilentProbing_randomized_smoothing_Base,46,SilentProbing,randomized_smoothing,Base,89,71,0,415,14,0.972,1.0,0.8352941176470589,0.9102564102564102,0.9176470588235295
primary_46_SilentProbing_randomized_smoothing_Base,46,SilentProbing,randomized_smoothing,Base,90,67,0,415,18,0.964,1.0,0.788235294117647,0.8815789473684211,0.8941176470588235
primary_46_SilentProbing_randomized_smoothing_Base,46,SilentProbing,randomized_smoothing,Base,91,66,0,415,19,0.962,1.0,0.7764705882352941,0.8741721854304636,0.888235294117647
primary_46_SilentProbing_randomized_smoothing_Base,46,SilentProbing,randomized_smoothing,Base,92,64,0,415,21,0.958,1.0,0.7529411764705882,0.8590604026845637,0.8764705882352941
primary_46_SilentProbing_randomized_smoothing_Base,46,SilentProbing,randomized_smoothing,Base,93,70,0,415,15,0.97,1.0,0.8235294117647058,0.9032258064516129,0.9117647058823529
primary_46_SilentProbing_randomized_smoothing_Base,46,SilentProbing,randomized_smoothing,Base,94,65,0,415,20,0.96,1.0,0.7647058823529411,0.8666666666666666,0.8823529411764706
primary_46_SilentProbing_randomized_smoothing_Base,46,SilentProbing,randomized_smoothing,Base,95,71,0,415,14,0.972,1.0,0.8352941176470589,0.9102564102564102,0.9176470588235295
primary_46_SilentProbing_randomized_smoothing_Base,46,SilentProbing,randomized_smoothing,Base,96,66,0,415,19,0.962,1.0,0.7764705882352941,0.8741721854304636,0.888235294117647
primary_46_SilentProbing_randomized_smoothing_Base,46,SilentProbing,randomized_smoothing,Base,97,64,0,415,21,0.958,1.0,0.7529411764705882,0.8590604026845637,0.8764705882352941
primary_46_SilentProbing_randomized_smoothing_Base,46,SilentProbing,randomized_smoothing,Base,98,72,0,415,13,0.974,1.0,0.8470588235294118,0.9171974522292993,0.9235294117647059
primary_46_SilentProbing_randomized_smoothing_Base,46,SilentProbing,randomized_smoothing,Base,99,62,0,415,23,0.954,1.0,0.7294117647058823,0.8435374149659863,0.8647058823529412
primary_46_SilentProbing_randomized_smoothing_Base,46,SilentProbing,randomized_smoothing,Base,100,74,0,415,11,0.978,1.0,0.8705882352941177,0.9308176100628931,0.9352941176470588
primary_46_SilentProbing_randomized_smoothing_Base,46,SilentProbing,randomized_smoothing,Base,101,67,0,415,18,0.964,1.0,0.788235294117647,0.8815789473684211,0.8941176470588235
primary_46_SilentProbing_randomized_smoothing_Base,46,SilentProbing,randomized_smoothing,Base,102,71,0,415,14,0.972,1.0,0.8352941176470589,0.9102564102564102,0.9176470588235295
primary_46_SilentProbing_randomized_smoothing_Base,46,SilentProbing,randomized_smoothing,Base,103,74,0,415,11,0.978,1.0,0.8705882352941177,0.9308176100628931,0.9352941176470588
primary_46_SilentProbing_randomized_smoothing_Base,46,SilentProbing,randomized_smoothing,Base,104,72,0,415,13,0.974,1.0,0.8470588235294118,0.9171974522292993,0.9235294117647059
primary_46_SilentProbing_randomized_smoothing_Base,46,SilentProbing,randomized_smoothing,Base,105,74,0,415,11,0.978,1.0,0.8705882352941177,0.9308176100628931,0.9352941176470588
primary_46_SilentProbing_randomized_smoothing_Base,46,SilentProbing,randomized_smoothing,Base,106,68,0,415,17,0.966,1.0,0.8,0.888888888888889,0.9
primary_46_SilentProbing_randomized_smoothing_Base,46,SilentProbing,randomized_smoothing,Base,107,65,0,415,20,0.96,1.0,0.7647058823529411,0.8666666666666666,0.8823529411764706
primary_46_SilentProbing_randomized_smoothing_Base,46,SilentProbing,randomized_smoothing,Base,108,71,0,415,14,0.972,1.0,0.8352941176470589,0.9102564102564102,0.9176470588235295
primary_46_SilentProbing_randomized_smoothing_Base,46,SilentProbing,randomized_smoothing,Base,109,65,0,415,20,0.96,1.0,0.7647058823529411,0.8666666666666666,0.8823529411764706
primary_46_SilentProbing_randomized_smoothing_Base,46,SilentProbing,randomized_smoothing,Base,110,65,1,414,20,0.958,0.9848484848484849,0.7647058823529411,0.8609271523178808,0.8811481218993622
primary_46_SilentProbing_randomized_smoothing_Base,46,SilentProbing,randomized_smoothing,Base,111,71,0,415,14,0.972,1.0,0.8352941176470589,0.9102564102564102,0.9176470588235295
primary_46_SilentProbing_randomized_smoothing_Base,46,SilentProbing,randomized_smoothing,Base,112,73,0,415,12,0.976,1.0,0.8588235294117647,0.9240506329113923,0.9294117647058824
primary_46_SilentProbing_randomized_smoothing_Base,46,SilentProbing,randomized_smoothing,Base,113,68,0,415,17,0.966,1.0,0.8,0.888888888888889,0.9
primary_46_SilentProbing_randomized_smoothing_Base,46,SilentProbing,randomized_smoothing,Base,114,66,0,415,19,0.962,1.0,0.7764705882352941,0.8741721854304636,0.888235294117647
primary_46_SilentProbing_randomized_smoothing_Base,46,SilentProbing,randomized_smoothing,Base,115,67,0,415,18,0.964,1.0,0.788235294117647,0.8815789473684211,0.8941176470588235
primary_46_SilentProbing_randomized_smoothing_Base,46,SilentProbing,randomized_smoothing,Base,116,60,0,415,25,0.95,1.0,0.7058823529411765,0.8275862068965517,0.8529411764705883
primary_46_SilentProbing_randomized_smoothing_Base,46,SilentProbing,randomized_smoothing,Base,117,69,0,415,16,0.968,1.0,0.8117647058823529,0.8961038961038961,0.9058823529411765
primary_46_SilentProbing_randomized_smoothing_Base,46,SilentProbing,randomized_smoothing,Base,118,71,0,415,14,0.972,1.0,0.8352941176470589,0.9102564102564102,0.9176470588235295
primary_46_SilentProbing_randomized_smoothing_Base,46,SilentProbing,randomized_smoothing,Base,119,71,0,415,14,0.972,1.0,0.8352941176470589,0.9102564102564102,0.9176470588235295
primary_46_SilentProbing_randomized_smoothing_Base,46,SilentProbing,randomized_smoothing,Base,120,76,0,415,9,0.982,1.0,0.8941176470588236,0.9440993788819877,0.9470588235294117
primary_46_SilentProbing_randomized_smoothing_Base,46,SilentProbing,randomized_smoothing,Base,121,71,0,415,14,0.972,1.0,0.8352941176470589,0.9102564102564102,0.9176470588235295
primary_46_SilentProbing_randomized_smoothing_Base,46,SilentProbing,randomized_smoothing,Base,122,72,0,415,13,0.974,1.0,0.8470588235294118,0.9171974522292993,0.9235294117647059
primary_46_SilentProbing_randomized_smoothing_Base,46,SilentProbing,randomized_smoothing,Base,123,70,0,415,15,0.97,1.0,0.8235294117647058,0.9032258064516129,0.9117647058823529
primary_46_SilentProbing_randomized_smoothing_Base,46,SilentProbing,randomized_smoothing,Base,124,66,0,415,19,0.962,1.0,0.7764705882352941,0.8741721854304636,0.888235294117647
primary_46_SilentProbing_randomized_smoothing_Base,46,SilentProbing,randomized_smoothing,Base,125,71,0,415,14,0.972,1.0,0.8352941176470589,0.9102564102564102,0.9176470588235295
primary_46_SilentProbing_randomized_smoothing_Base,46,SilentProbing,randomized_smoothing,Base,126,75,0,415,10,0.98,1.0,0.8823529411764706,0.9375,0.9411764705882353
primary_46_SilentProbing_randomized_smoothing_Base,46,SilentProbing,randomized_smoothing,Base,127,63,0,415,22,0.956,1.0,0.7411764705882353,0.8513513513513514,0.8705882352941177
primary_46_SilentProbing_randomized_smoothing_Base,46,SilentProbing,randomized_smoothing,Base,128,72,0,415,13,0.974,1.0,0.8470588235294118,0.9171974522292993,0.9235294117647059
primary_46_SilentProbing_randomized_smoothing_Base,46,SilentProbing,randomized_smoothing,Base,129,69,0,415,16,0.968,1.0,0.8117647058823529,0.8961038961038961,0.9058823529411765
primary_46_SilentProbing_randomized_smoothing_Base,46,SilentProbing,randomized_smoothing,Base,130,76,0,415,9,0.982,1.0,0.8941176470588236,0.9440993788819877,0.9470588235294117
primary_46_SilentProbing_randomized_smoothing_Base,46,SilentProbing,randomized_smoothing,Base,131,64,0,415,21,0.958,1.0,0.7529411764705882,0.8590604026845637,0.8764705882352941
primary_46_SilentProbing_randomized_smoothing_Base,46,SilentProbing,randomized_smoothing,Base,132,65,0,415,20,0.96,1.0,0.7647058823529411,0.8666666666666666,0.8823529411764706
primary_46_SilentProbing_randomized_smoothing_Base,46,SilentProbing,randomized_smoothing,Base,133,69,0,415,16,0.968,1.0,0.8117647058823529,0.8961038961038961,0.9058823529411765
primary_46_SilentProbing_randomized_smoothing_Base,46,SilentProbing,randomized_smoothing,Base,134,63,0,415,22,0.956,1.0,0.7411764705882353,0.8513513513513514,0.8705882352941177
primary_46_SilentProbing_randomized_smoothing_Base,46,SilentProbing,randomized_smoothing,Base,135,71,0,415,14,0.972,1.0,0.8352941176470589,0.9102564102564102,0.9176470588235295
primary_46_SilentProbing_randomized_smoothing_Base,46,SilentProbing,randomized_smoothing,Base,136,71,0,415,14,0.972,1.0,0.8352941176470589,0.9102564102564102,0.9176470588235295
primary_46_SilentProbing_randomized_smoothing_Base,46,SilentProbing,randomized_smoothing,Base,137,71,0,415,14,0.972,1.0,0.8352941176470589,0.9102564102564102,0.9176470588235295
primary_46_SilentProbing_randomized_smoothing_Base,46,SilentProbing,randomized_smoothing,Base,138,70,0,415,15,0.97,1.0,0.8235294117647058,0.9032258064516129,0.9117647058823529
primary_46_SilentProbing_randomized_smoothing_Base,46,SilentProbing,randomized_smoothing,Base,139,68,0,415,17,0.966,1.0,0.8,0.888888888888889,0.9
primary_46_SilentProbing_randomized_smoothing_Base,46,SilentProbing,randomized_smoothing,Base,140,69,0,415,16,0.968,1.0,0.8117647058823529,0.8961038961038961,0.9058823529411765
primary_46_SilentProbing_randomized_smoothing_Base,46,SilentProbing,randomized_smoothing,Base,141,69,0,415,16,0.968,1.0,0.8117647058823529,0.8961038961038961,0.9058823529411765
primary_46_SilentProbing_randomized_smoothing_Base,46,SilentProbing,randomized_smoothing,Base,142,68,0,415,17,0.966,1.0,0.8,0.888888888888889,0.9
primary_46_SilentProbing_randomized_smoothing_Base,46,SilentProbing,randomized_smoothing,Base,143,73,0,415,12,0.976,1.0,0.8588235294117647,0.9240506329113923,0.9294117647058824
primary_46_SilentProbing_randomized_smoothing_C1,46,SilentProbing,randomized_smoothing,C1,0,70,0,414,16,0.968,1.0,0.813953488372093,0.8974358974358974,0.9069767441860466
primary_46_SilentProbing_randomized_smoothing_C1,46,SilentProbing,randomized_smoothing,C1,1,71,0,414,15,0.97,1.0,0.8255813953488372,0.9044585987261146,0.9127906976744187
primary_46_SilentProbing_randomized_smoothing_C1,46,SilentProbing,randomized_smoothing,C1,2,80,1,413,6,0.986,0.9876543209876543,0.9302325581395349,0.9580838323353293,0.9639085496011683
primary_46_SilentProbing_randomized_smoothing_C1,46,SilentProbing,randomized_smoothing,C1,3,77,0,414,9,0.982,1.0,0.8953488372093024,0.9447852760736196,0.9476744186046512
primary_46_SilentProbing_randomized_smoothing_C1,46,SilentProbing,randomized_smoothing,C1,4,80,0,414,6,0.988,1.0,0.9302325581395349,0.963855421686747,0.9651162790697674
primary_46_SilentProbing_randomized_smoothing_C1,46,SilentProbing,randomized_smoothing,C1,5,81,0,414,5,0.99,1.0,0.9418604651162791,0.970059880239521,0.9709302325581395
primary_46_SilentProbing_randomized_smoothing_C1,46,SilentProbing,randomized_smoothing,C1,6,78,0,414,8,0.984,1.0,0.9069767441860465,0.951219512195122,0.9534883720930232
primary_46_SilentProbing_randomized_smoothing_C1,46,SilentProbing,randomized_smoothing,C1,7,78,0,414,8,0.984,1.0,0.9069767441860465,0.951219512195122,0.9534883720930232
primary_46_SilentProbing_randomized_smoothing_C1,46,SilentProbing,randomized_smoothing,C1,8,79,0,414,7,0.986,1.0,0.9186046511627907,0.9575757575757576,0.9593023255813953
primary_46_SilentProbing_randomized_smoothing_C1,46,SilentProbing,randomized_smoothing,C1,9,83,0,414,3,0.994,1.0,0.9651162790697675,0.9822485207100593,0.9825581395348837
primary_46_SilentProbing_randomized_smoothing_C1,46,SilentProbing,randomized_smoothing,C1,10,81,1,413,5,0.988,0.9878048780487805,0.9418604651162791,0.9642857142857143,0.9697225030895404
primary_46_SilentProbing_randomized_smoothing_C1,46,SilentProbing,randomized_smoothing,C1,11,80,0,414,6,0.988,1.0,0.9302325581395349,0.963855421686747,0.9651162790697674
primary_46_SilentProbing_randomized_smoothing_C1,46,SilentProbing,randomized_smoothing,C1,12,83,0,414,3,0.994,1.0,0.9651162790697675,0.9822485207100593,0.9825581395348837
primary_46_SilentProbing_randomized_smoothing_C1,46,SilentProbing,randomized_smoothing,C1,13,84,0,414,2,0.996,1.0,0.9767441860465116,0.988235294117647,0.9883720930232558
primary_46_SilentProbing_randomized_smoothing_C1,46,SilentProbing,randomized_smoothing,C1,14,83,1,413,3,0.992,0.9880952380952381,0.9651162790697675,0.9764705882352942,0.9813504100662847
primary_46_SilentProbing_randomized_smoothing_C1,46,SilentProbing,randomized_smoothing,C1,15,83,0,414,3,0.994,1.0,0.9651162790697675,0.9822485207100593,0.9825581395348837
primary_46_SilentProbing_randomized_smoothing_C1,46,SilentProbing,randomized_smoothing,C1,16,78,1,413,8,0.982,0.9873417721518988,0.9069767441860465,0.9454545454545454,0.9522806426244241
primary_46_SilentProbing_randomized_smoothing_C1,46,SilentProbing,randomized_smoothing,C1,17,83,0,415,2,0.996,1.0,0.9764705882352941,0.988095238095238,0.9882352941176471
primary_46_SilentProbing_randomized_smoothing_C1,46,SilentProbing,randomized_smoothing,C1,18,80,0,415,5,0.99,1.0,0.9411764705882353,0.9696969696969697,0.9705882352941176
primary_46_SilentProbing_randomized_smoothing_C1,46,SilentProbing,randomized_smoothing,C1,19,82,0,415,3,0.994,1.0,0.9647058823529412,0.9820359281437125,0.9823529411764707
primary_46_SilentProbing_randomized_smoothing_C1,46,SilentProbing,randomized_smoothing,C1,20,74,0,415,11,0.978,1.0,0.8705882352941177,0.9308176100628931,0.9352941176470588
primary_46_SilentProbing_randomized_smoothing_C1,46,SilentProbing,randomized_smoothing,C1,21,76,1,414,9,0.98,0.987012987012987,0.8941176470588236,0.9382716049382716,0.9458540042523034
primary_46_SilentProbing_randomized_smoothing_C1,46,SilentProbing,randomized_smoothing,C1,22,77,0,415,8,0.984,1.0,0.9058823529411765,0.9506172839506173,0.9529411764705882
primary_46_SilentProbing_randomized_smoothing_C1,46,SilentProbing,randomized_smoothing,C1,23,81,0,415,4,0.992,1.0,0.9529411764705882,0.9759036144578312,0.9764705882352941
primary_46_SilentProbing_randomized_smoothing_C1,46,SilentProbing,randomized_smoothing,C1,24,80,0,415,5,0.99,1.0,0.9411764705882353,0.9696969696969697,0.9705882352941176
primary_46_SilentProbing_randomized_smoothing_C1,46,SilentProbing,randomized_smoothing,C1,25,77,0,415,8,0.984,1.0,0.9058823529411765,0.9506172839506173,0.9529411764705882
primary_46_SilentProbing_randomized_smoothing_C1,46,SilentProbing,randomized_smoothing,C1,26,77,0,415,8,0.984,1.0,0.9058823529411765,0.9506172839506173,0.9529411764705882
primary_46_SilentProbing_randomized_smoothing_C1,46,SilentProbing,randomized_smoothing,C1,27,77,0,415,8,0.984,1.0,0.9058823529411765,0.9506172839506173,0.9529411764705882
primary_46_SilentProbing_randomized_smoothing_C1,46,SilentProbing,randomized_smoothing,C1,28,79,0,415,6,0.988,1.0,0.9294117647058824,0.9634146341463414,0.9647058823529412
primary_46_SilentProbing_randomized_smoothing_C1,46,SilentProbing,randomized_smoothing,C1,29,80,0,415,5,0.99,1.0,0.9411764705882353,0.9696969696969697,0.9705882352941176
primary_46_SilentProbing_randomized_smoothing_C1,46,SilentProbing,randomized_smoothing,C1,30,79,0,415,6,0.988,1.0,0.9294117647058824,0.9634146341463414,0.9647058823529412
primary_46_SilentProbing_randomized_smoothing_C1,46,SilentProbing,randomized_smoothing,C1,31,78,0,415,7,0.986,1.0,0.9176470588235294,0.9570552147239264,0.9588235294117646
primary_46_SilentProbing_randomized_smoothing_C1,46,SilentProbing,randomized_smoothing,C1,32,80,0,415,5,0.99,1.0,0.9411764705882353,0.9696969696969697,0.9705882352941176
primary_46_SilentProbing_randomized_smoothing_C1,46,SilentProbing,randomized_smoothing,C1,33,81,0,415,4,0.992,1.0,0.9529411764705882,0.9759036144578312,0.9764705882352941
primary_46_SilentProbing_randomized_smoothing_C1,46,SilentProbing,randomized_smoothing,C1,34,79,1,414,6,0.986,0.9875,0.9294117647058824,0.9575757575757576,0.9635010630758327
primary_46_SilentProbing_randomized_smoothing_C1,46,SilentProbing,randomized_smoothing,C1,35,75,0,415,10,0.98,1.0,0.8823529411764706,0.9375,0.9411764705882353
primary_46_SilentProbing_randomized_smoothing_C1,46,SilentProbing,randomized_smoothing,C1,36,79,0,415,6,0.988,1.0,0.9294117647058824,0.9634146341463414,0.9647058823529412
primary_46_SilentProbing_randomized_smoothing_C1,46,SilentProbing,randomized_smoothing,C1,37,81,1,414,4,0.99,0.9878048780487805,0.9529411764705882,0.9700598802395209,0.9752657689581856
primary_46_SilentProbing_randomized_smoothing_C1,46,SilentProbing,randomized_smoothing,C1,38,81,0,415,4,0.992,1.0,0.9529411764705882,0.9759036144578312,0.9764705882352941
primary_46_SilentProbing_randomized_smoothing_C1,46,SilentProbing,randomized_smoothing,C1,39,81,0,415,4,0.992,1.0,0.9529411764705882,0.9759036144578312,0.9764705882352941
primary_46_SilentProbing_randomized_smoothing_C1,46,SilentProbing,randomized_smoothing,C1,40,82,0,415,3,0.994,1.0,0.9647058823529412,0.9820359281437125,0.9823529411764707
primary_46_SilentProbing_randomized_smoothing_C1,46,SilentProbing,randomized_smoothing,C1,41,82,0,415,3,0.994,1.0,0.9647058823529412,0.9820359281437125,0.9823529411764707
primary_46_SilentProbing_randomized_smoothing_C1,46,SilentProbing,randomized_smoothing,C1,42,81,0,415,4,0.992,1.0,0.9529411764705882,0.9759036144578312,0.9764705882352941
primary_46_SilentProbing_randomized_smoothing_C1,46,SilentProbing,randomized_smoothing,C1,43,78,1,414,7,0.984,0.9873417721518988,0.9176470588235294,0.9512195121951219,0.9576187101346563
primary_46_SilentProbing_randomized_smoothing_C1,46,SilentProbing,randomized_smoothing,C1,44,79,0,415,6,0.988,1.0,0.9294117647058824,0.9634146341463414,0.9647058823529412
primary_46_SilentProbing_randomized_smoothing_C1,46,SilentProbing,randomized_smoothing,C1,45,81,0,415,4,0.992,1.0,0.9529411764705882,0.9759036144578312,0.9764705882352941
primary_46_SilentProbing_randomized_smoothing_C1,46,SilentProbing,randomized_smoothing,C1,46,81,1,414,4,0.99,0.9878048780487805,0.9529411764705882,0.9700598802395209,0.9752657689581856
primary_46_SilentProbing_randomized_smoothing_C1,46,SilentProbing,randomized_smoothing,C1,47,76,0,415,9,0.982,1.0,0.8941176470588236,0.9440993788819877,0.9470588235294117
primary_46_SilentProbing_randomized_smoothing_C1,46,SilentProbing,randomized_smoothing,C1,48,81,0,415,4,0.992,1.0,0.9529411764705882,0.9759036144578312,0.9764705882352941
primary_46_SilentProbing_randomized_smoothing_C1,46,SilentProbing,randomized_smoothing,C1,49,77,0,415,8,0.984,1.0,0.9058823529411765,0.9506172839506173,0.9529411764705882
primary_46_SilentProbing_randomized_smoothing_C1,46,SilentProbing,randomized_smoothing,C1,50,81,0,415,4,0.992,1.0,0.9529411764705882,0.9759036144578312,0.9764705882352941
primary_46_SilentProbing_randomized_smoothing_C1,46,SilentProbing,randomized_smoothing,C1,51,80,1,414,5,0.988,0.9876543209876543,0.9411764705882353,0.963855421686747,0.9693834160170092
primary_46_SilentProbing_randomized_smoothing_C1,46,SilentProbing,randomized_smoothing,C1,52,80,0,415,5,0.99,1.0,0.9411764705882353,0.9696969696969697,0.9705882352941176
primary_46_SilentProbing_randomized_smoothing_C1,46,SilentProbing,randomized_smoothing,C1,53,77,1,414,8,0.982,0.9871794871794872,0.9058823529411765,0.9447852760736197,0.9517363571934798
primary_46_SilentProbing_randomized_smoothing_C1,46,SilentProbing,randomized_smoothing,C1,54,82,0,415,3,0.994,1.0,0.9647058823529412,0.9820359281437125,0.9823529411764707
primary_46_SilentProbing_randomized_smoothing_C1,46,SilentProbing,randomized_smoothing,C1,55,78,0,415,7,0.986,1.0,0.9176470588235294,0.9570552147239264,0.9588235294117646
primary_46_SilentProbing_randomized_smoothing_C1,46,SilentProbing,randomized_smoothing,C1,56,78,0,415,7,0.986,1.0,0.9176470588235294,0.9570552147239264,0.9588235294117646
primary_46_SilentProbing_randomized_smoothing_C1,46,SilentProbing,randomized_smoothing,C1,57,81,0,415,4,0.992,1.0,0.9529411764705882,0.9759036144578312,0.9764705882352941
primary_46_SilentProbing_randomized_smoothing_C1,46,SilentProbing,randomized_smoothing,C1,58,82,2,413,3,0.99,0.9761904761904762,0.9647058823529412,0.9704142011834319,0.9799433026222537
primary_46_SilentProbing_randomized_smoothing_C1,46,SilentProbing,randomized_smoothing,C1,59,78,0,415,7,0.986,1.0,0.9176470588235294,0.9570552147239264,0.9588235294117646
primary_46_SilentProbing_randomized_smoothing_C1,46,SilentProbing,randomized_smoothing,C1,60,81,0,415,4,0.992,1.0,0.9529411764705882,0.9759036144578312,0.9764705882352941
primary_46_SilentProbing_randomized_smoothing_C1,46,SilentProbing,randomized_smoothing,C1,61,78,0,415,7,0.986,1.0,0.9176470588235294,0.9570552147239264,0.9588235294117646
primary_46_SilentProbing_randomized_smoothing_C1,46,SilentProbing,randomized_smoothing,C1,62,81,0,415,4,0.992,1.0,0.9529411764705882,0.9759036144578312,0.9764705882352941
primary_46_SilentProbing_randomized_smoothing_C1,46,SilentProbing,randomized_smoothing,C1,63,77,0,415,8,0.984,1.0,0.9058823529411765,0.9506172839506173,0.9529411764705882
primary_46_SilentProbing_randomized_smoothing_C1,46,SilentProbing,randomized_smoothing,C1,64,77,0,415,8,0.984,1.0,0.9058823529411765,0.9506172839506173,0.9529411764705882
primary_46_SilentProbing_randomized_smoothing_C1,46,SilentProbing,randomized_smoothing,C1,65,78,0,415,7,0.986,1.0,0.9176470588235294,0.9570552147239264,0.9588235294117646
primary_46_SilentProbing_randomized_smoothing_C1,46,SilentProbing,randomized_smoothing,C1,66,80,0,415,5,0.99,1.0,0.9411764705882353,0.9696969696969697,0.9705882352941176
primary_46_SilentProbing_randomized_smoothing_C1,46,SilentProbing,randomized_smoothing,C1,67,81,0,415,4,0.992,1.0,0.9529411764705882,0.9759036144578312,0.9764705882352941
primary_46_SilentProbing_randomized_smoothing_C1,46,SilentProbing,randomized_smoothing,C1,68,79,0,415,6,0.988,1.0,0.9294117647058824,0.9634146341463414,0.9647058823529412
primary_46_SilentProbing_randomized_smoothing_C1,46,SilentProbing,randomized_smoothing,C1,69,80,2,413,5,0.986,0.975609756097561,0.9411764705882353,0.9580838323353293,0.9681785967399008
primary_46_SilentProbing_randomized_smoothing_C1,46,SilentProbing,randomized_smoothing,C1,70,82,0,415,3,0.994,1.0,0.9647058823529412,0.9820359281437125,0.9823529411764707
primary_46_SilentProbing_randomized_smoothing_C1,46,SilentProbing,randomized_smoothing,C1,71,77,0,415,8,0.984,1.0,0.9058823529411765,0.9506172839506173,0.9529411764705882
primary_46_SilentProbing_randomized_smoothing_C1,46,SilentProbing,randomized_smoothing,C1,72,78,0,415,7,0.986,1.0,0.9176470588235294,0.9570552147239264,0.9588235294117646
primary_46_SilentProbing_randomized_smoothing_C1,46,SilentProbing,randomized_smoothing,C1,73,77,1,414,8,0.982,0.9871794871794872,0.9058823529411765,0.9447852760736197,0.9517363571934798
primary_46_SilentProbing_randomized_smoothing_C1,46,SilentProbing,randomized_smoothing,C1,74,82,0,415,3,0.994,1.0,0.9647058823529412,0.9820359281437125,0.9823529411764707
primary_46_SilentProbing_randomized_smoothing_C1,46,SilentProbing,randomized_smoothing,C1,75,78,0,415,7,0.986,1.0,0.9176470588235294,0.9570552147239264,0.9588235294117646
primary_46_SilentProbing_randomized_smoothing_C1,46,SilentProbing,randomized_smoothing,C1,76,82,1,414,3,0.992,0.9879518072289156,0.9647058823529412,0.9761904761904762,0.9811481218993622
primary_46_SilentProbing_randomized_smoothing_C1,46,SilentProbing,randomized_smoothing,C1,77,80,0,415,5,0.99,1.0,0.9411764705882353,0.9696969696969697,0.9705882352941176
primary_46_SilentProbing_randomized_smoothing_C1,46,SilentProbing,randomized_smoothing,C1,78,83,0,415,2,0.996,1.0,0.9764705882352941,0.988095238095238,0.9882352941176471
primary_46_SilentProbing_randomized_smoothing_C1,46,SilentProbing,randomized_smoothing,C1,79,81,0,415,4,0.992,1.0,0.9529411764705882,0.9759036144578312,0.9764705882352941
primary_46_SilentProbing_randomized_smoothing_C1,46,SilentProbing,randomized_smoothing,C1,80,78,0,415,7,0.986,1.0,0.9176470588235294,0.9570552147239264,0.9588235294117646
primary_46_SilentProbing_randomized_smoothing_C1,46,SilentProbing,randomized_smoothing,C1,81,76,0,415,9,0.982,1.0,0.8941176470588236,0.9440993788819877,0.9470588235294117
primary_46_SilentProbing_randomized_smoothing_C1,46,SilentProbing,randomized_smoothing,C1,82,80,0,415,5,0.99,1.0,0.9411764705882353,0.9696969696969697,0.9705882352941176
primary_46_SilentProbing_randomized_smoothing_C1,46,SilentProbing,randomized_smoothing,C1,83,78,0,415,7,0.986,1.0,0.9176470588235294,0.9570552147239264,0.9588235294117646
primary_46_SilentProbing_randomized_smoothing_C1,46,SilentProbing,randomized_smoothing,C1,84,79,0,415,6,0.988,1.0,0.9294117647058824,0.9634146341463414,0.9647058823529412
primary_46_SilentProbing_randomized_smoothing_C1,46,SilentProbing,randomized_smoothing,C1,85,82,1,414,3,0.992,0.9879518072289156,0.9647058823529412,0.9761904761904762,0.9811481218993622
primary_46_SilentProbing_randomized_smoothing_C1,46,SilentProbing,randomized_smoothing,C1,86,76,2,413,9,0.978,0.9743589743589743,0.8941176470588236,0.9325153374233129,0.9446491849751949
primary_46_SilentProbing_randomized_smoothing_C1,46,SilentProbing,randomized_smoothing,C1,87,78,0,415,7,0.986,1.0,0.9176470588235294,0.9570552147239264,0.9588235294117646
primary_46_SilentProbing_randomized_smoothing_C1,46,SilentProbing,randomized_smoothing,C1,88,81,0,415,4,0.992,1.0,0.9529411764705882,0.9759036144578312,0.9764705882352941
primary_46_SilentProbing_randomized_smoothing_C1,46,SilentProbing,randomized_smoothing,C1,89,79,1,414,6,0.986,0.9875,0.9294117647058824,0.9575757575757576,0.9635010630758327
primary_46_SilentProbing_randomized_smoothing_C1,46,SilentProbing,randomized_smoothing,C1,90,82,1,414,3,0.992,0.9879518072289156,0.9647058823529412,0.9761904761904762,0.9811481218993622
primary_46_SilentProbing_randomized_smoothing_C1,46,SilentProbing,randomized_smoothing,C1,91,80,2,413,5,0.986,0.975609756097561,0.9411764705882353,0.9580838323353293,0.9681785967399008
primary_46_SilentProbing_randomized_smoothing_C1,46,SilentProbing,randomized_smoothing,C1,92,80,0,415,5,0.99,1.0,0.9411764705882353,0.9696969696969697,0.9705882352941176
primary_46_SilentProbing_randomized_smoothing_C1,46,SilentProbing,randomized_smoothing,C1,93,79,0,415,6,0.988,1.0,0.9294117647058824,0.9634146341463414,0.9647058823529412
primary_46_SilentProbing_randomized_smoothing_C1,46,SilentProbing,randomized_smoothing,C1,94,82,0,415,3,0.994,1.0,0.9647058823529412,0.9820359281437125,0.9823529411764707
primary_46_SilentProbing_randomized_smoothing_C1,46,SilentProbing,randomized_smoothing,C1,95,82,0,415,3,0.994,1.0,0.9647058823529412,0.9820359281437125,0.9823529411764707
primary_46_SilentProbing_randomized_smoothing_C1,46,SilentProbing,randomized_smoothing,C1,96,84,0,415,1,0.998,1.0,0.9882352941176471,0.9940828402366864,0.9941176470588236
primary_46_SilentProbing_randomized_smoothing_C1,46,SilentProbing,randomized_smoothing,C1,97,76,1,414,9,0.98,0.987012987012987,0.8941176470588236,0.9382716049382716,0.9458540042523034
primary_46_SilentProbing_randomized_smoothing_C1,46,SilentProbing,randomized_smoothing,C1,98,80,0,415,5,0.99,1.0,0.9411764705882353,0.9696969696969697,0.9705882352941176
primary_46_SilentProbing_randomized_smoothing_C1,46,SilentProbing,randomized_smoothing,C1,99,82,0,415,3,0.994,1.0,0.9647058823529412,0.9820359281437125,0.9823529411764707
primary_46_SilentProbing_randomized_smoothing_C1,46,SilentProbing,randomized_smoothing,C1,100,81,1,414,4,0.99,0.9878048780487805,0.9529411764705882,0.9700598802395209,0.9752657689581856
primary_46_SilentProbing_randomized_smoothing_C1,46,SilentProbing,randomized_smoothing,C1,101,81,0,415,4,0.992,1.0,0.9529411764705882,0.9759036144578312,0.9764705882352941
primary_46_SilentProbing_randomized_smoothing_C1,46,SilentProbing,randomized_smoothing,C1,102,82,0,415,3,0.994,1.0,0.9647058823529412,0.9820359281437125,0.9823529411764707
primary_46_SilentProbing_randomized_smoothing_C1,46,SilentProbing,randomized_smoothing,C1,103,81,0,415,4,0.992,1.0,0.9529411764705882,0.9759036144578312,0.9764705882352941
primary_46_SilentProbing_randomized_smoothing_C1,46,SilentProbing,randomized_smoothing,C1,104,82,0,415,3,0.994,1.0,0.9647058823529412,0.9820359281437125,0.9823529411764707
primary_46_SilentProbing_randomized_smoothing_C1,46,SilentProbing,randomized_smoothing,C1,105,82,0,415,3,0.994,1.0,0.9647058823529412,0.9820359281437125,0.9823529411764707
primary_46_SilentProbing_randomized_smoothing_C1,46,SilentProbing,randomized_smoothing,C1,106,79,0,415,6,0.988,1.0,0.9294117647058824,0.9634146341463414,0.9647058823529412
primary_46_SilentProbing_randomized_smoothing_C1,46,SilentProbing,randomized_smoothing,C1,107,79,0,415,6,0.988,1.0,0.9294117647058824,0.9634146341463414,0.9647058823529412
primary_46_SilentProbing_randomized_smoothing_C1,46,SilentProbing,randomized_smoothing,C1,108,81,0,415,4,0.992,1.0,0.9529411764705882,0.9759036144578312,0.9764705882352941
primary_46_SilentProbing_randomized_smoothing_C1,46,SilentProbing,randomized_smoothing,C1,109,78,0,415,7,0.986,1.0,0.9176470588235294,0.9570552147239264,0.9588235294117646
primary_46_SilentProbing_randomized_smoothing_C1,46,SilentProbing,randomized_smoothing,C1,110,78,1,414,7,0.984,0.9873417721518988,0.9176470588235294,0.9512195121951219,0.9576187101346563
primary_46_SilentProbing_randomized_smoothing_C1,46,SilentProbing,randomized_smoothing,C1,111,84,1,414,1,0.996,0.9882352941176471,0.9882352941176471,0.9882352941176471,0.9929128277817152
primary_46_SilentProbing_randomized_smoothing_C1,46,SilentProbing,randomized_smoothing,C1,112,81,1,414,4,0.99,0.9878048780487805,0.9529411764705882,0.9700598802395209,0.9752657689581856
primary_46_SilentProbing_randomized_smoothing_C1,46,SilentProbing,randomized_smoothing,C1,113,79,1,414,6,0.986,0.9875,0.9294117647058824,0.9575757575757576,0.9635010630758327
primary_46_SilentProbing_randomized_smoothing_C1,46,SilentProbing,randomized_smoothing,C1,114,80,0,415,5,0.99,1.0,0.9411764705882353,0.9696969696969697,0.9705882352941176
primary_46_SilentProbing_randomized_smoothing_C1,46,SilentProbing,randomized_smoothing,C1,115,78,0,415,7,0.986,1.0,0.9176470588235294,0.9570552147239264,0.9588235294117646
primary_46_SilentProbing_randomized_smoothing_C1,46,SilentProbing,randomized_smoothing,C1,116,78,1,414,7,0.984,0.9873417721518988,0.9176470588235294,0.9512195121951219,0.9576187101346563
primary_46_SilentProbing_randomized_smoothing_C1,46,SilentProbing,randomized_smoothing,C1,117,80,0,415,5,0.99,1.0,0.9411764705882353,0.9696969696969697,0.9705882352941176
primary_46_SilentProbing_randomized_smoothing_C1,46,SilentProbing,randomized_smoothing,C1,118,79,1,414,6,0.986,0.9875,0.9294117647058824,0.9575757575757576,0.9635010630758327
primary_46_SilentProbing_randomized_smoothing_C1,46,SilentProbing,randomized_smoothing,C1,119,80,0,415,5,0.99,1.0,0.9411764705882353,0.9696969696969697,0.9705882352941176
primary_46_SilentProbing_randomized_smoothing_C1,46,SilentProbing,randomized_smoothing,C1,120,82,0,415,3,0.994,1.0,0.9647058823529412,0.9820359281437125,0.9823529411764707
primary_46_SilentProbing_randomized_smoothing_C1,46,SilentProbing,randomized_smoothing,C1,121,81,0,415,4,0.992,1.0,0.9529411764705882,0.9759036144578312,0.9764705882352941
primary_46_SilentProbing_randomized_smoothing_C1,46,SilentProbing,randomized_smoothing,C1,122,80,0,415,5,0.99,1.0,0.9411764705882353,0.9696969696969697,0.9705882352941176
primary_46_SilentProbing_randomized_smoothing_C1,46,SilentProbing,randomized_smoothing,C1,123,76,0,415,9,0.982,1.0,0.8941176470588236,0.9440993788819877,0.9470588235294117
primary_46_SilentProbing_randomized_smoothing_C1,46,SilentProbing,randomized_smoothing,C1,124,80,1,414,5,0.988,0.9876543209876543,0.9411764705882353,0.963855421686747,0.9693834160170092
primary_46_SilentProbing_randomized_smoothing_C1,46,SilentProbing,randomized_smoothing,C1,125,82,2,413,3,0.99,0.9761904761904762,0.9647058823529412,0.9704142011834319,0.9799433026222537
primary_46_SilentProbing_randomized_smoothing_C1,46,SilentProbing,randomized_smoothing,C1,126,83,0,415,2,0.996,1.0,0.9764705882352941,0.988095238095238,0.9882352941176471
primary_46_SilentProbing_randomized_smoothing_C1,46,SilentProbing,randomized_smoothing,C1,127,77,0,415,8,0.984,1.0,0.9058823529411765,0.9506172839506173,0.9529411764705882
primary_46_SilentProbing_randomized_smoothing_C1,46,SilentProbing,randomized_smoothing,C1,128,83,0,415,2,0.996,1.0,0.9764705882352941,0.988095238095238,0.9882352941176471
primary_46_SilentProbing_randomized_smoothing_C1,46,SilentProbing,randomized_smoothing,C1,129,79,0,415,6,0.988,1.0,0.9294117647058824,0.9634146341463414,0.9647058823529412
primary_46_SilentProbing_randomized_smoothing_C1,46,SilentProbing,randomized_smoothing,C1,130,83,0,415,2,0.996,1.0,0.9764705882352941,0.988095238095238,0.9882352941176471
primary_46_SilentProbing_randomized_smoothing_C1,46,SilentProbing,randomized_smoothing,C1,131,80,1,414,5,0.988,0.9876543209876543,0.9411764705882353,0.963855421686747,0.9693834160170092
primary_46_SilentProbing_randomized_smoothing_C1,46,SilentProbing,randomized_smoothing,C1,132,78,0,415,7,0.986,1.0,0.9176470588235294,0.9570552147239264,0.9588235294117646
primary_46_SilentProbing_randomized_smoothing_C1,46,SilentProbing,randomized_smoothing,C1,133,81,1,414,4,0.99,0.9878048780487805,0.9529411764705882,0.9700598802395209,0.9752657689581856
primary_46_SilentProbing_randomized_smoothing_C1,46,SilentProbing,randomized_smoothing,C1,134,78,0,415,7,0.986,1.0,0.9176470588235294,0.9570552147239264,0.9588235294117646
primary_46_SilentProbing_randomized_smoothing_C1,46,SilentProbing,randomized_smoothing,C1,135,83,0,415,2,0.996,1.0,0.9764705882352941,0.988095238095238,0.9882352941176471
primary_46_SilentProbing_randomized_smoothing_C1,46,SilentProbing,randomized_smoothing,C1,136,82,0,415,3,0.994,1.0,0.9647058823529412,0.9820359281437125,0.9823529411764707
primary_46_SilentProbing_randomized_smoothing_C1,46,SilentProbing,randomized_smoothing,C1,137,79,2,413,6,0.984,0.9753086419753086,0.9294117647058824,0.9518072289156626,0.9622962437987244
primary_46_SilentProbing_randomized_smoothing_C1,46,SilentProbing,randomized_smoothing,C1,138,82,0,415,3,0.994,1.0,0.9647058823529412,0.9820359281437125,0.9823529411764707
primary_46_SilentProbing_randomized_smoothing_C1,46,SilentProbing,randomized_smoothing,C1,139,78,1,414,7,0.984,0.9873417721518988,0.9176470588235294,0.9512195121951219,0.9576187101346563
primary_46_SilentProbing_randomized_smoothing_C1,46,SilentProbing,randomized_smoothing,C1,140,79,0,415,6,0.988,1.0,0.9294117647058824,0.9634146341463414,0.9647058823529412
primary_46_SilentProbing_randomized_smoothing_C1,46,SilentProbing,randomized_smoothing,C1,141,78,0,415,7,0.986,1.0,0.9176470588235294,0.9570552147239264,0.9588235294117646
primary_46_SilentProbing_randomized_smoothing_C1,46,SilentProbing,randomized_smoothing,C1,142,84,0,415,1,0.998,1.0,0.9882352941176471,0.9940828402366864,0.9941176470588236
primary_46_SilentProbing_randomized_smoothing_C1,46,SilentProbing,randomized_smoothing,C1,143,81,0,415,4,0.992,1.0,0.9529411764705882,0.9759036144578312,0.9764705882352941
primary_46_SurrogateTransfer_afp_Base,46,SurrogateTransfer,afp,Base,0,71,0,414,15,0.97,1.0,0.8255813953488372,0.9044585987261146,0.9127906976744187
primary_46_SurrogateTransfer_afp_Base,46,SurrogateTransfer,afp,Base,1,65,0,414,21,0.958,1.0,0.7558139534883721,0.8609271523178808,0.877906976744186
primary_46_SurrogateTransfer_afp_Base,46,SurrogateTransfer,afp,Base,2,73,0,414,13,0.974,1.0,0.8488372093023255,0.9182389937106918,0.9244186046511628
primary_46_SurrogateTransfer_afp_Base,46,SurrogateTransfer,afp,Base,3,66,0,414,20,0.96,1.0,0.7674418604651163,0.868421052631579,0.8837209302325582
primary_46_SurrogateTransfer_afp_Base,46,SurrogateTransfer,afp,Base,4,71,0,414,15,0.97,1.0,0.8255813953488372,0.9044585987261146,0.9127906976744187
primary_46_SurrogateTransfer_afp_Base,46,SurrogateTransfer,afp,Base,5,72,0,414,14,0.972,1.0,0.8372093023255814,0.9113924050632911,0.9186046511627908
primary_46_SurrogateTransfer_afp_Base,46,SurrogateTransfer,afp,Base,6,72,0,414,14,0.972,1.0,0.8372093023255814,0.9113924050632911,0.9186046511627908
primary_46_SurrogateTransfer_afp_Base,46,SurrogateTransfer,afp,Base,7,68,0,414,18,0.964,1.0,0.7906976744186046,0.8831168831168831,0.8953488372093024
primary_46_SurrogateTransfer_afp_Base,46,SurrogateTransfer,afp,Base,8,66,0,414,20,0.96,1.0,0.7674418604651163,0.868421052631579,0.8837209302325582
primary_46_SurrogateTransfer_afp_Base,46,SurrogateTransfer,afp,Base,9,68,0,414,18,0.964,1.0,0.7906976744186046,0.8831168831168831,0.8953488372093024
primary_46_SurrogateTransfer_afp_Base,46,SurrogateTransfer,afp,Base,10,72,0,414,14,0.972,1.0,0.8372093023255814,0.9113924050632911,0.9186046511627908
primary_46_SurrogateTransfer_afp_Base,46,SurrogateTransfer,afp,Base,11,67,0,414,19,0.962,1.0,0.7790697674418605,0.8758169934640523,0.8895348837209303
primary_46_SurrogateTransfer_afp_Base,46,SurrogateTransfer,afp,Base,12,73,0,414,13,0.974,1.0,0.8488372093023255,0.9182389937106918,0.9244186046511628
primary_46_SurrogateTransfer_afp_Base,46,SurrogateTransfer,afp,Base,13,75,0,414,11,0.978,1.0,0.872093023255814,0.9316770186335404,0.936046511627907
primary_46_SurrogateTransfer_afp_Base,46,SurrogateTransfer,afp,Base,14,75,0,414,11,0.978,1.0,0.872093023255814,0.9316770186335404,0.936046511627907
primary_46_SurrogateTransfer_afp_Base,46,SurrogateTransfer,afp,Base,15,72,0,414,14,0.972,1.0,0.8372093023255814,0.9113924050632911,0.9186046511627908
primary_46_SurrogateTransfer_afp_Base,46,SurrogateTransfer,afp,Base,16,65,0,414,21,0.958,1.0,0.7558139534883721,0.8609271523178808,0.877906976744186
primary_46_SurrogateTransfer_afp_Base,46,SurrogateTransfer,afp,Base,17,76,0,415,9,0.982,1.0,0.8941176470588236,0.9440993788819877,0.9470588235294117
primary_46_SurrogateTransfer_afp_Base,46,SurrogateTransfer,afp,Base,18,65,0,415,20,0.96,1.0,0.7647058823529411,0.8666666666666666,0.8823529411764706
primary_46_SurrogateTransfer_afp_Base,46,SurrogateTransfer,afp,Base,19,69,0,415,16,0.968,1.0,0.8117647058823529,0.8961038961038961,0.9058823529411765
primary_46_SurrogateTransfer_afp_Base,46,SurrogateTransfer,afp,Base,20,65,0,415,20,0.96,1.0,0.7647058823529411,0.8666666666666666,0.8823529411764706
primary_46_SurrogateTransfer_afp_Base,46,SurrogateTransfer,afp,Base,21,65,0,415,20,0.96,1.0,0.7647058823529411,0.8666666666666666,0.8823529411764706
primary_46_SurrogateTransfer_afp_Base,46,SurrogateTransfer,afp,Base,22,69,0,415,16,0.968,1.0,0.8117647058823529,0.8961038961038961,0.9058823529411765
primary_46_SurrogateTransfer_afp_Base,46,SurrogateTransfer,afp,Base,23,71,0,415,14,0.972,1.0,0.8352941176470589,0.9102564102564102,0.9176470588235295
primary_46_SurrogateTransfer_afp_Base,46,SurrogateTransfer,afp,Base,24,71,0,415,14,0.972,1.0,0.8352941176470589,0.9102564102564102,0.9176470588235295
primary_46_SurrogateTransfer_afp_Base,46,SurrogateTransfer,afp,Base,25,72,0,415,13,0.974,1.0,0.8470588235294118,0.9171974522292993,0.9235294117647059
primary_46_SurrogateTransfer_afp_Base,46,SurrogateTransfer,afp,Base,26,63,0,415,22,0.956,1.0,0.7411764705882353,0.8513513513513514,0.8705882352941177
primary_46_SurrogateTransfer_afp_Base,46,SurrogateTransfer,afp,Base,27,65,0,415,20,0.96,1.0,0.7647058823529411,0.8666666666666666,0.8823529411764706
primary_46_SurrogateTransfer_afp_Base,46,SurrogateTransfer,afp,Base,28,72,0,415,13,0.974,1.0,0.8470588235294118,0.9171974522292993,0.9235294117647059
primary_46_SurrogateTransfer_afp_Base,46,SurrogateTransfer,afp,Base,29,66,0,415,19,0.962,1.0,0.7764705882352941,0.8741721854304636,0.888235294117647
primary_46_SurrogateTransfer_afp_Base,46,SurrogateTransfer,afp,Base,30,70,0,415,15,0.97,1.0,0.8235294117647058,0.9032258064516129,0.9117647058823529
primary_46_SurrogateTransfer_afp_Base,46,SurrogateTransfer,afp,Base,31,66,0,415,19,0.962,1.0,0.7764705882352941,0.8741721854304636,0.888235294117647
primary_46_SurrogateTransfer_afp_Base,46,SurrogateTransfer,afp,Base,32,68,0,415,17,0.966,1.0,0.8,0.888888888888889,0.9
primary_46_SurrogateTransfer_afp_Base,46,SurrogateTransfer,afp,Base,33,67,0,415,18,0.964,1.0,0.788235294117647,0.8815789473684211,0.8941176470588235
primary_46_SurrogateTransfer_afp_Base,46,SurrogateTransfer,afp,Base,34,66,0,415,19,0.962,1.0,0.7764705882352941,0.8741721854304636,0.888235294117647
primary_46_SurrogateTransfer_afp_Base,46,SurrogateTransfer,afp,Base,35,66,0,415,19,0.962,1.0,0.7764705882352941,0.8741721854304636,0.888235294117647
primary_46_SurrogateTransfer_afp_Base,46,SurrogateTransfer,afp,Base,36,66,0,415,19,0.962,1.0,0.7764705882352941,0.8741721854304636,0.888235294117647
primary_46_SurrogateTransfer_afp_Base,46,SurrogateTransfer,afp,Base,37,73,0,415,12,0.976,1.0,0.8588235294117647,0.9240506329113923,0.9294117647058824
primary_46_SurrogateTransfer_afp_Base,46,SurrogateTransfer,afp,Base,38,67,0,415,18,0.964,1.0,0.788235294117647,0.8815789473684211,0.8941176470588235
primary_46_SurrogateTransfer_afp_Base,46,SurrogateTransfer,afp,Base,39,66,0,415,19,0.962,1.0,0.7764705882352941,0.8741721854304636,0.888235294117647
primary_46_SurrogateTransfer_afp_Base,46,SurrogateTransfer,afp,Base,40,75,0,415,10,0.98,1.0,0.8823529411764706,0.9375,0.9411764705882353
primary_46_SurrogateTransfer_afp_Base,46,SurrogateTransfer,afp,Base,41,72,0,415,13,0.974,1.0,0.8470588235294118,0.9171974522292993,0.9235294117647059
primary_46_SurrogateTransfer_afp_Base,46,SurrogateTransfer,afp,Base,42,67,0,415,18,0.964,1.0,0.788235294117647,0.8815789473684211,0.8941176470588235
primary_46_SurrogateTransfer_afp_Base,46,SurrogateTransfer,afp,Base,43,64,0,415,21,0.958,1.0,0.7529411764705882,0.8590604026845637,0.8764705882352941
primary_46_SurrogateTransfer_afp_Base,46,SurrogateTransfer,afp,Base,44,64,0,415,21,0.958,1.0,0.7529411764705882,0.8590604026845637,0.8764705882352941
primary_46_SurrogateTransfer_afp_Base,46,SurrogateTransfer,afp,Base,45,73,0,415,12,0.976,1.0,0.8588235294117647,0.9240506329113923,0.9294117647058824
primary_46_SurrogateTransfer_afp_Base,46,SurrogateTransfer,afp,Base,46,74,0,415,11,0.978,1.0,0.8705882352941177,0.9308176100628931,0.9352941176470588
primary_46_SurrogateTransfer_afp_Base,46,SurrogateTransfer,afp,Base,47,68,0,415,17,0.966,1.0,0.8,0.888888888888889,0.9
primary_46_SurrogateTransfer_afp_Base,46,SurrogateTransfer,afp,Base,48,71,0,415,14,0.972,1.0,0.8352941176470589,0.9102564102564102,0.9176470588235295
primary_46_SurrogateTransfer_afp_Base,46,SurrogateTransfer,afp,Base,49,67,0,415,18,0.964,1.0,0.788235294117647,0.8815789473684211,0.8941176470588235
primary_46_SurrogateTransfer_afp_Base,46,SurrogateTransfer,afp,Base,50,69,0,415,16,0.968,1.0,0.8117647058823529,0.8961038961038961,0.9058823529411765
primary_46_SurrogateTransfer_afp_Base,46,SurrogateTransfer,afp,Base,51,73,0,415,12,0.976,1.0,0.8588235294117647,0.9240506329113923,0.9294117647058824
primary_46_SurrogateTransfer_afp_Base,46,SurrogateTransfer,afp,Base,52,69,0,415,16,0.968,1.0,0.8117647058823529,0.8961038961038961,0.9058823529411765
primary_46_SurrogateTransfer_afp_Base,46,SurrogateTransfer,afp,Base,53,60,0,415,25,0.95,1.0,0.7058823529411765,0.8275862068965517,0.8529411764705883
primary_46_SurrogateTransfer_afp_Base,46,SurrogateTransfer,afp,Base,54,68,0,415,17,0.966,1.0,0.8,0.888888888888889,0.9
primary_46_SurrogateTransfer_afp_Base,46,SurrogateTransfer,afp,Base,55,64,0,415,21,0.958,1.0,0.7529411764705882,0.8590604026845637,0.8764705882352941
primary_46_SurrogateTransfer_afp_Base,46,SurrogateTransfer,afp,Base,56,69,0,415,16,0.968,1.0,0.8117647058823529,0.8961038961038961,0.9058823529411765
primary_46_SurrogateTransfer_afp_Base,46,SurrogateTransfer,afp,Base,57,68,0,415,17,0.966,1.0,0.8,0.888888888888889,0.9
primary_46_SurrogateTransfer_afp_Base,46,SurrogateTransfer,afp,Base,58,70,1,414,15,0.968,0.9859154929577465,0.8235294117647058,0.8974358974358974,0.9105598866052445
primary_46_SurrogateTransfer_afp_Base,46,SurrogateTransfer,afp,Base,59,68,0,415,17,0.966,1.0,0.8,0.888888888888889,0.9
primary_46_SurrogateTransfer_afp_Base,46,SurrogateTransfer,afp,Base,60,65,0,415,20,0.96,1.0,0.7647058823529411,0.8666666666666666,0.8823529411764706
primary_46_SurrogateTransfer_afp_Base,46,SurrogateTransfer,afp,Base,61,67,0,415,18,0.964,1.0,0.788235294117647,0.8815789473684211,0.8941176470588235
primary_46_SurrogateTransfer_afp_Base,46,SurrogateTransfer,afp,Base,62,65,0,415,20,0.96,1.0,0.7647058823529411,0.8666666666666666,0.8823529411764706
primary_46_SurrogateTransfer_afp_Base,46,SurrogateTransfer,afp,Base,63,65,0,415,20,0.96,1.0,0.7647058823529411,0.8666666666666666,0.8823529411764706
primary_46_SurrogateTransfer_afp_Base,46,SurrogateTransfer,afp,Base,64,67,0,415,18,0.964,1.0,0.788235294117647,0.8815789473684211,0.8941176470588235
primary_46_SurrogateTransfer_afp_Base,46,SurrogateTransfer,afp,Base,65,64,0,415,21,0.958,1.0,0.7529411764705882,0.8590604026845637,0.8764705882352941
primary_46_SurrogateTransfer_afp_Base,46,SurrogateTransfer,afp,Base,66,68,0,415,17,0.966,1.0,0.8,0.888888888888889,0.9
primary_46_SurrogateTransfer_afp_Base,46,SurrogateTransfer,afp,Base,67,72,0,415,13,0.974,1.0,0.8470588235294118,0.9171974522292993,0.9235294117647059
primary_46_SurrogateTransfer_afp_Base,46,SurrogateTransfer,afp,Base,68,66,0,415,19,0.962,1.0,0.7764705882352941,0.8741721854304636,0.888235294117647
primary_46_SurrogateTransfer_afp_Base,46,SurrogateTransfer,afp,Base,69,65,1,414,20,0.958,0.9848484848484849,0.7647058823529411,0.8609271523178808,0.8811481218993622
primary_46_SurrogateTransfer_afp_Base,46,SurrogateTransfer,afp,Base,70,67,0,415,18,0.964,1.0,0.788235294117647,0.8815789473684211,0.8941176470588235
primary_46_SurrogateTransfer_afp_Base,46,SurrogateTransfer,afp,Base,71,68,0,415,17,0.966,1.0,0.8,0.888888888888889,0.9
primary_46_SurrogateTransfer_afp_Base,46,SurrogateTransfer,afp,Base,72,69,0,415,16,0.968,1.0,0.8117647058823529,0.8961038961038961,0.9058823529411765
primary_46_SurrogateTransfer_afp_Base,46,SurrogateTransfer,afp,Base,73,67,0,415,18,0.964,1.0,0.788235294117647,0.8815789473684211,0.8941176470588235
primary_46_SurrogateTransfer_afp_Base,46,SurrogateTransfer,afp,Base,74,79,0,415,6,0.988,1.0,0.9294117647058824,0.9634146341463414,0.9647058823529412
primary_46_SurrogateTransfer_afp_Base,46,SurrogateTransfer,afp,Base,75,68,0,415,17,0.966,1.0,0.8,0.888888888888889,0.9
primary_46_SurrogateTransfer_afp_Base,46,SurrogateTransfer,afp,Base,76,71,0,415,14,0.972,1.0,0.8352941176470589,0.9102564102564102,0.9176470588235295
primary_46_SurrogateTransfer_afp_Base,46,SurrogateTransfer,afp,Base,77,67,0,415,18,0.964,1.0,0.788235294117647,0.8815789473684211,0.8941176470588235
primary_46_SurrogateTransfer_afp_Base,46,SurrogateTransfer,afp,Base,78,70,0,415,15,0.97,1.0,0.8235294117647058,0.9032258064516129,0.9117647058823529
primary_46_SurrogateTransfer_afp_Base,46,SurrogateTransfer,afp,Base,79,67,0,415,18,0.964,1.0,0.788235294117647,0.8815789473684211,0.8941176470588235
primary_46_SurrogateTransfer_afp_Base,46,SurrogateTransfer,afp,Base,80,66,0,415,19,0.962,1.0,0.7764705882352941,0.8741721854304636,0.888235294117647
primary_46_SurrogateTransfer_afp_Base,46,SurrogateTransfer,afp,Base,81,63,0,415,22,0.956,1.0,0.7411764705882353,0.8513513513513514,0.8705882352941177
primary_46_SurrogateTransfer_afp_Base,46,SurrogateTransfer,afp,Base,82,71,0,415,14,0.972,1.0,0.8352941176470589,0.9102564102564102,0.9176470588235295
primary_46_SurrogateTransfer_afp_Base,46,SurrogateTransfer,afp,Base,83,65,0,415,20,0.96,1.0,0.7647058823529411,0.8666666666666666,0.8823529411764706
primary_46_SurrogateTransfer_afp_Base,46,SurrogateTransfer,afp,Base,84,68,0,415,17,0.966,1.0,0.8,0.888888888888889,0.9
primary_46_SurrogateTransfer_afp_Base,46,SurrogateTransfer,afp,Base,85,69,0,415,16,0.968,1.0,0.8117647058823529,0.8961038961038961,0.9058823529411765
primary_46_SurrogateTransfer_afp_Base,46,SurrogateTransfer,afp,Base,86,70,1,414,15,0.968,0.9859154929577465,0.8235294117647058,0.8974358974358974,0.9105598866052445
primary_46_SurrogateTransfer_afp_Base,46,SurrogateTransfer,afp,Base,87,63,0,415,22,0.956,1.0,0.7411764705882353,0.8513513513513514,0.8705882352941177
primary_46_SurrogateTransfer_afp_Base,46,SurrogateTransfer,afp,Base,88,65,0,415,20,0.96,1.0,0.7647058823529411,0.8666666666666666,0.8823529411764706
primary_46_SurrogateTransfer_afp_Base,46,SurrogateTransfer,afp,Base,89,71,0,415,14,0.972,1.0,0.8352941176470589,0.9102564102564102,0.9176470588235295
primary_46_SurrogateTransfer_afp_Base,46,SurrogateTransfer,afp,Base,90,66,1,414,19,0.96,0.9850746268656716,0.7764705882352941,0.8684210526315789,0.8870304748405387
primary_46_SurrogateTransfer_afp_Base,46,SurrogateTransfer,afp,Base,91,62,0,415,23,0.954,1.0,0.7294117647058823,0.8435374149659863,0.8647058823529412
primary_46_SurrogateTransfer_afp_Base,46,SurrogateTransfer,afp,Base,92,60,0,415,25,0.95,1.0,0.7058823529411765,0.8275862068965517,0.8529411764705883
primary_46_SurrogateTransfer_afp_Base,46,SurrogateTransfer,afp,Base,93,72,0,415,13,0.974,1.0,0.8470588235294118,0.9171974522292993,0.9235294117647059
primary_46_SurrogateTransfer_afp_Base,46,SurrogateTransfer,afp,Base,94,68,0,415,17,0.966,1.0,0.8,0.888888888888889,0.9
primary_46_SurrogateTransfer_afp_Base,46,SurrogateTransfer,afp,Base,95,69,0,415,16,0.968,1.0,0.8117647058823529,0.8961038961038961,0.9058823529411765
primary_46_SurrogateTransfer_afp_Base,46,SurrogateTransfer,afp,Base,96,69,0,415,16,0.968,1.0,0.8117647058823529,0.8961038961038961,0.9058823529411765
primary_46_SurrogateTransfer_afp_Base,46,SurrogateTransfer,afp,Base,97,64,0,415,21,0.958,1.0,0.7529411764705882,0.8590604026845637,0.8764705882352941
primary_46_SurrogateTransfer_afp_Base,46,SurrogateTransfer,afp,Base,98,70,0,415,15,0.97,1.0,0.8235294117647058,0.9032258064516129,0.9117647058823529
primary_46_SurrogateTransfer_afp_Base,46,SurrogateTransfer,afp,Base,99,64,0,415,21,0.958,1.0,0.7529411764705882,0.8590604026845637,0.8764705882352941
primary_46_SurrogateTransfer_afp_Base,46,SurrogateTransfer,afp,Base,100,71,0,415,14,0.972,1.0,0.8352941176470589,0.9102564102564102,0.9176470588235295
primary_46_SurrogateTransfer_afp_Base,46,SurrogateTransfer,afp,Base,101,68,0,415,17,0.966,1.0,0.8,0.888888888888889,0.9
primary_46_SurrogateTransfer_afp_Base,46,SurrogateTransfer,afp,Base,102,69,0,415,16,0.968,1.0,0.8117647058823529,0.8961038961038961,0.9058823529411765
primary_46_SurrogateTransfer_afp_Base,46,SurrogateTransfer,afp,Base,103,72,0,415,13,0.974,1.0,0.8470588235294118,0.9171974522292993,0.9235294117647059
primary_46_SurrogateTransfer_afp_Base,46,SurrogateTransfer,afp,Base,104,68,0,415,17,0.966,1.0,0.8,0.888888888888889,0.9
primary_46_SurrogateTransfer_afp_Base,46,SurrogateTransfer,afp,Base,105,72,0,415,13,0.974,1.0,0.8470588235294118,0.9171974522292993,0.9235294117647059
primary_46_SurrogateTransfer_afp_Base,46,SurrogateTransfer,afp,Base,106,67,0,415,18,0.964,1.0,0.788235294117647,0.8815789473684211,0.8941176470588235
primary_46_SurrogateTransfer_afp_Base,46,SurrogateTransfer,afp,Base,107,62,0,415,23,0.954,1.0,0.7294117647058823,0.8435374149659863,0.8647058823529412
primary_46_SurrogateTransfer_afp_Base,46,SurrogateTransfer,afp,Base,108,70,0,415,15,0.97,1.0,0.8235294117647058,0.9032258064516129,0.9117647058823529
primary_46_SurrogateTransfer_afp_Base,46,SurrogateTransfer,afp,Base,109,64,0,415,21,0.958,1.0,0.7529411764705882,0.8590604026845637,0.8764705882352941
primary_46_SurrogateTransfer_afp_Base,46,SurrogateTransfer,afp,Base,110,64,1,414,21,0.956,0.9846153846153847,0.7529411764705882,0.8533333333333333,0.8752657689581858
primary_46_SurrogateTransfer_afp_Base,46,SurrogateTransfer,afp,Base,111,71,0,415,14,0.972,1.0,0.8352941176470589,0.9102564102564102,0.9176470588235295
primary_46_SurrogateTransfer_afp_Base,46,SurrogateTransfer,afp,Base,112,73,0,415,12,0.976,1.0,0.8588235294117647,0.9240506329113923,0.9294117647058824
primary_46_SurrogateTransfer_afp_Base,46,SurrogateTransfer,afp,Base,113,68,0,415,17,0.966,1.0,0.8,0.888888888888889,0.9
primary_46_SurrogateTransfer_afp_Base,46,SurrogateTransfer,afp,Base,114,64,0,415,21,0.958,1.0,0.7529411764705882,0.8590604026845637,0.8764705882352941
primary_46_SurrogateTransfer_afp_Base,46,SurrogateTransfer,afp,Base,115,68,0,415,17,0.966,1.0,0.8,0.888888888888889,0.9
primary_46_SurrogateTransfer_afp_Base,46,SurrogateTransfer,afp,Base,116,59,0,415,26,0.948,1.0,0.6941176470588235,0.8194444444444444,0.8470588235294118
primary_46_SurrogateTransfer_afp_Base,46,SurrogateTransfer,afp,Base,117,68,0,415,17,0.966,1.0,0.8,0.888888888888889,0.9
primary_46_SurrogateTransfer_afp_Base,46,SurrogateTransfer,afp,Base,118,70,0,415,15,0.97,1.0,0.8235294117647058,0.9032258064516129,0.9117647058823529
primary_46_SurrogateTransfer_afp_Base,46,SurrogateTransfer,afp,Base,119,71,0,415,14,0.972,1.0,0.8352941176470589,0.9102564102564102,0.9176470588235295
primary_46_SurrogateTransfer_afp_Base,46,SurrogateTransfer,afp,Base,120,77,0,415,8,0.984,1.0,0.9058823529411765,0.9506172839506173,0.9529411764705882
primary_46_SurrogateTransfer_afp_Base,46,SurrogateTransfer,afp,Base,121,71,0,415,14,0.972,1.0,0.8352941176470589,0.9102564102564102,0.9176470588235295
primary_46_SurrogateTransfer_afp_Base,46,SurrogateTransfer,afp,Base,122,75,0,415,10,0.98,1.0,0.8823529411764706,0.9375,0.9411764705882353
primary_46_SurrogateTransfer_afp_Base,46,SurrogateTransfer,afp,Base,123,67,0,415,18,0.964,1.0,0.788235294117647,0.8815789473684211,0.8941176470588235
primary_46_SurrogateTransfer_afp_Base,46,SurrogateTransfer,afp,Base,124,66,0,415,19,0.962,1.0,0.7764705882352941,0.8741721854304636,0.888235294117647
primary_46_SurrogateTransfer_afp_Base,46,SurrogateTransfer,afp,Base,125,72,0,415,13,0.974,1.0,0.8470588235294118,0.9171974522292993,0.9235294117647059
primary_46_SurrogateTransfer_afp_Base,46,SurrogateTransfer,afp,Base,126,75,0,415,10,0.98,1.0,0.8823529411764706,0.9375,0.9411764705882353
primary_46_SurrogateTransfer_afp_Base,46,SurrogateTransfer,afp,Base,127,64,0,415,21,0.958,1.0,0.7529411764705882,0.8590604026845637,0.8764705882352941
primary_46_SurrogateTransfer_afp_Base,46,SurrogateTransfer,afp,Base,128,71,0,415,14,0.972,1.0,0.8352941176470589,0.9102564102564102,0.9176470588235295
primary_46_SurrogateTransfer_afp_Base,46,SurrogateTransfer,afp,Base,129,65,0,415,20,0.96,1.0,0.7647058823529411,0.8666666666666666,0.8823529411764706
primary_46_SurrogateTransfer_afp_Base,46,SurrogateTransfer,afp,Base,130,74,0,415,11,0.978,1.0,0.8705882352941177,0.9308176100628931,0.9352941176470588
primary_46_SurrogateTransfer_afp_Base,46,SurrogateTransfer,afp,Base,131,62,0,415,23,0.954,1.0,0.7294117647058823,0.8435374149659863,0.8647058823529412
primary_46_SurrogateTransfer_afp_Base,46,SurrogateTransfer,afp,Base,132,65,0,415,20,0.96,1.0,0.7647058823529411,0.8666666666666666,0.8823529411764706
primary_46_SurrogateTransfer_afp_Base,46,SurrogateTransfer,afp,Base,133,68,0,415,17,0.966,1.0,0.8,0.888888888888889,0.9
primary_46_SurrogateTransfer_afp_Base,46,SurrogateTransfer,afp,Base,134,66,0,415,19,0.962,1.0,0.7764705882352941,0.8741721854304636,0.888235294117647
primary_46_SurrogateTransfer_afp_Base,46,SurrogateTransfer,afp,Base,135,68,0,415,17,0.966,1.0,0.8,0.888888888888889,0.9
primary_46_SurrogateTransfer_afp_Base,46,SurrogateTransfer,afp,Base,136,70,0,415,15,0.97,1.0,0.8235294117647058,0.9032258064516129,0.9117647058823529
primary_46_SurrogateTransfer_afp_Base,46,SurrogateTransfer,afp,Base,137,69,0,415,16,0.968,1.0,0.8117647058823529,0.8961038961038961,0.9058823529411765
primary_46_SurrogateTransfer_afp_Base,46,SurrogateTransfer,afp,Base,138,71,0,415,14,0.972,1.0,0.8352941176470589,0.9102564102564102,0.9176470588235295
primary_46_SurrogateTransfer_afp_Base,46,SurrogateTransfer,afp,Base,139,68,0,415,17,0.966,1.0,0.8,0.888888888888889,0.9
primary_46_SurrogateTransfer_afp_Base,46,SurrogateTransfer,afp,Base,140,71,0,415,14,0.972,1.0,0.8352941176470589,0.9102564102564102,0.9176470588235295
primary_46_SurrogateTransfer_afp_Base,46,SurrogateTransfer,afp,Base,141,70,0,415,15,0.97,1.0,0.8235294117647058,0.9032258064516129,0.9117647058823529
primary_46_SurrogateTransfer_afp_Base,46,SurrogateTransfer,afp,Base,142,69,0,415,16,0.968,1.0,0.8117647058823529,0.8961038961038961,0.9058823529411765
primary_46_SurrogateTransfer_afp_Base,46,SurrogateTransfer,afp,Base,143,70,0,415,15,0.97,1.0,0.8235294117647058,0.9032258064516129,0.9117647058823529
primary_46_SurrogateTransfer_afp_C1,46,SurrogateTransfer,afp,C1,0,71,0,414,15,0.97,1.0,0.8255813953488372,0.9044585987261146,0.9127906976744187
primary_46_SurrogateTransfer_afp_C1,46,SurrogateTransfer,afp,C1,1,72,0,414,14,0.972,1.0,0.8372093023255814,0.9113924050632911,0.9186046511627908
primary_46_SurrogateTransfer_afp_C1,46,SurrogateTransfer,afp,C1,2,81,1,413,5,0.988,0.9878048780487805,0.9418604651162791,0.9642857142857143,0.9697225030895404
primary_46_SurrogateTransfer_afp_C1,46,SurrogateTransfer,afp,C1,3,77,0,414,9,0.982,1.0,0.8953488372093024,0.9447852760736196,0.9476744186046512
primary_46_SurrogateTransfer_afp_C1,46,SurrogateTransfer,afp,C1,4,82,0,414,4,0.992,1.0,0.9534883720930233,0.9761904761904763,0.9767441860465116
primary_46_SurrogateTransfer_afp_C1,46,SurrogateTransfer,afp,C1,5,81,0,414,5,0.99,1.0,0.9418604651162791,0.970059880239521,0.9709302325581395
primary_46_SurrogateTransfer_afp_C1,46,SurrogateTransfer,afp,C1,6,77,0,414,9,0.982,1.0,0.8953488372093024,0.9447852760736196,0.9476744186046512
primary_46_SurrogateTransfer_afp_C1,46,SurrogateTransfer,afp,C1,7,78,0,414,8,0.984,1.0,0.9069767441860465,0.951219512195122,0.9534883720930232
primary_46_SurrogateTransfer_afp_C1,46,SurrogateTransfer,afp,C1,8,79,0,414,7,0.986,1.0,0.9186046511627907,0.9575757575757576,0.9593023255813953
primary_46_SurrogateTransfer_afp_C1,46,SurrogateTransfer,afp,C1,9,83,0,414,3,0.994,1.0,0.9651162790697675,0.9822485207100593,0.9825581395348837
primary_46_SurrogateTransfer_afp_C1,46,SurrogateTransfer,afp,C1,10,79,1,413,7,0.984,0.9875,0.9186046511627907,0.9518072289156626,0.9580945961127962
primary_46_SurrogateTransfer_afp_C1,46,SurrogateTransfer,afp,C1,11,80,0,414,6,0.988,1.0,0.9302325581395349,0.963855421686747,0.9651162790697674
primary_46_SurrogateTransfer_afp_C1,46,SurrogateTransfer,afp,C1,12,83,0,414,3,0.994,1.0,0.9651162790697675,0.9822485207100593,0.9825581395348837
primary_46_SurrogateTransfer_afp_C1,46,SurrogateTransfer,afp,C1,13,83,0,414,3,0.994,1.0,0.9651162790697675,0.9822485207100593,0.9825581395348837
primary_46_SurrogateTransfer_afp_C1,46,SurrogateTransfer,afp,C1,14,84,0,414,2,0.996,1.0,0.9767441860465116,0.988235294117647,0.9883720930232558
primary_46_SurrogateTransfer_afp_C1,46,SurrogateTransfer,afp,C1,15,80,0,414,6,0.988,1.0,0.9302325581395349,0.963855421686747,0.9651162790697674
primary_46_SurrogateTransfer_afp_C1,46,SurrogateTransfer,afp,C1,16,76,0,414,10,0.98,1.0,0.8837209302325582,0.9382716049382717,0.9418604651162791
primary_46_SurrogateTransfer_afp_C1,46,SurrogateTransfer,afp,C1,17,84,0,415,1,0.998,1.0,0.9882352941176471,0.9940828402366864,0.9941176470588236
primary_46_SurrogateTransfer_afp_C1,46,SurrogateTransfer,afp,C1,18,80,0,415,5,0.99,1.0,0.9411764705882353,0.9696969696969697,0.9705882352941176
primary_46_SurrogateTransfer_afp_C1,46,SurrogateTransfer,afp,C1,19,83,0,415,2,0.996,1.0,0.9764705882352941,0.988095238095238,0.9882352941176471
primary_46_SurrogateTransfer_afp_C1,46,SurrogateTransfer,afp,C1,20,74,0,415,11,0.978,1.0,0.8705882352941177,0.9308176100628931,0.9352941176470588
primary_46_SurrogateTransfer_afp_C1,46,SurrogateTransfer,afp,C1,21,76,1,414,9,0.98,0.987012987012987,0.8941176470588236,0.9382716049382716,0.9458540042523034
primary_46_SurrogateTransfer_afp_C1,46,SurrogateTransfer,afp,C1,22,78,0,415,7,0.986,1.0,0.9176470588235294,0.9570552147239264,0.9588235294117646
primary_46_SurrogateTransfer_afp_C1,46,SurrogateTransfer,afp,C1,23,81,0,415,4,0.992,1.0,0.9529411764705882,0.9759036144578312,0.9764705882352941
primary_46_SurrogateTransfer_afp_C1,46,SurrogateTransfer,afp,C1,24,80,1,414,5,0.988,0.9876543209876543,0.9411764705882353,0.963855421686747,0.9693834160170092
primary_46_SurrogateTransfer_afp_C1,46,SurrogateTransfer,afp,C1,25,77,0,415,8,0.984,1.0,0.9058823529411765,0.9506172839506173,0.9529411764705882
primary_46_SurrogateTransfer_afp_C1,46,SurrogateTransfer,afp,C1,26,77,0,415,8,0.984,1.0,0.9058823529411765,0.9506172839506173,0.9529411764705882
primary_46_SurrogateTransfer_afp_C1,46,SurrogateTransfer,afp,C1,27,77,0,415,8,0.984,1.0,0.9058823529411765,0.9506172839506173,0.9529411764705882
primary_46_SurrogateTransfer_afp_C1,46,SurrogateTransfer,afp,C1,28,79,0,415,6,0.988,1.0,0.9294117647058824,0.9634146341463414,0.9647058823529412
primary_46_SurrogateTransfer_afp_C1,46,SurrogateTransfer,afp,C1,29,80,0,415,5,0.99,1.0,0.9411764705882353,0.9696969696969697,0.9705882352941176
primary_46_SurrogateTransfer_afp_C1,46,SurrogateTransfer,afp,C1,30,79,0,415,6,0.988,1.0,0.9294117647058824,0.9634146341463414,0.9647058823529412
primary_46_SurrogateTransfer_afp_C1,46,SurrogateTransfer,afp,C1,31,78,0,415,7,0.986,1.0,0.9176470588235294,0.9570552147239264,0.9588235294117646
primary_46_SurrogateTransfer_afp_C1,46,SurrogateTransfer,afp,C1,32,80,0,415,5,0.99,1.0,0.9411764705882353,0.9696969696969697,0.9705882352941176
primary_46_SurrogateTransfer_afp_C1,46,SurrogateTransfer,afp,C1,33,81,0,415,4,0.992,1.0,0.9529411764705882,0.9759036144578312,0.9764705882352941
primary_46_SurrogateTransfer_afp_C1,46,SurrogateTransfer,afp,C1,34,79,1,414,6,0.986,0.9875,0.9294117647058824,0.9575757575757576,0.9635010630758327
primary_46_SurrogateTransfer_afp_C1,46,SurrogateTransfer,afp,C1,35,75,1,414,10,0.978,0.9868421052631579,0.8823529411764706,0.9316770186335402,0.9399716513111269
primary_46_SurrogateTransfer_afp_C1,46,SurrogateTransfer,afp,C1,36,80,0,415,5,0.99,1.0,0.9411764705882353,0.9696969696969697,0.9705882352941176
primary_46_SurrogateTransfer_afp_C1,46,SurrogateTransfer,afp,C1,37,81,1,414,4,0.99,0.9878048780487805,0.9529411764705882,0.9700598802395209,0.9752657689581856
primary_46_SurrogateTransfer_afp_C1,46,SurrogateTransfer,afp,C1,38,81,0,415,4,0.992,1.0,0.9529411764705882,0.9759036144578312,0.9764705882352941
primary_46_SurrogateTransfer_afp_C1,46,SurrogateTransfer,afp,C1,39,81,0,415,4,0.992,1.0,0.9529411764705882,0.9759036144578312,0.9764705882352941
primary_46_SurrogateTransfer_afp_C1,46,SurrogateTransfer,afp,C1,40,82,0,415,3,0.994,1.0,0.9647058823529412,0.9820359281437125,0.9823529411764707
primary_46_SurrogateTransfer_afp_C1,46,SurrogateTransfer,afp,C1,41,82,1,414,3,0.992,0.9879518072289156,0.9647058823529412,0.9761904761904762,0.9811481218993622
primary_46_SurrogateTransfer_afp_C1,46,SurrogateTransfer,afp,C1,42,81,0,415,4,0.992,1.0,0.9529411764705882,0.9759036144578312,0.9764705882352941
primary_46_SurrogateTransfer_afp_C1,46,SurrogateTransfer,afp,C1,43,78,1,414,7,0.984,0.9873417721518988,0.9176470588235294,0.9512195121951219,0.9576187101346563
primary_46_SurrogateTransfer_afp_C1,46,SurrogateTransfer,afp,C1,44,79,0,415,6,0.988,1.0,0.9294117647058824,0.9634146341463414,0.9647058823529412
primary_46_SurrogateTransfer_afp_C1,46,SurrogateTransfer,afp,C1,45,81,0,415,4,0.992,1.0,0.9529411764705882,0.9759036144578312,0.9764705882352941
primary_46_SurrogateTransfer_afp_C1,46,SurrogateTransfer,afp,C1,46,81,1,414,4,0.99,0.9878048780487805,0.9529411764705882,0.9700598802395209,0.9752657689581856
primary_46_SurrogateTransfer_afp_C1,46,SurrogateTransfer,afp,C1,47,76,0,415,9,0.982,1.0,0.8941176470588236,0.9440993788819877,0.9470588235294117
primary_46_SurrogateTransfer_afp_C1,46,SurrogateTransfer,afp,C1,48,81,0,415,4,0.992,1.0,0.9529411764705882,0.9759036144578312,0.9764705882352941
primary_46_SurrogateTransfer_afp_C1,46,SurrogateTransfer,afp,C1,49,77,0,415,8,0.984,1.0,0.9058823529411765,0.9506172839506173,0.9529411764705882
primary_46_SurrogateTransfer_afp_C1,46,SurrogateTransfer,afp,C1,50,81,0,415,4,0.992,1.0,0.9529411764705882,0.9759036144578312,0.9764705882352941
primary_46_SurrogateTransfer_afp_C1,46,SurrogateTransfer,afp,C1,51,80,2,413,5,0.986,0.975609756097561,0.9411764705882353,0.9580838323353293,0.9681785967399008
primary_46_SurrogateTransfer_afp_C1,46,SurrogateTransfer,afp,C1,52,80,1,414,5,0.988,0.9876543209876543,0.9411764705882353,0.963855421686747,0.9693834160170092
primary_46_SurrogateTransfer_afp_C1,46,SurrogateTransfer,afp,C1,53,77,1,414,8,0.982,0.9871794871794872,0.9058823529411765,0.9447852760736197,0.9517363571934798
primary_46_SurrogateTransfer_afp_C1,46,SurrogateTransfer,afp,C1,54,82,0,415,3,0.994,1.0,0.9647058823529412,0.9820359281437125,0.9823529411764707
primary_46_SurrogateTransfer_afp_C1,46,SurrogateTransfer,afp,C1,55,78,0,415,7,0.986,1.0,0.9176470588235294,0.9570552147239264,0.9588235294117646
primary_46_SurrogateTransfer_afp_C1,46,SurrogateTransfer,afp,C1,56,78,0,415,7,0.986,1.0,0.9176470588235294,0.9570552147239264,0.9588235294117646
primary_46_SurrogateTransfer_afp_C1,46,SurrogateTransfer,afp,C1,57,81,0,415,4,0.992,1.0,0.9529411764705882,0.9759036144578312,0.9764705882352941
primary_46_SurrogateTransfer_afp_C1,46,SurrogateTransfer,afp,C1,58,82,2,413,3,0.99,0.9761904761904762,0.9647058823529412,0.9704142011834319,0.9799433026222537
primary_46_SurrogateTransfer_afp_C1,46,SurrogateTransfer,afp,C1,59,78,0,415,7,0.986,1.0,0.9176470588235294,0.9570552147239264,0.9588235294117646
primary_46_SurrogateTransfer_afp_C1,46,SurrogateTransfer,afp,C1,60,81,0,415,4,0.992,1.0,0.9529411764705882,0.9759036144578312,0.9764705882352941
primary_46_SurrogateTransfer_afp_C1,46,SurrogateTransfer,afp,C1,61,78,0,415,7,0.986,1.0,0.9176470588235294,0.9570552147239264,0.9588235294117646
primary_46_SurrogateTransfer_afp_C1,46,SurrogateTransfer,afp,C1,62,81,0,415,4,0.992,1.0,0.9529411764705882,0.9759036144578312,0.9764705882352941
primary_46_SurrogateTransfer_afp_C1,46,SurrogateTransfer,afp,C1,63,76,0,415,9,0.982,1.0,0.8941176470588236,0.9440993788819877,0.9470588235294117
primary_46_SurrogateTransfer_afp_C1,46,SurrogateTransfer,afp,C1,64,77,0,415,8,0.984,1.0,0.9058823529411765,0.9506172839506173,0.9529411764705882
primary_46_SurrogateTransfer_afp_C1,46,SurrogateTransfer,afp,C1,65,78,0,415,7,0.986,1.0,0.9176470588235294,0.9570552147239264,0.9588235294117646
primary_46_SurrogateTransfer_afp_C1,46,SurrogateTransfer,afp,C1,66,81,0,415,4,0.992,1.0,0.9529411764705882,0.9759036144578312,0.9764705882352941
primary_46_SurrogateTransfer_afp_C1,46,SurrogateTransfer,afp,C1,67,81,0,415,4,0.992,1.0,0.9529411764705882,0.9759036144578312,0.9764705882352941
primary_46_SurrogateTransfer_afp_C1,46,SurrogateTransfer,afp,C1,68,79,0,415,6,0.988,1.0,0.9294117647058824,0.9634146341463414,0.9647058823529412
primary_46_SurrogateTransfer_afp_C1,46,SurrogateTransfer,afp,C1,69,80,2,413,5,0.986,0.975609756097561,0.9411764705882353,0.9580838323353293,0.9681785967399008
primary_46_SurrogateTransfer_afp_C1,46,SurrogateTransfer,afp,C1,70,82,0,415,3,0.994,1.0,0.9647058823529412,0.9820359281437125,0.9823529411764707
primary_46_SurrogateTransfer_afp_C1,46,SurrogateTransfer,afp,C1,71,77,0,415,8,0.984,1.0,0.9058823529411765,0.9506172839506173,0.9529411764705882
primary_46_SurrogateTransfer_afp_C1,46,SurrogateTransfer,afp,C1,72,78,0,415,7,0.986,1.0,0.9176470588235294,0.9570552147239264,0.9588235294117646
primary_46_SurrogateTransfer_afp_C1,46,SurrogateTransfer,afp,C1,73,77,0,415,8,0.984,1.0,0.9058823529411765,0.9506172839506173,0.9529411764705882
primary_46_SurrogateTransfer_afp_C1,46,SurrogateTransfer,afp,C1,74,82,0,415,3,0.994,1.0,0.9647058823529412,0.9820359281437125,0.9823529411764707
primary_46_SurrogateTransfer_afp_C1,46,SurrogateTransfer,afp,C1,75,78,0,415,7,0.986,1.0,0.9176470588235294,0.9570552147239264,0.9588235294117646
primary_46_SurrogateTransfer_afp_C1,46,SurrogateTransfer,afp,C1,76,82,1,414,3,0.992,0.9879518072289156,0.9647058823529412,0.9761904761904762,0.9811481218993622
primary_46_SurrogateTransfer_afp_C1,46,SurrogateTransfer,afp,C1,77,80,0,415,5,0.99,1.0,0.9411764705882353,0.9696969696969697,0.9705882352941176
primary_46_SurrogateTransfer_afp_C1,46,SurrogateTransfer,afp,C1,78,83,0,415,2,0.996,1.0,0.9764705882352941,0.988095238095238,0.9882352941176471
primary_46_SurrogateTransfer_afp_C1,46,SurrogateTransfer,afp,C1,79,81,0,415,4,0.992,1.0,0.9529411764705882,0.9759036144578312,0.9764705882352941
primary_46_SurrogateTransfer_afp_C1,46,SurrogateTransfer,afp,C1,80,79,0,415,6,0.988,1.0,0.9294117647058824,0.9634146341463414,0.9647058823529412
primary_46_SurrogateTransfer_afp_C1,46,SurrogateTransfer,afp,C1,81,76,0,415,9,0.982,1.0,0.8941176470588236,0.9440993788819877,0.9470588235294117
primary_46_SurrogateTransfer_afp_C1,46,SurrogateTransfer,afp,C1,82,80,0,415,5,0.99,1.0,0.9411764705882353,0.9696969696969697,0.9705882352941176
primary_46_SurrogateTransfer_afp_C1,46,SurrogateTransfer,afp,C1,83,78,0,415,7,0.986,1.0,0.9176470588235294,0.9570552147239264,0.9588235294117646
primary_46_SurrogateTransfer_afp_C1,46,SurrogateTransfer,afp,C1,84,79,0,415,6,0.988,1.0,0.9294117647058824,0.9634146341463414,0.9647058823529412
primary_46_SurrogateTransfer_afp_C1,46,SurrogateTransfer,afp,C1,85,82,2,413,3,0.99,0.9761904761904762,0.9647058823529412,0.9704142011834319,0.9799433026222537
primary_46_SurrogateTransfer_afp_C1,46,SurrogateTransfer,afp,C1,86,76,2,413,9,0.978,0.9743589743589743,0.8941176470588236,0.9325153374233129,0.9446491849751949
primary_46_SurrogateTransfer_afp_C1,46,SurrogateTransfer,afp,C1,87,78,0,415,7,0.986,1.0,0.9176470588235294,0.9570552147239264,0.9588235294117646
primary_46_SurrogateTransfer_afp_C1,46,SurrogateTransfer,afp,C1,88,81,0,415,4,0.992,1.0,0.9529411764705882,0.9759036144578312,0.9764705882352941
primary_46_SurrogateTransfer_afp_C1,46,SurrogateTransfer,afp,C1,89,79,1,414,6,0.986,0.9875,0.9294117647058824,0.9575757575757576,0.9635010630758327
primary_46_SurrogateTransfer_afp_C1,46,SurrogateTransfer,afp,C1,90,82,1,414,3,0.992,0.9879518072289156,0.9647058823529412,0.9761904761904762,0.9811481218993622
primary_46_SurrogateTransfer_afp_C1,46,SurrogateTransfer,afp,C1,91,80,3,412,5,0.984,0.963855421686747,0.9411764705882353,0.9523809523809523,0.9669737774627923
primary_46_SurrogateTransfer_afp_C1,46,SurrogateTransfer,afp,C1,92,80,0,415,5,0.99,1.0,0.9411764705882353,0.9696969696969697,0.9705882352941176
primary_46_SurrogateTransfer_afp_C1,46,SurrogateTransfer,afp,C1,93,79,0,415,6,0.988,1.0,0.9294117647058824,0.9634146341463414,0.9647058823529412
primary_46_SurrogateTransfer_afp_C1,46,SurrogateTransfer,afp,C1,94,82,0,415,3,0.994,1.0,0.9647058823529412,0.9820359281437125,0.9823529411764707
primary_46_SurrogateTransfer_afp_C1,46,SurrogateTransfer,afp,C1,95,82,1,414,3,0.992,0.9879518072289156,0.9647058823529412,0.9761904761904762,0.9811481218993622
primary_46_SurrogateTransfer_afp_C1,46,SurrogateTransfer,afp,C1,96,84,0,415,1,0.998,1.0,0.9882352941176471,0.9940828402366864,0.9941176470588236
primary_46_SurrogateTransfer_afp_C1,46,SurrogateTransfer,afp,C1,97,76,1,414,9,0.98,0.987012987012987,0.8941176470588236,0.9382716049382716,0.9458540042523034
primary_46_SurrogateTransfer_afp_C1,46,SurrogateTransfer,afp,C1,98,80,0,415,5,0.99,1.0,0.9411764705882353,0.9696969696969697,0.9705882352941176
primary_46_SurrogateTransfer_afp_C1,46,SurrogateTransfer,afp,C1,99,82,1,414,3,0.992,0.9879518072289156,0.9647058823529412,0.9761904761904762,0.9811481218993622
primary_46_SurrogateTransfer_afp_C1,46,SurrogateTransfer,afp,C1,100,81,1,414,4,0.99,0.9878048780487805,0.9529411764705882,0.9700598802395209,0.9752657689581856
primary_46_SurrogateTransfer_afp_C1,46,SurrogateTransfer,afp,C1,101,81,0,415,4,0.992,1.0,0.9529411764705882,0.9759036144578312,0.9764705882352941
primary_46_SurrogateTransfer_afp_C1,46,SurrogateTransfer,afp,C1,102,82,0,415,3,0.994,1.0,0.9647058823529412,0.9820359281437125,0.9823529411764707
primary_46_SurrogateTransfer_afp_C1,46,SurrogateTransfer,afp,C1,103,81,0,415,4,0.992,1.0,0.9529411764705882,0.9759036144578312,0.9764705882352941
primary_46_SurrogateTransfer_afp_C1,46,SurrogateTransfer,afp,C1,104,82,0,415,3,0.994,1.0,0.9647058823529412,0.9820359281437125,0.9823529411764707
primary_46_SurrogateTransfer_afp_C1,46,SurrogateTransfer,afp,C1,105,82,0,415,3,0.994,1.0,0.9647058823529412,0.9820359281437125,0.9823529411764707
primary_46_SurrogateTransfer_afp_C1,46,SurrogateTransfer,afp,C1,106,79,0,415,6,0.988,1.0,0.9294117647058824,0.9634146341463414,0.9647058823529412
primary_46_SurrogateTransfer_afp_C1,46,SurrogateTransfer,afp,C1,107,79,0,415,6,0.988,1.0,0.9294117647058824,0.9634146341463414,0.9647058823529412
primary_46_SurrogateTransfer_afp_C1,46,SurrogateTransfer,afp,C1,108,81,0,415,4,0.992,1.0,0.9529411764705882,0.9759036144578312,0.9764705882352941
primary_46_SurrogateTransfer_afp_C1,46,SurrogateTransfer,afp,C1,109,78,0,415,7,0.986,1.0,0.9176470588235294,0.9570552147239264,0.9588235294117646
primary_46_SurrogateTransfer_afp_C1,46,SurrogateTransfer,afp,C1,110,78,1,414,7,0.984,0.9873417721518988,0.9176470588235294,0.9512195121951219,0.9576187101346563
primary_46_SurrogateTransfer_afp_C1,46,SurrogateTransfer,afp,C1,111,84,1,414,1,0.996,0.9882352941176471,0.9882352941176471,0.9882352941176471,0.9929128277817152
primary_46_SurrogateTransfer_afp_C1,46,SurrogateTransfer,afp,C1,112,81,1,414,4,0.99,0.9878048780487805,0.9529411764705882,0.9700598802395209,0.9752657689581856
primary_46_SurrogateTransfer_afp_C1,46,SurrogateTransfer,afp,C1,113,79,1,414,6,0.986,0.9875,0.9294117647058824,0.9575757575757576,0.9635010630758327
primary_46_SurrogateTransfer_afp_C1,46,SurrogateTransfer,afp,C1,114,80,0,415,5,0.99,1.0,0.9411764705882353,0.9696969696969697,0.9705882352941176
primary_46_SurrogateTransfer_afp_C1,46,SurrogateTransfer,afp,C1,115,78,0,415,7,0.986,1.0,0.9176470588235294,0.9570552147239264,0.9588235294117646
primary_46_SurrogateTransfer_afp_C1,46,SurrogateTransfer,afp,C1,116,78,1,414,7,0.984,0.9873417721518988,0.9176470588235294,0.9512195121951219,0.9576187101346563
primary_46_SurrogateTransfer_afp_C1,46,SurrogateTransfer,afp,C1,117,80,0,415,5,0.99,1.0,0.9411764705882353,0.9696969696969697,0.9705882352941176
primary_46_SurrogateTransfer_afp_C1,46,SurrogateTransfer,afp,C1,118,79,1,414,6,0.986,0.9875,0.9294117647058824,0.9575757575757576,0.9635010630758327
primary_46_SurrogateTransfer_afp_C1,46,SurrogateTransfer,afp,C1,119,80,0,415,5,0.99,1.0,0.9411764705882353,0.9696969696969697,0.9705882352941176
primary_46_SurrogateTransfer_afp_C1,46,SurrogateTransfer,afp,C1,120,82,0,415,3,0.994,1.0,0.9647058823529412,0.9820359281437125,0.9823529411764707
primary_46_SurrogateTransfer_afp_C1,46,SurrogateTransfer,afp,C1,121,81,0,415,4,0.992,1.0,0.9529411764705882,0.9759036144578312,0.9764705882352941
primary_46_SurrogateTransfer_afp_C1,46,SurrogateTransfer,afp,C1,122,80,0,415,5,0.99,1.0,0.9411764705882353,0.9696969696969697,0.9705882352941176
primary_46_SurrogateTransfer_afp_C1,46,SurrogateTransfer,afp,C1,123,76,0,415,9,0.982,1.0,0.8941176470588236,0.9440993788819877,0.9470588235294117
primary_46_SurrogateTransfer_afp_C1,46,SurrogateTransfer,afp,C1,124,80,1,414,5,0.988,0.9876543209876543,0.9411764705882353,0.963855421686747,0.9693834160170092
primary_46_SurrogateTransfer_afp_C1,46,SurrogateTransfer,afp,C1,125,82,2,413,3,0.99,0.9761904761904762,0.9647058823529412,0.9704142011834319,0.9799433026222537
primary_46_SurrogateTransfer_afp_C1,46,SurrogateTransfer,afp,C1,126,83,0,415,2,0.996,1.0,0.9764705882352941,0.988095238095238,0.9882352941176471
primary_46_SurrogateTransfer_afp_C1,46,SurrogateTransfer,afp,C1,127,77,0,415,8,0.984,1.0,0.9058823529411765,0.9506172839506173,0.9529411764705882
primary_46_SurrogateTransfer_afp_C1,46,SurrogateTransfer,afp,C1,128,83,0,415,2,0.996,1.0,0.9764705882352941,0.988095238095238,0.9882352941176471
primary_46_SurrogateTransfer_afp_C1,46,SurrogateTransfer,afp,C1,129,79,0,415,6,0.988,1.0,0.9294117647058824,0.9634146341463414,0.9647058823529412
primary_46_SurrogateTransfer_afp_C1,46,SurrogateTransfer,afp,C1,130,83,0,415,2,0.996,1.0,0.9764705882352941,0.988095238095238,0.9882352941176471
primary_46_SurrogateTransfer_afp_C1,46,SurrogateTransfer,afp,C1,131,80,1,414,5,0.988,0.9876543209876543,0.9411764705882353,0.963855421686747,0.9693834160170092
primary_46_SurrogateTransfer_afp_C1,46,SurrogateTransfer,afp,C1,132,78,0,415,7,0.986,1.0,0.9176470588235294,0.9570552147239264,0.9588235294117646
primary_46_SurrogateTransfer_afp_C1,46,SurrogateTransfer,afp,C1,133,81,1,414,4,0.99,0.9878048780487805,0.9529411764705882,0.9700598802395209,0.9752657689581856
primary_46_SurrogateTransfer_afp_C1,46,SurrogateTransfer,afp,C1,134,78,0,415,7,0.986,1.0,0.9176470588235294,0.9570552147239264,0.9588235294117646
primary_46_SurrogateTransfer_afp_C1,46,SurrogateTransfer,afp,C1,135,83,0,415,2,0.996,1.0,0.9764705882352941,0.988095238095238,0.9882352941176471
primary_46_SurrogateTransfer_afp_C1,46,SurrogateTransfer,afp,C1,136,82,0,415,3,0.994,1.0,0.9647058823529412,0.9820359281437125,0.9823529411764707
primary_46_SurrogateTransfer_afp_C1,46,SurrogateTransfer,afp,C1,137,79,2,413,6,0.984,0.9753086419753086,0.9294117647058824,0.9518072289156626,0.9622962437987244
primary_46_SurrogateTransfer_afp_C1,46,SurrogateTransfer,afp,C1,138,82,0,415,3,0.994,1.0,0.9647058823529412,0.9820359281437125,0.9823529411764707
primary_46_SurrogateTransfer_afp_C1,46,SurrogateTransfer,afp,C1,139,78,1,414,7,0.984,0.9873417721518988,0.9176470588235294,0.9512195121951219,0.9576187101346563
primary_46_SurrogateTransfer_afp_C1,46,SurrogateTransfer,afp,C1,140,79,0,415,6,0.988,1.0,0.9294117647058824,0.9634146341463414,0.9647058823529412
primary_46_SurrogateTransfer_afp_C1,46,SurrogateTransfer,afp,C1,141,78,0,415,7,0.986,1.0,0.9176470588235294,0.9570552147239264,0.9588235294117646
primary_46_SurrogateTransfer_afp_C1,46,SurrogateTransfer,afp,C1,142,84,0,415,1,0.998,1.0,0.9882352941176471,0.9940828402366864,0.9941176470588236
primary_46_SurrogateTransfer_afp_C1,46,SurrogateTransfer,afp,C1,143,81,0,415,4,0.992,1.0,0.9529411764705882,0.9759036144578312,0.9764705882352941
primary_46_SurrogateTransfer_feature_squeezing_Base,46,SurrogateTransfer,feature_squeezing,Base,0,80,0,414,6,0.988,1.0,0.9302325581395349,0.963855421686747,0.9651162790697674
primary_46_SurrogateTransfer_feature_squeezing_Base,46,SurrogateTransfer,feature_squeezing,Base,1,78,0,414,8,0.984,1.0,0.9069767441860465,0.951219512195122,0.9534883720930232
primary_46_SurrogateTransfer_feature_squeezing_Base,46,SurrogateTransfer,feature_squeezing,Base,2,82,1,413,4,0.99,0.9879518072289156,0.9534883720930233,0.9704142011834319,0.9755364565779125
primary_46_SurrogateTransfer_feature_squeezing_Base,46,SurrogateTransfer,feature_squeezing,Base,3,83,0,414,3,0.994,1.0,0.9651162790697675,0.9822485207100593,0.9825581395348837
primary_46_SurrogateTransfer_feature_squeezing_Base,46,SurrogateTransfer,feature_squeezing,Base,4,84,0,414,2,0.996,1.0,0.9767441860465116,0.988235294117647,0.9883720930232558
primary_46_SurrogateTransfer_feature_squeezing_Base,46,SurrogateTransfer,feature_squeezing,Base,5,82,1,413,4,0.99,0.9879518072289156,0.9534883720930233,0.9704142011834319,0.9755364565779125
primary_46_SurrogateTransfer_feature_squeezing_Base,46,SurrogateTransfer,feature_squeezing,Base,6,81,0,414,5,0.99,1.0,0.9418604651162791,0.970059880239521,0.9709302325581395
primary_46_SurrogateTransfer_feature_squeezing_Base,46,SurrogateTransfer,feature_squeezing,Base,7,79,0,414,7,0.986,1.0,0.9186046511627907,0.9575757575757576,0.9593023255813953
primary_46_SurrogateTransfer_feature_squeezing_Base,46,SurrogateTransfer,feature_squeezing,Base,8,80,0,414,6,0.988,1.0,0.9302325581395349,0.963855421686747,0.9651162790697674
primary_46_SurrogateTransfer_feature_squeezing_Base,46,SurrogateTransfer,feature_squeezing,Base,9,84,0,414,2,0.996,1.0,0.9767441860465116,0.988235294117647,0.9883720930232558
primary_46_SurrogateTransfer_feature_squeezing_Base,46,SurrogateTransfer,feature_squeezing,Base,10,81,0,414,5,0.99,1.0,0.9418604651162791,0.970059880239521,0.9709302325581395
primary_46_SurrogateTransfer_feature_squeezing_Base,46,SurrogateTransfer,feature_squeezing,Base,11,80,0,414,6,0.988,1.0,0.9302325581395349,0.963855421686747,0.9651162790697674
primary_46_SurrogateTransfer_feature_squeezing_Base,46,SurrogateTransfer,feature_squeezing,Base,12,83,0,414,3,0.994,1.0,0.9651162790697675,0.9822485207100593,0.9825581395348837
primary_46_SurrogateTransfer_feature_squeezing_Base,46,SurrogateTransfer,feature_squeezing,Base,13,83,0,414,3,0.994,1.0,0.9651162790697675,0.9822485207100593,0.9825581395348837
primary_46_SurrogateTransfer_feature_squeezing_Base,46,SurrogateTransfer,feature_squeezing,Base,14,83,1,413,3,0.992,0.9880952380952381,0.9651162790697675,0.9764705882352942,0.9813504100662847
primary_46_SurrogateTransfer_feature_squeezing_Base,46,SurrogateTransfer,feature_squeezing,Base,15,81,0,414,5,0.99,1.0,0.9418604651162791,0.970059880239521,0.9709302325581395
primary_46_SurrogateTransfer_feature_squeezing_Base,46,SurrogateTransfer,feature_squeezing,Base,16,78,0,414,8,0.984,1.0,0.9069767441860465,0.951219512195122,0.9534883720930232
primary_46_SurrogateTransfer_feature_squeezing_Base,46,SurrogateTransfer,feature_squeezing,Base,17,84,0,415,1,0.998,1.0,0.9882352941176471,0.9940828402366864,0.9941176470588236
primary_46_SurrogateTransfer_feature_squeezing_Base,46,SurrogateTransfer,feature_squeezing,Base,18,80,0,415,5,0.99,1.0,0.9411764705882353,0.9696969696969697,0.9705882352941176
primary_46_SurrogateTransfer_feature_squeezing_Base,46,SurrogateTransfer,feature_squeezing,Base,19,83,0,415,2,0.996,1.0,0.9764705882352941,0.988095238095238,0.9882352941176471
primary_46_SurrogateTransfer_feature_squeezing_Base,46,SurrogateTransfer,feature_squeezing,Base,20,74,0,415,11,0.978,1.0,0.8705882352941177,0.9308176100628931,0.9352941176470588
primary_46_SurrogateTransfer_feature_squeezing_Base,46,SurrogateTransfer,feature_squeezing,Base,21,75,0,415,10,0.98,1.0,0.8823529411764706,0.9375,0.9411764705882353
primary_46_SurrogateTransfer_feature_squeezing_Base,46,SurrogateTransfer,feature_squeezing,Base,22,76,0,415,9,0.982,1.0,0.8941176470588236,0.9440993788819877,0.9470588235294117
primary_46_SurrogateTransfer_feature_squeezing_Base,46,SurrogateTransfer,feature_squeezing,Base,23,81,0,415,4,0.992,1.0,0.9529411764705882,0.9759036144578312,0.9764705882352941
primary_46_SurrogateTransfer_feature_squeezing_Base,46,SurrogateTransfer,feature_squeezing,Base,24,80,0,415,5,0.99,1.0,0.9411764705882353,0.9696969696969697,0.9705882352941176
primary_46_SurrogateTransfer_feature_squeezing_Base,46,SurrogateTransfer,feature_squeezing,Base,25,77,0,415,8,0.984,1.0,0.9058823529411765,0.9506172839506173,0.9529411764705882
primary_46_SurrogateTransfer_feature_squeezing_Base,46,SurrogateTransfer,feature_squeezing,Base,26,76,0,415,9,0.982,1.0,0.8941176470588236,0.9440993788819877,0.9470588235294117
primary_46_SurrogateTransfer_feature_squeezing_Base,46,SurrogateTransfer,feature_squeezing,Base,27,76,0,415,9,0.982,1.0,0.8941176470588236,0.9440993788819877,0.9470588235294117
primary_46_SurrogateTransfer_feature_squeezing_Base,46,SurrogateTransfer,feature_squeezing,Base,28,79,0,415,6,0.988,1.0,0.9294117647058824,0.9634146341463414,0.9647058823529412
primary_46_SurrogateTransfer_feature_squeezing_Base,46,SurrogateTransfer,feature_squeezing,Base,29,80,0,415,5,0.99,1.0,0.9411764705882353,0.9696969696969697,0.9705882352941176
primary_46_SurrogateTransfer_feature_squeezing_Base,46,SurrogateTransfer,feature_squeezing,Base,30,79,0,415,6,0.988,1.0,0.9294117647058824,0.9634146341463414,0.9647058823529412
primary_46_SurrogateTransfer_feature_squeezing_Base,46,SurrogateTransfer,feature_squeezing,Base,31,77,0,415,8,0.984,1.0,0.9058823529411765,0.9506172839506173,0.9529411764705882
primary_46_SurrogateTransfer_feature_squeezing_Base,46,SurrogateTransfer,feature_squeezing,Base,32,78,0,415,7,0.986,1.0,0.9176470588235294,0.9570552147239264,0.9588235294117646
primary_46_SurrogateTransfer_feature_squeezing_Base,46,SurrogateTransfer,feature_squeezing,Base,33,81,0,415,4,0.992,1.0,0.9529411764705882,0.9759036144578312,0.9764705882352941
primary_46_SurrogateTransfer_feature_squeezing_Base,46,SurrogateTransfer,feature_squeezing,Base,34,78,1,414,7,0.984,0.9873417721518988,0.9176470588235294,0.9512195121951219,0.9576187101346563
primary_46_SurrogateTransfer_feature_squeezing_Base,46,SurrogateTransfer,feature_squeezing,Base,35,74,0,415,11,0.978,1.0,0.8705882352941177,0.9308176100628931,0.9352941176470588
primary_46_SurrogateTransfer_feature_squeezing_Base,46,SurrogateTransfer,feature_squeezing,Base,36,79,0,415,6,0.988,1.0,0.9294117647058824,0.9634146341463414,0.9647058823529412
primary_46_SurrogateTransfer_feature_squeezing_Base,46,SurrogateTransfer,feature_squeezing,Base,37,80,1,414,5,0.988,0.9876543209876543,0.9411764705882353,0.963855421686747,0.9693834160170092
primary_46_SurrogateTransfer_feature_squeezing_Base,46,SurrogateTransfer,feature_squeezing,Base,38,81,0,415,4,0.992,1.0,0.9529411764705882,0.9759036144578312,0.9764705882352941
primary_46_SurrogateTransfer_feature_squeezing_Base,46,SurrogateTransfer,feature_squeezing,Base,39,79,0,415,6,0.988,1.0,0.9294117647058824,0.9634146341463414,0.9647058823529412
primary_46_SurrogateTransfer_feature_squeezing_Base,46,SurrogateTransfer,feature_squeezing,Base,40,82,0,415,3,0.994,1.0,0.9647058823529412,0.9820359281437125,0.9823529411764707
primary_46_SurrogateTransfer_feature_squeezing_Base,46,SurrogateTransfer,feature_squeezing,Base,41,80,0,415,5,0.99,1.0,0.9411764705882353,0.9696969696969697,0.9705882352941176
primary_46_SurrogateTransfer_feature_squeezing_Base,46,SurrogateTransfer,feature_squeezing,Base,42,80,0,415,5,0.99,1.0,0.9411764705882353,0.9696969696969697,0.9705882352941176
primary_46_SurrogateTransfer_feature_squeezing_Base,46,SurrogateTransfer,feature_squeezing,Base,43,77,1,414,8,0.982,0.9871794871794872,0.9058823529411765,0.9447852760736197,0.9517363571934798
primary_46_SurrogateTransfer_feature_squeezing_Base,46,SurrogateTransfer,feature_squeezing,Base,44,79,0,415,6,0.988,1.0,0.9294117647058824,0.9634146341463414,0.9647058823529412
primary_46_SurrogateTransfer_feature_squeezing_Base,46,SurrogateTransfer,feature_squeezing,Base,45,81,0,415,4,0.992,1.0,0.9529411764705882,0.9759036144578312,0.9764705882352941
primary_46_SurrogateTransfer_feature_squeezing_Base,46,SurrogateTransfer,feature_squeezing,Base,46,81,1,414,4,0.99,0.9878048780487805,0.9529411764705882,0.9700598802395209,0.9752657689581856
primary_46_SurrogateTransfer_feature_squeezing_Base,46,SurrogateTransfer,feature_squeezing,Base,47,75,0,415,10,0.98,1.0,0.8823529411764706,0.9375,0.9411764705882353
primary_46_SurrogateTransfer_feature_squeezing_Base,46,SurrogateTransfer,feature_squeezing,Base,48,81,0,415,4,0.992,1.0,0.9529411764705882,0.9759036144578312,0.9764705882352941
primary_46_SurrogateTransfer_feature_squeezing_Base,46,SurrogateTransfer,feature_squeezing,Base,49,77,0,415,8,0.984,1.0,0.9058823529411765,0.9506172839506173,0.9529411764705882
primary_46_SurrogateTransfer_feature_squeezing_Base,46,SurrogateTransfer,feature_squeezing,Base,50,79,0,415,6,0.988,1.0,0.9294117647058824,0.9634146341463414,0.9647058823529412
primary_46_SurrogateTransfer_feature_squeezing_Base,46,SurrogateTransfer,feature_squeezing,Base,51,80,1,414,5,0.988,0.9876543209876543,0.9411764705882353,0.963855421686747,0.9693834160170092
primary_46_SurrogateTransfer_feature_squeezing_Base,46,SurrogateTransfer,feature_squeezing,Base,52,79,0,415,6,0.988,1.0,0.9294117647058824,0.9634146341463414,0.9647058823529412
primary_46_SurrogateTransfer_feature_squeezing_Base,46,SurrogateTransfer,feature_squeezing,Base,53,76,0,415,9,0.982,1.0,0.8941176470588236,0.9440993788819877,0.9470588235294117
primary_46_SurrogateTransfer_feature_squeezing_Base,46,SurrogateTransfer,feature_squeezing,Base,54,82,0,415,3,0.994,1.0,0.9647058823529412,0.9820359281437125,0.9823529411764707
primary_46_SurrogateTransfer_feature_squeezing_Base,46,SurrogateTransfer,feature_squeezing,Base,55,78,0,415,7,0.986,1.0,0.9176470588235294,0.9570552147239264,0.9588235294117646
primary_46_SurrogateTransfer_feature_squeezing_Base,46,SurrogateTransfer,feature_squeezing,Base,56,78,0,415,7,0.986,1.0,0.9176470588235294,0.9570552147239264,0.9588235294117646
primary_46_SurrogateTransfer_feature_squeezing_Base,46,SurrogateTransfer,feature_squeezing,Base,57,81,0,415,4,0.992,1.0,0.9529411764705882,0.9759036144578312,0.9764705882352941
primary_46_SurrogateTransfer_feature_squeezing_Base,46,SurrogateTransfer,feature_squeezing,Base,58,82,0,415,3,0.994,1.0,0.9647058823529412,0.9820359281437125,0.9823529411764707
primary_46_SurrogateTransfer_feature_squeezing_Base,46,SurrogateTransfer,feature_squeezing,Base,59,77,0,415,8,0.984,1.0,0.9058823529411765,0.9506172839506173,0.9529411764705882
primary_46_SurrogateTransfer_feature_squeezing_Base,46,SurrogateTransfer,feature_squeezing,Base,60,79,0,415,6,0.988,1.0,0.9294117647058824,0.9634146341463414,0.9647058823529412
primary_46_SurrogateTransfer_feature_squeezing_Base,46,SurrogateTransfer,feature_squeezing,Base,61,77,0,415,8,0.984,1.0,0.9058823529411765,0.9506172839506173,0.9529411764705882
primary_46_SurrogateTransfer_feature_squeezing_Base,46,SurrogateTransfer,feature_squeezing,Base,62,81,0,415,4,0.992,1.0,0.9529411764705882,0.9759036144578312,0.9764705882352941
primary_46_SurrogateTransfer_feature_squeezing_Base,46,SurrogateTransfer,feature_squeezing,Base,63,76,0,415,9,0.982,1.0,0.8941176470588236,0.9440993788819877,0.9470588235294117
primary_46_SurrogateTransfer_feature_squeezing_Base,46,SurrogateTransfer,feature_squeezing,Base,64,77,0,415,8,0.984,1.0,0.9058823529411765,0.9506172839506173,0.9529411764705882
primary_46_SurrogateTransfer_feature_squeezing_Base,46,SurrogateTransfer,feature_squeezing,Base,65,77,0,415,8,0.984,1.0,0.9058823529411765,0.9506172839506173,0.9529411764705882
primary_46_SurrogateTransfer_feature_squeezing_Base,46,SurrogateTransfer,feature_squeezing,Base,66,79,0,415,6,0.988,1.0,0.9294117647058824,0.9634146341463414,0.9647058823529412
primary_46_SurrogateTransfer_feature_squeezing_Base,46,SurrogateTransfer,feature_squeezing,Base,67,81,0,415,4,0.992,1.0,0.9529411764705882,0.9759036144578312,0.9764705882352941
primary_46_SurrogateTransfer_feature_squeezing_Base,46,SurrogateTransfer,feature_squeezing,Base,68,79,0,415,6,0.988,1.0,0.9294117647058824,0.9634146341463414,0.9647058823529412
primary_46_SurrogateTransfer_feature_squeezing_Base,46,SurrogateTransfer,feature_squeezing,Base,69,76,1,414,9,0.98,0.987012987012987,0.8941176470588236,0.9382716049382716,0.9458540042523034
primary_46_SurrogateTransfer_feature_squeezing_Base,46,SurrogateTransfer,feature_squeezing,Base,70,82,0,415,3,0.994,1.0,0.9647058823529412,0.9820359281437125,0.9823529411764707
primary_46_SurrogateTransfer_feature_squeezing_Base,46,SurrogateTransfer,feature_squeezing,Base,71,77,0,415,8,0.984,1.0,0.9058823529411765,0.9506172839506173,0.9529411764705882
primary_46_SurrogateTransfer_feature_squeezing_Base,46,SurrogateTransfer,feature_squeezing,Base,72,78,0,415,7,0.986,1.0,0.9176470588235294,0.9570552147239264,0.9588235294117646
primary_46_SurrogateTransfer_feature_squeezing_Base,46,SurrogateTransfer,feature_squeezing,Base,73,77,0,415,8,0.984,1.0,0.9058823529411765,0.9506172839506173,0.9529411764705882
primary_46_SurrogateTransfer_feature_squeezing_Base,46,SurrogateTransfer,feature_squeezing,Base,74,82,0,415,3,0.994,1.0,0.9647058823529412,0.9820359281437125,0.9823529411764707
primary_46_SurrogateTransfer_feature_squeezing_Base,46,SurrogateTransfer,feature_squeezing,Base,75,78,0,415,7,0.986,1.0,0.9176470588235294,0.9570552147239264,0.9588235294117646
primary_46_SurrogateTransfer_feature_squeezing_Base,46,SurrogateTransfer,feature_squeezing,Base,76,82,1,414,3,0.992,0.9879518072289156,0.9647058823529412,0.9761904761904762,0.9811481218993622
primary_46_SurrogateTransfer_feature_squeezing_Base,46,SurrogateTransfer,feature_squeezing,Base,77,80,0,415,5,0.99,1.0,0.9411764705882353,0.9696969696969697,0.9705882352941176
primary_46_SurrogateTransfer_feature_squeezing_Base,46,SurrogateTransfer,feature_squeezing,Base,78,79,0,415,6,0.988,1.0,0.9294117647058824,0.9634146341463414,0.9647058823529412
primary_46_SurrogateTransfer_feature_squeezing_Base,46,SurrogateTransfer,feature_squeezing,Base,79,80,0,415,5,0.99,1.0,0.9411764705882353,0.9696969696969697,0.9705882352941176
primary_46_SurrogateTransfer_feature_squeezing_Base,46,SurrogateTransfer,feature_squeezing,Base,80,77,0,415,8,0.984,1.0,0.9058823529411765,0.9506172839506173,0.9529411764705882
primary_46_SurrogateTransfer_feature_squeezing_Base,46,SurrogateTransfer,feature_squeezing,Base,81,75,0,415,10,0.98,1.0,0.8823529411764706,0.9375,0.9411764705882353
primary_46_SurrogateTransfer_feature_squeezing_Base,46,SurrogateTransfer,feature_squeezing,Base,82,79,0,415,6,0.988,1.0,0.9294117647058824,0.9634146341463414,0.9647058823529412
primary_46_SurrogateTransfer_feature_squeezing_Base,46,SurrogateTransfer,feature_squeezing,Base,83,76,0,415,9,0.982,1.0,0.8941176470588236,0.9440993788819877,0.9470588235294117
primary_46_SurrogateTransfer_feature_squeezing_Base,46,SurrogateTransfer,feature_squeezing,Base,84,79,0,415,6,0.988,1.0,0.9294117647058824,0.9634146341463414,0.9647058823529412
primary_46_SurrogateTransfer_feature_squeezing_Base,46,SurrogateTransfer,feature_squeezing,Base,85,81,0,415,4,0.992,1.0,0.9529411764705882,0.9759036144578312,0.9764705882352941
primary_46_SurrogateTransfer_feature_squeezing_Base,46,SurrogateTransfer,feature_squeezing,Base,86,75,1,414,10,0.978,0.9868421052631579,0.8823529411764706,0.9316770186335402,0.9399716513111269
primary_46_SurrogateTransfer_feature_squeezing_Base,46,SurrogateTransfer,feature_squeezing,Base,87,78,0,415,7,0.986,1.0,0.9176470588235294,0.9570552147239264,0.9588235294117646
primary_46_SurrogateTransfer_feature_squeezing_Base,46,SurrogateTransfer,feature_squeezing,Base,88,81,0,415,4,0.992,1.0,0.9529411764705882,0.9759036144578312,0.9764705882352941
primary_46_SurrogateTransfer_feature_squeezing_Base,46,SurrogateTransfer,feature_squeezing,Base,89,79,0,415,6,0.988,1.0,0.9294117647058824,0.9634146341463414,0.9647058823529412
primary_46_SurrogateTransfer_feature_squeezing_Base,46,SurrogateTransfer,feature_squeezing,Base,90,80,1,414,5,0.988,0.9876543209876543,0.9411764705882353,0.963855421686747,0.9693834160170092
primary_46_SurrogateTransfer_feature_squeezing_Base,46,SurrogateTransfer,feature_squeezing,Base,91,80,0,415,5,0.99,1.0,0.9411764705882353,0.9696969696969697,0.9705882352941176
primary_46_SurrogateTransfer_feature_squeezing_Base,46,SurrogateTransfer,feature_squeezing,Base,92,79,0,415,6,0.988,1.0,0.9294117647058824,0.9634146341463414,0.9647058823529412
primary_46_SurrogateTransfer_feature_squeezing_Base,46,SurrogateTransfer,feature_squeezing,Base,93,78,0,415,7,0.986,1.0,0.9176470588235294,0.9570552147239264,0.9588235294117646
primary_46_SurrogateTransfer_feature_squeezing_Base,46,SurrogateTransfer,feature_squeezing,Base,94,81,0,415,4,0.992,1.0,0.9529411764705882,0.9759036144578312,0.9764705882352941
primary_46_SurrogateTransfer_feature_squeezing_Base,46,SurrogateTransfer,feature_squeezing,Base,95,81,0,415,4,0.992,1.0,0.9529411764705882,0.9759036144578312,0.9764705882352941
primary_46_SurrogateTransfer_feature_squeezing_Base,46,SurrogateTransfer,feature_squeezing,Base,96,84,0,415,1,0.998,1.0,0.9882352941176471,0.9940828402366864,0.9941176470588236
primary_46_SurrogateTransfer_feature_squeezing_Base,46,SurrogateTransfer,feature_squeezing,Base,97,74,1,414,11,0.976,0.9866666666666667,0.8705882352941177,0.925,0.9340892983699505
primary_46_SurrogateTransfer_feature_squeezing_Base,46,SurrogateTransfer,feature_squeezing,Base,98,79,0,415,6,0.988,1.0,0.9294117647058824,0.9634146341463414,0.9647058823529412
primary_46_SurrogateTransfer_feature_squeezing_Base,46,SurrogateTransfer,feature_squeezing,Base,99,80,0,415,5,0.99,1.0,0.9411764705882353,0.9696969696969697,0.9705882352941176
primary_46_SurrogateTransfer_feature_squeezing_Base,46,SurrogateTransfer,feature_squeezing,Base,100,81,0,415,4,0.992,1.0,0.9529411764705882,0.9759036144578312,0.9764705882352941
primary_46_SurrogateTransfer_feature_squeezing_Base,46,SurrogateTransfer,feature_squeezing,Base,101,80,0,415,5,0.99,1.0,0.9411764705882353,0.9696969696969697,0.9705882352941176
primary_46_SurrogateTransfer_feature_squeezing_Base,46,SurrogateTransfer,feature_squeezing,Base,102,81,0,415,4,0.992,1.0,0.9529411764705882,0.9759036144578312,0.9764705882352941
primary_46_SurrogateTransfer_feature_squeezing_Base,46,SurrogateTransfer,feature_squeezing,Base,103,81,0,415,4,0.992,1.0,0.9529411764705882,0.9759036144578312,0.9764705882352941
primary_46_SurrogateTransfer_feature_squeezing_Base,46,SurrogateTransfer,feature_squeezing,Base,104,80,0,415,5,0.99,1.0,0.9411764705882353,0.9696969696969697,0.9705882352941176
primary_46_SurrogateTransfer_feature_squeezing_Base,46,SurrogateTransfer,feature_squeezing,Base,105,81,0,415,4,0.992,1.0,0.9529411764705882,0.9759036144578312,0.9764705882352941
primary_46_SurrogateTransfer_feature_squeezing_Base,46,SurrogateTransfer,feature_squeezing,Base,106,78,0,415,7,0.986,1.0,0.9176470588235294,0.9570552147239264,0.9588235294117646
primary_46_SurrogateTransfer_feature_squeezing_Base,46,SurrogateTransfer,feature_squeezing,Base,107,78,0,415,7,0.986,1.0,0.9176470588235294,0.9570552147239264,0.9588235294117646
primary_46_SurrogateTransfer_feature_squeezing_Base,46,SurrogateTransfer,feature_squeezing,Base,108,81,0,415,4,0.992,1.0,0.9529411764705882,0.9759036144578312,0.9764705882352941
primary_46_SurrogateTransfer_feature_squeezing_Base,46,SurrogateTransfer,feature_squeezing,Base,109,77,0,415,8,0.984,1.0,0.9058823529411765,0.9506172839506173,0.9529411764705882
primary_46_SurrogateTransfer_feature_squeezing_Base,46,SurrogateTransfer,feature_squeezing,Base,110,77,1,414,8,0.982,0.9871794871794872,0.9058823529411765,0.9447852760736197,0.9517363571934798
primary_46_SurrogateTransfer_feature_squeezing_Base,46,SurrogateTransfer,feature_squeezing,Base,111,83,0,415,2,0.996,1.0,0.9764705882352941,0.988095238095238,0.9882352941176471
primary_46_SurrogateTransfer_feature_squeezing_Base,46,SurrogateTransfer,feature_squeezing,Base,112,81,1,414,4,0.99,0.9878048780487805,0.9529411764705882,0.9700598802395209,0.9752657689581856
primary_46_SurrogateTransfer_feature_squeezing_Base,46,SurrogateTransfer,feature_squeezing,Base,113,79,0,415,6,0.988,1.0,0.9294117647058824,0.9634146341463414,0.9647058823529412
primary_46_SurrogateTransfer_feature_squeezing_Base,46,SurrogateTransfer,feature_squeezing,Base,114,78,0,415,7,0.986,1.0,0.9176470588235294,0.9570552147239264,0.9588235294117646
primary_46_SurrogateTransfer_feature_squeezing_Base,46,SurrogateTransfer,feature_squeezing,Base,115,77,0,415,8,0.984,1.0,0.9058823529411765,0.9506172839506173,0.9529411764705882
primary_46_SurrogateTransfer_feature_squeezing_Base,46,SurrogateTransfer,feature_squeezing,Base,116,77,0,415,8,0.984,1.0,0.9058823529411765,0.9506172839506173,0.9529411764705882
primary_46_SurrogateTransfer_feature_squeezing_Base,46,SurrogateTransfer,feature_squeezing,Base,117,80,1,414,5,0.988,0.9876543209876543,0.9411764705882353,0.963855421686747,0.9693834160170092
primary_46_SurrogateTransfer_feature_squeezing_Base,46,SurrogateTransfer,feature_squeezing,Base,118,78,0,415,7,0.986,1.0,0.9176470588235294,0.9570552147239264,0.9588235294117646
primary_46_SurrogateTransfer_feature_squeezing_Base,46,SurrogateTransfer,feature_squeezing,Base,119,80,0,415,5,0.99,1.0,0.9411764705882353,0.9696969696969697,0.9705882352941176
primary_46_SurrogateTransfer_feature_squeezing_Base,46,SurrogateTransfer,feature_squeezing,Base,120,81,0,415,4,0.992,1.0,0.9529411764705882,0.9759036144578312,0.9764705882352941
primary_46_SurrogateTransfer_feature_squeezing_Base,46,SurrogateTransfer,feature_squeezing,Base,121,81,0,415,4,0.992,1.0,0.9529411764705882,0.9759036144578312,0.9764705882352941
primary_46_SurrogateTransfer_feature_squeezing_Base,46,SurrogateTransfer,feature_squeezing,Base,122,80,0,415,5,0.99,1.0,0.9411764705882353,0.9696969696969697,0.9705882352941176
primary_46_SurrogateTransfer_feature_squeezing_Base,46,SurrogateTransfer,feature_squeezing,Base,123,75,0,415,10,0.98,1.0,0.8823529411764706,0.9375,0.9411764705882353
primary_46_SurrogateTransfer_feature_squeezing_Base,46,SurrogateTransfer,feature_squeezing,Base,124,78,0,415,7,0.986,1.0,0.9176470588235294,0.9570552147239264,0.9588235294117646
primary_46_SurrogateTransfer_feature_squeezing_Base,46,SurrogateTransfer,feature_squeezing,Base,125,79,0,415,6,0.988,1.0,0.9294117647058824,0.9634146341463414,0.9647058823529412
primary_46_SurrogateTransfer_feature_squeezing_Base,46,SurrogateTransfer,feature_squeezing,Base,126,82,0,415,3,0.994,1.0,0.9647058823529412,0.9820359281437125,0.9823529411764707
primary_46_SurrogateTransfer_feature_squeezing_Base,46,SurrogateTransfer,feature_squeezing,Base,127,75,0,415,10,0.98,1.0,0.8823529411764706,0.9375,0.9411764705882353
primary_46_SurrogateTransfer_feature_squeezing_Base,46,SurrogateTransfer,feature_squeezing,Base,128,82,0,415,3,0.994,1.0,0.9647058823529412,0.9820359281437125,0.9823529411764707
primary_46_SurrogateTransfer_feature_squeezing_Base,46,SurrogateTransfer,feature_squeezing,Base,129,79,0,415,6,0.988,1.0,0.9294117647058824,0.9634146341463414,0.9647058823529412
primary_46_SurrogateTransfer_feature_squeezing_Base,46,SurrogateTransfer,feature_squeezing,Base,130,83,0,415,2,0.996,1.0,0.9764705882352941,0.988095238095238,0.9882352941176471
primary_46_SurrogateTransfer_feature_squeezing_Base,46,SurrogateTransfer,feature_squeezing,Base,131,78,0,415,7,0.986,1.0,0.9176470588235294,0.9570552147239264,0.9588235294117646
primary_46_SurrogateTransfer_feature_squeezing_Base,46,SurrogateTransfer,feature_squeezing,Base,132,78,0,415,7,0.986,1.0,0.9176470588235294,0.9570552147239264,0.9588235294117646
primary_46_SurrogateTransfer_feature_squeezing_Base,46,SurrogateTransfer,feature_squeezing,Base,133,81,0,415,4,0.992,1.0,0.9529411764705882,0.9759036144578312,0.9764705882352941
primary_46_SurrogateTransfer_feature_squeezing_Base,46,SurrogateTransfer,feature_squeezing,Base,134,77,0,415,8,0.984,1.0,0.9058823529411765,0.9506172839506173,0.9529411764705882
primary_46_SurrogateTransfer_feature_squeezing_Base,46,SurrogateTransfer,feature_squeezing,Base,135,83,0,415,2,0.996,1.0,0.9764705882352941,0.988095238095238,0.9882352941176471
primary_46_SurrogateTransfer_feature_squeezing_Base,46,SurrogateTransfer,feature_squeezing,Base,136,80,0,415,5,0.99,1.0,0.9411764705882353,0.9696969696969697,0.9705882352941176
primary_46_SurrogateTransfer_feature_squeezing_Base,46,SurrogateTransfer,feature_squeezing,Base,137,78,0,415,7,0.986,1.0,0.9176470588235294,0.9570552147239264,0.9588235294117646
primary_46_SurrogateTransfer_feature_squeezing_Base,46,SurrogateTransfer,feature_squeezing,Base,138,81,0,415,4,0.992,1.0,0.9529411764705882,0.9759036144578312,0.9764705882352941
primary_46_SurrogateTransfer_feature_squeezing_Base,46,SurrogateTransfer,feature_squeezing,Base,139,78,0,415,7,0.986,1.0,0.9176470588235294,0.9570552147239264,0.9588235294117646
primary_46_SurrogateTransfer_feature_squeezing_Base,46,SurrogateTransfer,feature_squeezing,Base,140,77,0,415,8,0.984,1.0,0.9058823529411765,0.9506172839506173,0.9529411764705882
primary_46_SurrogateTransfer_feature_squeezing_Base,46,SurrogateTransfer,feature_squeezing,Base,141,77,0,415,8,0.984,1.0,0.9058823529411765,0.9506172839506173,0.9529411764705882
primary_46_SurrogateTransfer_feature_squeezing_Base,46,SurrogateTransfer,feature_squeezing,Base,142,84,0,415,1,0.998,1.0,0.9882352941176471,0.9940828402366864,0.9941176470588236
primary_46_SurrogateTransfer_feature_squeezing_Base,46,SurrogateTransfer,feature_squeezing,Base,143,80,0,415,5,0.99,1.0,0.9411764705882353,0.9696969696969697,0.9705882352941176
primary_46_SurrogateTransfer_feature_squeezing_C1,46,SurrogateTransfer,feature_squeezing,C1,0,80,0,414,6,0.988,1.0,0.9302325581395349,0.963855421686747,0.9651162790697674
primary_46_SurrogateTransfer_feature_squeezing_C1,46,SurrogateTransfer,feature_squeezing,C1,1,79,0,414,7,0.986,1.0,0.9186046511627907,0.9575757575757576,0.9593023255813953
primary_46_SurrogateTransfer_feature_squeezing_C1,46,SurrogateTransfer,feature_squeezing,C1,2,83,1,413,3,0.992,0.9880952380952381,0.9651162790697675,0.9764705882352942,0.9813504100662847
primary_46_SurrogateTransfer_feature_squeezing_C1,46,SurrogateTransfer,feature_squeezing,C1,3,84,0,414,2,0.996,1.0,0.9767441860465116,0.988235294117647,0.9883720930232558
primary_46_SurrogateTransfer_feature_squeezing_C1,46,SurrogateTransfer,feature_squeezing,C1,4,84,1,413,2,0.994,0.9882352941176471,0.9767441860465116,0.9824561403508771,0.9871643635546568
primary_46_SurrogateTransfer_feature_squeezing_C1,46,SurrogateTransfer,feature_squeezing,C1,5,83,0,414,3,0.994,1.0,0.9651162790697675,0.9822485207100593,0.9825581395348837
primary_46_SurrogateTransfer_feature_squeezing_C1,46,SurrogateTransfer,feature_squeezing,C1,6,82,0,414,4,0.992,1.0,0.9534883720930233,0.9761904761904763,0.9767441860465116
primary_46_SurrogateTransfer_feature_squeezing_C1,46,SurrogateTransfer,feature_squeezing,C1,7,81,1,413,5,0.988,0.9878048780487805,0.9418604651162791,0.9642857142857143,0.9697225030895404
primary_46_SurrogateTransfer_feature_squeezing_C1,46,SurrogateTransfer,feature_squeezing,C1,8,81,1,413,5,0.988,0.9878048780487805,0.9418604651162791,0.9642857142857143,0.9697225030895404
primary_46_SurrogateTransfer_feature_squeezing_C1,46,SurrogateTransfer,feature_squeezing,C1,9,84,0,414,2,0.996,1.0,0.9767441860465116,0.988235294117647,0.9883720930232558
primary_46_SurrogateTransfer_feature_squeezing_C1,46,SurrogateTransfer,feature_squeezing,C1,10,81,1,413,5,0.988,0.9878048780487805,0.9418604651162791,0.9642857142857143,0.9697225030895404
primary_46_SurrogateTransfer_feature_squeezing_C1,46,SurrogateTransfer,feature_squeezing,C1,11,80,0,414,6,0.988,1.0,0.9302325581395349,0.963855421686747,0.9651162790697674
primary_46_SurrogateTransfer_feature_squeezing_C1,46,SurrogateTransfer,feature_squeezing,C1,12,83,0,414,3,0.994,1.0,0.9651162790697675,0.9822485207100593,0.9825581395348837
primary_46_SurrogateTransfer_feature_squeezing_C1,46,SurrogateTransfer,feature_squeezing,C1,13,84,0,414,2,0.996,1.0,0.9767441860465116,0.988235294117647,0.9883720930232558
primary_46_SurrogateTransfer_feature_squeezing_C1,46,SurrogateTransfer,feature_squeezing,C1,14,84,1,413,2,0.994,0.9882352941176471,0.9767441860465116,0.9824561403508771,0.9871643635546568
primary_46_SurrogateTransfer_feature_squeezing_C1,46,SurrogateTransfer,feature_squeezing,C1,15,83,0,414,3,0.994,1.0,0.9651162790697675,0.9822485207100593,0.9825581395348837
primary_46_SurrogateTransfer_feature_squeezing_C1,46,SurrogateTransfer,feature_squeezing,C1,16,78,0,414,8,0.984,1.0,0.9069767441860465,0.951219512195122,0.9534883720930232
primary_46_SurrogateTransfer_feature_squeezing_C1,46,SurrogateTransfer,feature_squeezing,C1,17,84,0,415,1,0.998,1.0,0.9882352941176471,0.9940828402366864,0.9941176470588236
primary_46_SurrogateTransfer_feature_squeezing_C1,46,SurrogateTransfer,feature_squeezing,C1,18,80,0,415,5,0.99,1.0,0.9411764705882353,0.9696969696969697,0.9705882352941176
primary_46_SurrogateTransfer_feature_squeezing_C1,46,SurrogateTransfer,feature_squeezing,C1,19,83,0,415,2,0.996,1.0,0.9764705882352941,0.988095238095238,0.9882352941176471
primary_46_SurrogateTransfer_feature_squeezing_C1,46,SurrogateTransfer,feature_squeezing,C1,20,74,0,415,11,0.978,1.0,0.8705882352941177,0.9308176100628931,0.9352941176470588
primary_46_SurrogateTransfer_feature_squeezing_C1,46,SurrogateTransfer,feature_squeezing,C1,21,76,1,414,9,0.98,0.987012987012987,0.8941176470588236,0.9382716049382716,0.9458540042523034
primary_46_SurrogateTransfer_feature_squeezing_C1,46,SurrogateTransfer,feature_squeezing,C1,22,78,0,415,7,0.986,1.0,0.9176470588235294,0.9570552147239264,0.9588235294117646
primary_46_SurrogateTransfer_feature_squeezing_C1,46,SurrogateTransfer,feature_squeezing,C1,23,81,0,415,4,0.992,1.0,0.9529411764705882,0.9759036144578312,0.9764705882352941
primary_46_SurrogateTransfer_feature_squeezing_C1,46,SurrogateTransfer,feature_squeezing,C1,24,80,1,414,5,0.988,0.9876543209876543,0.9411764705882353,0.963855421686747,0.9693834160170092
primary_46_SurrogateTransfer_feature_squeezing_C1,46,SurrogateTransfer,feature_squeezing,C1,25,77,0,415,8,0.984,1.0,0.9058823529411765,0.9506172839506173,0.9529411764705882
primary_46_SurrogateTransfer_feature_squeezing_C1,46,SurrogateTransfer,feature_squeezing,C1,26,77,0,415,8,0.984,1.0,0.9058823529411765,0.9506172839506173,0.9529411764705882
primary_46_SurrogateTransfer_feature_squeezing_C1,46,SurrogateTransfer,feature_squeezing,C1,27,77,0,415,8,0.984,1.0,0.9058823529411765,0.9506172839506173,0.9529411764705882
primary_46_SurrogateTransfer_feature_squeezing_C1,46,SurrogateTransfer,feature_squeezing,C1,28,79,0,415,6,0.988,1.0,0.9294117647058824,0.9634146341463414,0.9647058823529412
primary_46_SurrogateTransfer_feature_squeezing_C1,46,SurrogateTransfer,feature_squeezing,C1,29,80,0,415,5,0.99,1.0,0.9411764705882353,0.9696969696969697,0.9705882352941176
primary_46_SurrogateTransfer_feature_squeezing_C1,46,SurrogateTransfer,feature_squeezing,C1,30,79,0,415,6,0.988,1.0,0.9294117647058824,0.9634146341463414,0.9647058823529412
primary_46_SurrogateTransfer_feature_squeezing_C1,46,SurrogateTransfer,feature_squeezing,C1,31,78,1,414,7,0.984,0.9873417721518988,0.9176470588235294,0.9512195121951219,0.9576187101346563
primary_46_SurrogateTransfer_feature_squeezing_C1,46,SurrogateTransfer,feature_squeezing,C1,32,80,0,415,5,0.99,1.0,0.9411764705882353,0.9696969696969697,0.9705882352941176
primary_46_SurrogateTransfer_feature_squeezing_C1,46,SurrogateTransfer,feature_squeezing,C1,33,81,0,415,4,0.992,1.0,0.9529411764705882,0.9759036144578312,0.9764705882352941
primary_46_SurrogateTransfer_feature_squeezing_C1,46,SurrogateTransfer,feature_squeezing,C1,34,79,1,414,6,0.986,0.9875,0.9294117647058824,0.9575757575757576,0.9635010630758327
primary_46_SurrogateTransfer_feature_squeezing_C1,46,SurrogateTransfer,feature_squeezing,C1,35,75,0,415,10,0.98,1.0,0.8823529411764706,0.9375,0.9411764705882353
primary_46_SurrogateTransfer_feature_squeezing_C1,46,SurrogateTransfer,feature_squeezing,C1,36,80,0,415,5,0.99,1.0,0.9411764705882353,0.9696969696969697,0.9705882352941176
primary_46_SurrogateTransfer_feature_squeezing_C1,46,SurrogateTransfer,feature_squeezing,C1,37,81,1,414,4,0.99,0.9878048780487805,0.9529411764705882,0.9700598802395209,0.9752657689581856
primary_46_SurrogateTransfer_feature_squeezing_C1,46,SurrogateTransfer,feature_squeezing,C1,38,81,0,415,4,0.992,1.0,0.9529411764705882,0.9759036144578312,0.9764705882352941
primary_46_SurrogateTransfer_feature_squeezing_C1,46,SurrogateTransfer,feature_squeezing,C1,39,81,0,415,4,0.992,1.0,0.9529411764705882,0.9759036144578312,0.9764705882352941
primary_46_SurrogateTransfer_feature_squeezing_C1,46,SurrogateTransfer,feature_squeezing,C1,40,82,0,415,3,0.994,1.0,0.9647058823529412,0.9820359281437125,0.9823529411764707
primary_46_SurrogateTransfer_feature_squeezing_C1,46,SurrogateTransfer,feature_squeezing,C1,41,82,0,415,3,0.994,1.0,0.9647058823529412,0.9820359281437125,0.9823529411764707
primary_46_SurrogateTransfer_feature_squeezing_C1,46,SurrogateTransfer,feature_squeezing,C1,42,81,0,415,4,0.992,1.0,0.9529411764705882,0.9759036144578312,0.9764705882352941
primary_46_SurrogateTransfer_feature_squeezing_C1,46,SurrogateTransfer,feature_squeezing,C1,43,78,1,414,7,0.984,0.9873417721518988,0.9176470588235294,0.9512195121951219,0.9576187101346563
primary_46_SurrogateTransfer_feature_squeezing_C1,46,SurrogateTransfer,feature_squeezing,C1,44,79,0,415,6,0.988,1.0,0.9294117647058824,0.9634146341463414,0.9647058823529412
primary_46_SurrogateTransfer_feature_squeezing_C1,46,SurrogateTransfer,feature_squeezing,C1,45,81,0,415,4,0.992,1.0,0.9529411764705882,0.9759036144578312,0.9764705882352941
primary_46_SurrogateTransfer_feature_squeezing_C1,46,SurrogateTransfer,feature_squeezing,C1,46,81,1,414,4,0.99,0.9878048780487805,0.9529411764705882,0.9700598802395209,0.9752657689581856
primary_46_SurrogateTransfer_feature_squeezing_C1,46,SurrogateTransfer,feature_squeezing,C1,47,76,0,415,9,0.982,1.0,0.8941176470588236,0.9440993788819877,0.9470588235294117
primary_46_SurrogateTransfer_feature_squeezing_C1,46,SurrogateTransfer,feature_squeezing,C1,48,81,0,415,4,0.992,1.0,0.9529411764705882,0.9759036144578312,0.9764705882352941
primary_46_SurrogateTransfer_feature_squeezing_C1,46,SurrogateTransfer,feature_squeezing,C1,49,77,0,415,8,0.984,1.0,0.9058823529411765,0.9506172839506173,0.9529411764705882
primary_46_SurrogateTransfer_feature_squeezing_C1,46,SurrogateTransfer,feature_squeezing,C1,50,81,0,415,4,0.992,1.0,0.9529411764705882,0.9759036144578312,0.9764705882352941
primary_46_SurrogateTransfer_feature_squeezing_C1,46,SurrogateTransfer,feature_squeezing,C1,51,80,1,414,5,0.988,0.9876543209876543,0.9411764705882353,0.963855421686747,0.9693834160170092
primary_46_SurrogateTransfer_feature_squeezing_C1,46,SurrogateTransfer,feature_squeezing,C1,52,80,1,414,5,0.988,0.9876543209876543,0.9411764705882353,0.963855421686747,0.9693834160170092
primary_46_SurrogateTransfer_feature_squeezing_C1,46,SurrogateTransfer,feature_squeezing,C1,53,77,1,414,8,0.982,0.9871794871794872,0.9058823529411765,0.9447852760736197,0.9517363571934798
primary_46_SurrogateTransfer_feature_squeezing_C1,46,SurrogateTransfer,feature_squeezing,C1,54,82,0,415,3,0.994,1.0,0.9647058823529412,0.9820359281437125,0.9823529411764707
primary_46_SurrogateTransfer_feature_squeezing_C1,46,SurrogateTransfer,feature_squeezing,C1,55,78,0,415,7,0.986,1.0,0.9176470588235294,0.9570552147239264,0.9588235294117646
primary_46_SurrogateTransfer_feature_squeezing_C1,46,SurrogateTransfer,feature_squeezing,C1,56,78,0,415,7,0.986,1.0,0.9176470588235294,0.9570552147239264,0.9588235294117646
primary_46_SurrogateTransfer_feature_squeezing_C1,46,SurrogateTransfer,feature_squeezing,C1,57,81,0,415,4,0.992,1.0,0.9529411764705882,0.9759036144578312,0.9764705882352941
primary_46_SurrogateTransfer_feature_squeezing_C1,46,SurrogateTransfer,feature_squeezing,C1,58,82,1,414,3,0.992,0.9879518072289156,0.9647058823529412,0.9761904761904762,0.9811481218993622
primary_46_SurrogateTransfer_feature_squeezing_C1,46,SurrogateTransfer,feature_squeezing,C1,59,78,0,415,7,0.986,1.0,0.9176470588235294,0.9570552147239264,0.9588235294117646
primary_46_SurrogateTransfer_feature_squeezing_C1,46,SurrogateTransfer,feature_squeezing,C1,60,81,0,415,4,0.992,1.0,0.9529411764705882,0.9759036144578312,0.9764705882352941
primary_46_SurrogateTransfer_feature_squeezing_C1,46,SurrogateTransfer,feature_squeezing,C1,61,78,0,415,7,0.986,1.0,0.9176470588235294,0.9570552147239264,0.9588235294117646
primary_46_SurrogateTransfer_feature_squeezing_C1,46,SurrogateTransfer,feature_squeezing,C1,62,81,0,415,4,0.992,1.0,0.9529411764705882,0.9759036144578312,0.9764705882352941
primary_46_SurrogateTransfer_feature_squeezing_C1,46,SurrogateTransfer,feature_squeezing,C1,63,77,0,415,8,0.984,1.0,0.9058823529411765,0.9506172839506173,0.9529411764705882
primary_46_SurrogateTransfer_feature_squeezing_C1,46,SurrogateTransfer,feature_squeezing,C1,64,77,0,415,8,0.984,1.0,0.9058823529411765,0.9506172839506173,0.9529411764705882
primary_46_SurrogateTransfer_feature_squeezing_C1,46,SurrogateTransfer,feature_squeezing,C1,65,78,0,415,7,0.986,1.0,0.9176470588235294,0.9570552147239264,0.9588235294117646
primary_46_SurrogateTransfer_feature_squeezing_C1,46,SurrogateTransfer,feature_squeezing,C1,66,80,0,415,5,0.99,1.0,0.9411764705882353,0.9696969696969697,0.9705882352941176
primary_46_SurrogateTransfer_feature_squeezing_C1,46,SurrogateTransfer,feature_squeezing,C1,67,81,0,415,4,0.992,1.0,0.9529411764705882,0.9759036144578312,0.9764705882352941
primary_46_SurrogateTransfer_feature_squeezing_C1,46,SurrogateTransfer,feature_squeezing,C1,68,79,0,415,6,0.988,1.0,0.9294117647058824,0.9634146341463414,0.9647058823529412
primary_46_SurrogateTransfer_feature_squeezing_C1,46,SurrogateTransfer,feature_squeezing,C1,69,80,1,414,5,0.988,0.9876543209876543,0.9411764705882353,0.963855421686747,0.9693834160170092
primary_46_SurrogateTransfer_feature_squeezing_C1,46,SurrogateTransfer,feature_squeezing,C1,70,82,0,415,3,0.994,1.0,0.9647058823529412,0.9820359281437125,0.9823529411764707
primary_46_SurrogateTransfer_feature_squeezing_C1,46,SurrogateTransfer,feature_squeezing,C1,71,77,0,415,8,0.984,1.0,0.9058823529411765,0.9506172839506173,0.9529411764705882
primary_46_SurrogateTransfer_feature_squeezing_C1,46,SurrogateTransfer,feature_squeezing,C1,72,78,0,415,7,0.986,1.0,0.9176470588235294,0.9570552147239264,0.9588235294117646
primary_46_SurrogateTransfer_feature_squeezing_C1,46,SurrogateTransfer,feature_squeezing,C1,73,77,0,415,8,0.984,1.0,0.9058823529411765,0.9506172839506173,0.9529411764705882
primary_46_SurrogateTransfer_feature_squeezing_C1,46,SurrogateTransfer,feature_squeezing,C1,74,82,0,415,3,0.994,1.0,0.9647058823529412,0.9820359281437125,0.9823529411764707
primary_46_SurrogateTransfer_feature_squeezing_C1,46,SurrogateTransfer,feature_squeezing,C1,75,78,0,415,7,0.986,1.0,0.9176470588235294,0.9570552147239264,0.9588235294117646
primary_46_SurrogateTransfer_feature_squeezing_C1,46,SurrogateTransfer,feature_squeezing,C1,76,82,0,415,3,0.994,1.0,0.9647058823529412,0.9820359281437125,0.9823529411764707
primary_46_SurrogateTransfer_feature_squeezing_C1,46,SurrogateTransfer,feature_squeezing,C1,77,80,0,415,5,0.99,1.0,0.9411764705882353,0.9696969696969697,0.9705882352941176
primary_46_SurrogateTransfer_feature_squeezing_C1,46,SurrogateTransfer,feature_squeezing,C1,78,83,0,415,2,0.996,1.0,0.9764705882352941,0.988095238095238,0.9882352941176471
primary_46_SurrogateTransfer_feature_squeezing_C1,46,SurrogateTransfer,feature_squeezing,C1,79,81,0,415,4,0.992,1.0,0.9529411764705882,0.9759036144578312,0.9764705882352941
primary_46_SurrogateTransfer_feature_squeezing_C1,46,SurrogateTransfer,feature_squeezing,C1,80,78,0,415,7,0.986,1.0,0.9176470588235294,0.9570552147239264,0.9588235294117646
primary_46_SurrogateTransfer_feature_squeezing_C1,46,SurrogateTransfer,feature_squeezing,C1,81,76,0,415,9,0.982,1.0,0.8941176470588236,0.9440993788819877,0.9470588235294117
primary_46_SurrogateTransfer_feature_squeezing_C1,46,SurrogateTransfer,feature_squeezing,C1,82,79,0,415,6,0.988,1.0,0.9294117647058824,0.9634146341463414,0.9647058823529412
primary_46_SurrogateTransfer_feature_squeezing_C1,46,SurrogateTransfer,feature_squeezing,C1,83,78,0,415,7,0.986,1.0,0.9176470588235294,0.9570552147239264,0.9588235294117646
primary_46_SurrogateTransfer_feature_squeezing_C1,46,SurrogateTransfer,feature_squeezing,C1,84,79,0,415,6,0.988,1.0,0.9294117647058824,0.9634146341463414,0.9647058823529412
primary_46_SurrogateTransfer_feature_squeezing_C1,46,SurrogateTransfer,feature_squeezing,C1,85,82,1,414,3,0.992,0.9879518072289156,0.9647058823529412,0.9761904761904762,0.9811481218993622
primary_46_SurrogateTransfer_feature_squeezing_C1,46,SurrogateTransfer,feature_squeezing,C1,86,76,1,414,9,0.98,0.987012987012987,0.8941176470588236,0.9382716049382716,0.9458540042523034
primary_46_SurrogateTransfer_feature_squeezing_C1,46,SurrogateTransfer,feature_squeezing,C1,87,78,0,415,7,0.986,1.0,0.9176470588235294,0.9570552147239264,0.9588235294117646
primary_46_SurrogateTransfer_feature_squeezing_C1,46,SurrogateTransfer,feature_squeezing,C1,88,81,0,415,4,0.992,1.0,0.9529411764705882,0.9759036144578312,0.9764705882352941
primary_46_SurrogateTransfer_feature_squeezing_C1,46,SurrogateTransfer,feature_squeezing,C1,89,79,1,414,6,0.986,0.9875,0.9294117647058824,0.9575757575757576,0.9635010630758327
primary_46_SurrogateTransfer_feature_squeezing_C1,46,SurrogateTransfer,feature_squeezing,C1,90,81,1,414,4,0.99,0.9878048780487805,0.9529411764705882,0.9700598802395209,0.9752657689581856
primary_46_SurrogateTransfer_feature_squeezing_C1,46,SurrogateTransfer,feature_squeezing,C1,91,80,1,414,5,0.988,0.9876543209876543,0.9411764705882353,0.963855421686747,0.9693834160170092
primary_46_SurrogateTransfer_feature_squeezing_C1,46,SurrogateTransfer,feature_squeezing,C1,92,80,0,415,5,0.99,1.0,0.9411764705882353,0.9696969696969697,0.9705882352941176
primary_46_SurrogateTransfer_feature_squeezing_C1,46,SurrogateTransfer,feature_squeezing,C1,93,79,0,415,6,0.988,1.0,0.9294117647058824,0.9634146341463414,0.9647058823529412
primary_46_SurrogateTransfer_feature_squeezing_C1,46,SurrogateTransfer,feature_squeezing,C1,94,81,0,415,4,0.992,1.0,0.9529411764705882,0.9759036144578312,0.9764705882352941
primary_46_SurrogateTransfer_feature_squeezing_C1,46,SurrogateTransfer,feature_squeezing,C1,95,81,0,415,4,0.992,1.0,0.9529411764705882,0.9759036144578312,0.9764705882352941
primary_46_SurrogateTransfer_feature_squeezing_C1,46,SurrogateTransfer,feature_squeezing,C1,96,84,0,415,1,0.998,1.0,0.9882352941176471,0.9940828402366864,0.9941176470588236
primary_46_SurrogateTransfer_feature_squeezing_C1,46,SurrogateTransfer,feature_squeezing,C1,97,75,1,414,10,0.978,0.9868421052631579,0.8823529411764706,0.9316770186335402,0.9399716513111269
primary_46_SurrogateTransfer_feature_squeezing_C1,46,SurrogateTransfer,feature_squeezing,C1,98,80,0,415,5,0.99,1.0,0.9411764705882353,0.9696969696969697,0.9705882352941176
primary_46_SurrogateTransfer_feature_squeezing_C1,46,SurrogateTransfer,feature_squeezing,C1,99,81,0,415,4,0.992,1.0,0.9529411764705882,0.9759036144578312,0.9764705882352941
primary_46_SurrogateTransfer_feature_squeezing_C1,46,SurrogateTransfer,feature_squeezing,C1,100,81,0,415,4,0.992,1.0,0.9529411764705882,0.9759036144578312,0.9764705882352941
primary_46_SurrogateTransfer_feature_squeezing_C1,46,SurrogateTransfer,feature_squeezing,C1,101,81,0,415,4,0.992,1.0,0.9529411764705882,0.9759036144578312,0.9764705882352941
primary_46_SurrogateTransfer_feature_squeezing_C1,46,SurrogateTransfer,feature_squeezing,C1,102,82,0,415,3,0.994,1.0,0.9647058823529412,0.9820359281437125,0.9823529411764707
primary_46_SurrogateTransfer_feature_squeezing_C1,46,SurrogateTransfer,feature_squeezing,C1,103,81,0,415,4,0.992,1.0,0.9529411764705882,0.9759036144578312,0.9764705882352941
primary_46_SurrogateTransfer_feature_squeezing_C1,46,SurrogateTransfer,feature_squeezing,C1,104,81,0,415,4,0.992,1.0,0.9529411764705882,0.9759036144578312,0.9764705882352941
primary_46_SurrogateTransfer_feature_squeezing_C1,46,SurrogateTransfer,feature_squeezing,C1,105,82,0,415,3,0.994,1.0,0.9647058823529412,0.9820359281437125,0.9823529411764707
primary_46_SurrogateTransfer_feature_squeezing_C1,46,SurrogateTransfer,feature_squeezing,C1,106,79,0,415,6,0.988,1.0,0.9294117647058824,0.9634146341463414,0.9647058823529412
primary_46_SurrogateTransfer_feature_squeezing_C1,46,SurrogateTransfer,feature_squeezing,C1,107,79,0,415,6,0.988,1.0,0.9294117647058824,0.9634146341463414,0.9647058823529412
primary_46_SurrogateTransfer_feature_squeezing_C1,46,SurrogateTransfer,feature_squeezing,C1,108,81,0,415,4,0.992,1.0,0.9529411764705882,0.9759036144578312,0.9764705882352941
primary_46_SurrogateTransfer_feature_squeezing_C1,46,SurrogateTransfer,feature_squeezing,C1,109,78,0,415,7,0.986,1.0,0.9176470588235294,0.9570552147239264,0.9588235294117646
primary_46_SurrogateTransfer_feature_squeezing_C1,46,SurrogateTransfer,feature_squeezing,C1,110,78,1,414,7,0.984,0.9873417721518988,0.9176470588235294,0.9512195121951219,0.9576187101346563
primary_46_SurrogateTransfer_feature_squeezing_C1,46,SurrogateTransfer,feature_squeezing,C1,111,84,0,415,1,0.998,1.0,0.9882352941176471,0.9940828402366864,0.9941176470588236
primary_46_SurrogateTransfer_feature_squeezing_C1,46,SurrogateTransfer,feature_squeezing,C1,112,81,1,414,4,0.99,0.9878048780487805,0.9529411764705882,0.9700598802395209,0.9752657689581856
primary_46_SurrogateTransfer_feature_squeezing_C1,46,SurrogateTransfer,feature_squeezing,C1,113,79,1,414,6,0.986,0.9875,0.9294117647058824,0.9575757575757576,0.9635010630758327
primary_46_SurrogateTransfer_feature_squeezing_C1,46,SurrogateTransfer,feature_squeezing,C1,114,79,0,415,6,0.988,1.0,0.9294117647058824,0.9634146341463414,0.9647058823529412
primary_46_SurrogateTransfer_feature_squeezing_C1,46,SurrogateTransfer,feature_squeezing,C1,115,77,0,415,8,0.984,1.0,0.9058823529411765,0.9506172839506173,0.9529411764705882
primary_46_SurrogateTransfer_feature_squeezing_C1,46,SurrogateTransfer,feature_squeezing,C1,116,78,0,415,7,0.986,1.0,0.9176470588235294,0.9570552147239264,0.9588235294117646
primary_46_SurrogateTransfer_feature_squeezing_C1,46,SurrogateTransfer,feature_squeezing,C1,117,80,0,415,5,0.99,1.0,0.9411764705882353,0.9696969696969697,0.9705882352941176
primary_46_SurrogateTransfer_feature_squeezing_C1,46,SurrogateTransfer,feature_squeezing,C1,118,78,1,414,7,0.984,0.9873417721518988,0.9176470588235294,0.9512195121951219,0.9576187101346563
primary_46_SurrogateTransfer_feature_squeezing_C1,46,SurrogateTransfer,feature_squeezing,C1,119,80,0,415,5,0.99,1.0,0.9411764705882353,0.9696969696969697,0.9705882352941176
primary_46_SurrogateTransfer_feature_squeezing_C1,46,SurrogateTransfer,feature_squeezing,C1,120,81,0,415,4,0.992,1.0,0.9529411764705882,0.9759036144578312,0.9764705882352941
primary_46_SurrogateTransfer_feature_squeezing_C1,46,SurrogateTransfer,feature_squeezing,C1,121,81,0,415,4,0.992,1.0,0.9529411764705882,0.9759036144578312,0.9764705882352941
primary_46_SurrogateTransfer_feature_squeezing_C1,46,SurrogateTransfer,feature_squeezing,C1,122,80,0,415,5,0.99,1.0,0.9411764705882353,0.9696969696969697,0.9705882352941176
primary_46_SurrogateTransfer_feature_squeezing_C1,46,SurrogateTransfer,feature_squeezing,C1,123,76,0,415,9,0.982,1.0,0.8941176470588236,0.9440993788819877,0.9470588235294117
primary_46_SurrogateTransfer_feature_squeezing_C1,46,SurrogateTransfer,feature_squeezing,C1,124,80,0,415,5,0.99,1.0,0.9411764705882353,0.9696969696969697,0.9705882352941176
primary_46_SurrogateTransfer_feature_squeezing_C1,46,SurrogateTransfer,feature_squeezing,C1,125,80,1,414,5,0.988,0.9876543209876543,0.9411764705882353,0.963855421686747,0.9693834160170092
primary_46_SurrogateTransfer_feature_squeezing_C1,46,SurrogateTransfer,feature_squeezing,C1,126,83,0,415,2,0.996,1.0,0.9764705882352941,0.988095238095238,0.9882352941176471
primary_46_SurrogateTransfer_feature_squeezing_C1,46,SurrogateTransfer,feature_squeezing,C1,127,77,0,415,8,0.984,1.0,0.9058823529411765,0.9506172839506173,0.9529411764705882
primary_46_SurrogateTransfer_feature_squeezing_C1,46,SurrogateTransfer,feature_squeezing,C1,128,83,0,415,2,0.996,1.0,0.9764705882352941,0.988095238095238,0.9882352941176471
primary_46_SurrogateTransfer_feature_squeezing_C1,46,SurrogateTransfer,feature_squeezing,C1,129,79,0,415,6,0.988,1.0,0.9294117647058824,0.9634146341463414,0.9647058823529412
primary_46_SurrogateTransfer_feature_squeezing_C1,46,SurrogateTransfer,feature_squeezing,C1,130,83,0,415,2,0.996,1.0,0.9764705882352941,0.988095238095238,0.9882352941176471
primary_46_SurrogateTransfer_feature_squeezing_C1,46,SurrogateTransfer,feature_squeezing,C1,131,80,0,415,5,0.99,1.0,0.9411764705882353,0.9696969696969697,0.9705882352941176
primary_46_SurrogateTransfer_feature_squeezing_C1,46,SurrogateTransfer,feature_squeezing,C1,132,78,0,415,7,0.986,1.0,0.9176470588235294,0.9570552147239264,0.9588235294117646
primary_46_SurrogateTransfer_feature_squeezing_C1,46,SurrogateTransfer,feature_squeezing,C1,133,81,0,415,4,0.992,1.0,0.9529411764705882,0.9759036144578312,0.9764705882352941
primary_46_SurrogateTransfer_feature_squeezing_C1,46,SurrogateTransfer,feature_squeezing,C1,134,78,0,415,7,0.986,1.0,0.9176470588235294,0.9570552147239264,0.9588235294117646
primary_46_SurrogateTransfer_feature_squeezing_C1,46,SurrogateTransfer,feature_squeezing,C1,135,83,0,415,2,0.996,1.0,0.9764705882352941,0.988095238095238,0.9882352941176471
primary_46_SurrogateTransfer_feature_squeezing_C1,46,SurrogateTransfer,feature_squeezing,C1,136,82,0,415,3,0.994,1.0,0.9647058823529412,0.9820359281437125,0.9823529411764707
primary_46_SurrogateTransfer_feature_squeezing_C1,46,SurrogateTransfer,feature_squeezing,C1,137,79,1,414,6,0.986,0.9875,0.9294117647058824,0.9575757575757576,0.9635010630758327
primary_46_SurrogateTransfer_feature_squeezing_C1,46,SurrogateTransfer,feature_squeezing,C1,138,82,0,415,3,0.994,1.0,0.9647058823529412,0.9820359281437125,0.9823529411764707
primary_46_SurrogateTransfer_feature_squeezing_C1,46,SurrogateTransfer,feature_squeezing,C1,139,78,0,415,7,0.986,1.0,0.9176470588235294,0.9570552147239264,0.9588235294117646
primary_46_SurrogateTransfer_feature_squeezing_C1,46,SurrogateTransfer,feature_squeezing,C1,140,78,0,415,7,0.986,1.0,0.9176470588235294,0.9570552147239264,0.9588235294117646
primary_46_SurrogateTransfer_feature_squeezing_C1,46,SurrogateTransfer,feature_squeezing,C1,141,77,0,415,8,0.984,1.0,0.9058823529411765,0.9506172839506173,0.9529411764705882
primary_46_SurrogateTransfer_feature_squeezing_C1,46,SurrogateTransfer,feature_squeezing,C1,142,84,0,415,1,0.998,1.0,0.9882352941176471,0.9940828402366864,0.9941176470588236
primary_46_SurrogateTransfer_feature_squeezing_C1,46,SurrogateTransfer,feature_squeezing,C1,143,81,0,415,4,0.992,1.0,0.9529411764705882,0.9759036144578312,0.9764705882352941
primary_46_SurrogateTransfer_randomized_smoothing_Base,46,SurrogateTransfer,randomized_smoothing,Base,0,70,0,414,16,0.968,1.0,0.813953488372093,0.8974358974358974,0.9069767441860466
primary_46_SurrogateTransfer_randomized_smoothing_Base,46,SurrogateTransfer,randomized_smoothing,Base,1,65,0,414,21,0.958,1.0,0.7558139534883721,0.8609271523178808,0.877906976744186
primary_46_SurrogateTransfer_randomized_smoothing_Base,46,SurrogateTransfer,randomized_smoothing,Base,2,75,0,414,11,0.978,1.0,0.872093023255814,0.9316770186335404,0.936046511627907
primary_46_SurrogateTransfer_randomized_smoothing_Base,46,SurrogateTransfer,randomized_smoothing,Base,3,67,0,414,19,0.962,1.0,0.7790697674418605,0.8758169934640523,0.8895348837209303
primary_46_SurrogateTransfer_randomized_smoothing_Base,46,SurrogateTransfer,randomized_smoothing,Base,4,75,0,414,11,0.978,1.0,0.872093023255814,0.9316770186335404,0.936046511627907
primary_46_SurrogateTransfer_randomized_smoothing_Base,46,SurrogateTransfer,randomized_smoothing,Base,5,71,0,414,15,0.97,1.0,0.8255813953488372,0.9044585987261146,0.9127906976744187
primary_46_SurrogateTransfer_randomized_smoothing_Base,46,SurrogateTransfer,randomized_smoothing,Base,6,73,0,414,13,0.974,1.0,0.8488372093023255,0.9182389937106918,0.9244186046511628
primary_46_SurrogateTransfer_randomized_smoothing_Base,46,SurrogateTransfer,randomized_smoothing,Base,7,69,0,414,17,0.966,1.0,0.8023255813953488,0.8903225806451612,0.9011627906976745
primary_46_SurrogateTransfer_randomized_smoothing_Base,46,SurrogateTransfer,randomized_smoothing,Base,8,66,0,414,20,0.96,1.0,0.7674418604651163,0.868421052631579,0.8837209302325582
primary_46_SurrogateTransfer_randomized_smoothing_Base,46,SurrogateTransfer,randomized_smoothing,Base,9,70,0,414,16,0.968,1.0,0.813953488372093,0.8974358974358974,0.9069767441860466
primary_46_SurrogateTransfer_randomized_smoothing_Base,46,SurrogateTransfer,randomized_smoothing,Base,10,71,0,414,15,0.97,1.0,0.8255813953488372,0.9044585987261146,0.9127906976744187
primary_46_SurrogateTransfer_randomized_smoothing_Base,46,SurrogateTransfer,randomized_smoothing,Base,11,67,0,414,19,0.962,1.0,0.7790697674418605,0.8758169934640523,0.8895348837209303
primary_46_SurrogateTransfer_randomized_smoothing_Base,46,SurrogateTransfer,randomized_smoothing,Base,12,71,0,414,15,0.97,1.0,0.8255813953488372,0.9044585987261146,0.9127906976744187
primary_46_SurrogateTransfer_randomized_smoothing_Base,46,SurrogateTransfer,randomized_smoothing,Base,13,77,0,414,9,0.982,1.0,0.8953488372093024,0.9447852760736196,0.9476744186046512
primary_46_SurrogateTransfer_randomized_smoothing_Base,46,SurrogateTransfer,randomized_smoothing,Base,14,73,0,414,13,0.974,1.0,0.8488372093023255,0.9182389937106918,0.9244186046511628
primary_46_SurrogateTransfer_randomized_smoothing_Base,46,SurrogateTransfer,randomized_smoothing,Base,15,72,0,414,14,0.972,1.0,0.8372093023255814,0.9113924050632911,0.9186046511627908
primary_46_SurrogateTransfer_randomized_smoothing_Base,46,SurrogateTransfer,randomized_smoothing,Base,16,67,0,414,19,0.962,1.0,0.7790697674418605,0.8758169934640523,0.8895348837209303
primary_46_SurrogateTransfer_randomized_smoothing_Base,46,SurrogateTransfer,randomized_smoothing,Base,17,79,0,415,6,0.988,1.0,0.9294117647058824,0.9634146341463414,0.9647058823529412
primary_46_SurrogateTransfer_randomized_smoothing_Base,46,SurrogateTransfer,randomized_smoothing,Base,18,67,0,415,18,0.964,1.0,0.788235294117647,0.8815789473684211,0.8941176470588235
primary_46_SurrogateTransfer_randomized_smoothing_Base,46,SurrogateTransfer,randomized_smoothing,Base,19,73,0,415,12,0.976,1.0,0.8588235294117647,0.9240506329113923,0.9294117647058824
primary_46_SurrogateTransfer_randomized_smoothing_Base,46,SurrogateTransfer,randomized_smoothing,Base,20,67,0,415,18,0.964,1.0,0.788235294117647,0.8815789473684211,0.8941176470588235
primary_46_SurrogateTransfer_randomized_smoothing_Base,46,SurrogateTransfer,randomized_smoothing,Base,21,67,0,415,18,0.964,1.0,0.788235294117647,0.8815789473684211,0.8941176470588235
primary_46_SurrogateTransfer_randomized_smoothing_Base,46,SurrogateTransfer,randomized_smoothing,Base,22,70,0,415,15,0.97,1.0,0.8235294117647058,0.9032258064516129,0.9117647058823529
primary_46_SurrogateTransfer_randomized_smoothing_Base,46,SurrogateTransfer,randomized_smoothing,Base,23,69,0,415,16,0.968,1.0,0.8117647058823529,0.8961038961038961,0.9058823529411765
primary_46_SurrogateTransfer_randomized_smoothing_Base,46,SurrogateTransfer,randomized_smoothing,Base,24,69,0,415,16,0.968,1.0,0.8117647058823529,0.8961038961038961,0.9058823529411765
primary_46_SurrogateTransfer_randomized_smoothing_Base,46,SurrogateTransfer,randomized_smoothing,Base,25,71,0,415,14,0.972,1.0,0.8352941176470589,0.9102564102564102,0.9176470588235295
primary_46_SurrogateTransfer_randomized_smoothing_Base,46,SurrogateTransfer,randomized_smoothing,Base,26,64,0,415,21,0.958,1.0,0.7529411764705882,0.8590604026845637,0.8764705882352941
primary_46_SurrogateTransfer_randomized_smoothing_Base,46,SurrogateTransfer,randomized_smoothing,Base,27,63,0,415,22,0.956,1.0,0.7411764705882353,0.8513513513513514,0.8705882352941177
primary_46_SurrogateTransfer_randomized_smoothing_Base,46,SurrogateTransfer,randomized_smoothing,Base,28,70,0,415,15,0.97,1.0,0.8235294117647058,0.9032258064516129,0.9117647058823529
primary_46_SurrogateTransfer_randomized_smoothing_Base,46,SurrogateTransfer,randomized_smoothing,Base,29,67,0,415,18,0.964,1.0,0.788235294117647,0.8815789473684211,0.8941176470588235
primary_46_SurrogateTransfer_randomized_smoothing_Base,46,SurrogateTransfer,randomized_smoothing,Base,30,72,0,415,13,0.974,1.0,0.8470588235294118,0.9171974522292993,0.9235294117647059
primary_46_SurrogateTransfer_randomized_smoothing_Base,46,SurrogateTransfer,randomized_smoothing,Base,31,67,0,415,18,0.964,1.0,0.788235294117647,0.8815789473684211,0.8941176470588235
primary_46_SurrogateTransfer_randomized_smoothing_Base,46,SurrogateTransfer,randomized_smoothing,Base,32,66,0,415,19,0.962,1.0,0.7764705882352941,0.8741721854304636,0.888235294117647
primary_46_SurrogateTransfer_randomized_smoothing_Base,46,SurrogateTransfer,randomized_smoothing,Base,33,66,0,415,19,0.962,1.0,0.7764705882352941,0.8741721854304636,0.888235294117647
primary_46_SurrogateTransfer_randomized_smoothing_Base,46,SurrogateTransfer,randomized_smoothing,Base,34,64,1,414,21,0.956,0.9846153846153847,0.7529411764705882,0.8533333333333333,0.8752657689581858
primary_46_SurrogateTransfer_randomized_smoothing_Base,46,SurrogateTransfer,randomized_smoothing,Base,35,64,0,415,21,0.958,1.0,0.7529411764705882,0.8590604026845637,0.8764705882352941
primary_46_SurrogateTransfer_randomized_smoothing_Base,46,SurrogateTransfer,randomized_smoothing,Base,36,67,0,415,18,0.964,1.0,0.788235294117647,0.8815789473684211,0.8941176470588235
primary_46_SurrogateTransfer_randomized_smoothing_Base,46,SurrogateTransfer,randomized_smoothing,Base,37,74,0,415,11,0.978,1.0,0.8705882352941177,0.9308176100628931,0.9352941176470588
primary_46_SurrogateTransfer_randomized_smoothing_Base,46,SurrogateTransfer,randomized_smoothing,Base,38,70,0,415,15,0.97,1.0,0.8235294117647058,0.9032258064516129,0.9117647058823529
primary_46_SurrogateTransfer_randomized_smoothing_Base,46,SurrogateTransfer,randomized_smoothing,Base,39,67,0,415,18,0.964,1.0,0.788235294117647,0.8815789473684211,0.8941176470588235
primary_46_SurrogateTransfer_randomized_smoothing_Base,46,SurrogateTransfer,randomized_smoothing,Base,40,74,0,415,11,0.978,1.0,0.8705882352941177,0.9308176100628931,0.9352941176470588
primary_46_SurrogateTransfer_randomized_smoothing_Base,46,SurrogateTransfer,randomized_smoothing,Base,41,73,0,415,12,0.976,1.0,0.8588235294117647,0.9240506329113923,0.9294117647058824
primary_46_SurrogateTransfer_randomized_smoothing_Base,46,SurrogateTransfer,randomized_smoothing,Base,42,69,0,415,16,0.968,1.0,0.8117647058823529,0.8961038961038961,0.9058823529411765
primary_46_SurrogateTransfer_randomized_smoothing_Base,46,SurrogateTransfer,randomized_smoothing,Base,43,67,0,415,18,0.964,1.0,0.788235294117647,0.8815789473684211,0.8941176470588235
primary_46_SurrogateTransfer_randomized_smoothing_Base,46,SurrogateTransfer,randomized_smoothing,Base,44,66,0,415,19,0.962,1.0,0.7764705882352941,0.8741721854304636,0.888235294117647
primary_46_SurrogateTransfer_randomized_smoothing_Base,46,SurrogateTransfer,randomized_smoothing,Base,45,72,0,415,13,0.974,1.0,0.8470588235294118,0.9171974522292993,0.9235294117647059
primary_46_SurrogateTransfer_randomized_smoothing_Base,46,SurrogateTransfer,randomized_smoothing,Base,46,73,0,415,12,0.976,1.0,0.8588235294117647,0.9240506329113923,0.9294117647058824
primary_46_SurrogateTransfer_randomized_smoothing_Base,46,SurrogateTransfer,randomized_smoothing,Base,47,69,0,415,16,0.968,1.0,0.8117647058823529,0.8961038961038961,0.9058823529411765
primary_46_SurrogateTransfer_randomized_smoothing_Base,46,SurrogateTransfer,randomized_smoothing,Base,48,73,0,415,12,0.976,1.0,0.8588235294117647,0.9240506329113923,0.9294117647058824
primary_46_SurrogateTransfer_randomized_smoothing_Base,46,SurrogateTransfer,randomized_smoothing,Base,49,69,0,415,16,0.968,1.0,0.8117647058823529,0.8961038961038961,0.9058823529411765
primary_46_SurrogateTransfer_randomized_smoothing_Base,46,SurrogateTransfer,randomized_smoothing,Base,50,70,0,415,15,0.97,1.0,0.8235294117647058,0.9032258064516129,0.9117647058823529
primary_46_SurrogateTransfer_randomized_smoothing_Base,46,SurrogateTransfer,randomized_smoothing,Base,51,72,0,415,13,0.974,1.0,0.8470588235294118,0.9171974522292993,0.9235294117647059
primary_46_SurrogateTransfer_randomized_smoothing_Base,46,SurrogateTransfer,randomized_smoothing,Base,52,65,0,415,20,0.96,1.0,0.7647058823529411,0.8666666666666666,0.8823529411764706
primary_46_SurrogateTransfer_randomized_smoothing_Base,46,SurrogateTransfer,randomized_smoothing,Base,53,63,0,415,22,0.956,1.0,0.7411764705882353,0.8513513513513514,0.8705882352941177
primary_46_SurrogateTransfer_randomized_smoothing_Base,46,SurrogateTransfer,randomized_smoothing,Base,54,68,0,415,17,0.966,1.0,0.8,0.888888888888889,0.9
primary_46_SurrogateTransfer_randomized_smoothing_Base,46,SurrogateTransfer,randomized_smoothing,Base,55,65,0,415,20,0.96,1.0,0.7647058823529411,0.8666666666666666,0.8823529411764706
primary_46_SurrogateTransfer_randomized_smoothing_Base,46,SurrogateTransfer,randomized_smoothing,Base,56,68,0,415,17,0.966,1.0,0.8,0.888888888888889,0.9
primary_46_SurrogateTransfer_randomized_smoothing_Base,46,SurrogateTransfer,randomized_smoothing,Base,57,68,0,415,17,0.966,1.0,0.8,0.888888888888889,0.9
primary_46_SurrogateTransfer_randomized_smoothing_Base,46,SurrogateTransfer,randomized_smoothing,Base,58,71,0,415,14,0.972,1.0,0.8352941176470589,0.9102564102564102,0.9176470588235295
primary_46_SurrogateTransfer_randomized_smoothing_Base,46,SurrogateTransfer,randomized_smoothing,Base,59,70,0,415,15,0.97,1.0,0.8235294117647058,0.9032258064516129,0.9117647058823529
primary_46_SurrogateTransfer_randomized_smoothing_Base,46,SurrogateTransfer,randomized_smoothing,Base,60,64,0,415,21,0.958,1.0,0.7529411764705882,0.8590604026845637,0.8764705882352941
primary_46_SurrogateTransfer_randomized_smoothing_Base,46,SurrogateTransfer,randomized_smoothing,Base,61,69,0,415,16,0.968,1.0,0.8117647058823529,0.8961038961038961,0.9058823529411765
primary_46_SurrogateTransfer_randomized_smoothing_Base,46,SurrogateTransfer,randomized_smoothing,Base,62,68,0,415,17,0.966,1.0,0.8,0.888888888888889,0.9
primary_46_SurrogateTransfer_randomized_smoothing_Base,46,SurrogateTransfer,randomized_smoothing,Base,63,70,0,415,15,0.97,1.0,0.8235294117647058,0.9032258064516129,0.9117647058823529
primary_46_SurrogateTransfer_randomized_smoothing_Base,46,SurrogateTransfer,randomized_smoothing,Base,64,69,0,415,16,0.968,1.0,0.8117647058823529,0.8961038961038961,0.9058823529411765
primary_46_SurrogateTransfer_randomized_smoothing_Base,46,SurrogateTransfer,randomized_smoothing,Base,65,65,0,415,20,0.96,1.0,0.7647058823529411,0.8666666666666666,0.8823529411764706
primary_46_SurrogateTransfer_randomized_smoothing_Base,46,SurrogateTransfer,randomized_smoothing,Base,66,68,0,415,17,0.966,1.0,0.8,0.888888888888889,0.9
primary_46_SurrogateTransfer_randomized_smoothing_Base,46,SurrogateTransfer,randomized_smoothing,Base,67,71,0,415,14,0.972,1.0,0.8352941176470589,0.9102564102564102,0.9176470588235295
primary_46_SurrogateTransfer_randomized_smoothing_Base,46,SurrogateTransfer,randomized_smoothing,Base,68,68,0,415,17,0.966,1.0,0.8,0.888888888888889,0.9
primary_46_SurrogateTransfer_randomized_smoothing_Base,46,SurrogateTransfer,randomized_smoothing,Base,69,69,1,414,16,0.966,0.9857142857142858,0.8117647058823529,0.8903225806451613,0.904677533664068
primary_46_SurrogateTransfer_randomized_smoothing_Base,46,SurrogateTransfer,randomized_smoothing,Base,70,69,0,415,16,0.968,1.0,0.8117647058823529,0.8961038961038961,0.9058823529411765
primary_46_SurrogateTransfer_randomized_smoothing_Base,46,SurrogateTransfer,randomized_smoothing,Base,71,69,0,415,16,0.968,1.0,0.8117647058823529,0.8961038961038961,0.9058823529411765
primary_46_SurrogateTransfer_randomized_smoothing_Base,46,SurrogateTransfer,randomized_smoothing,Base,72,70,0,415,15,0.97,1.0,0.8235294117647058,0.9032258064516129,0.9117647058823529
primary_46_SurrogateTransfer_randomized_smoothing_Base,46,SurrogateTransfer,randomized_smoothing,Base,73,67,0,415,18,0.964,1.0,0.788235294117647,0.8815789473684211,0.8941176470588235
primary_46_SurrogateTransfer_randomized_smoothing_Base,46,SurrogateTransfer,randomized_smoothing,Base,74,78,0,415,7,0.986,1.0,0.9176470588235294,0.9570552147239264,0.9588235294117646
primary_46_SurrogateTransfer_randomized_smoothing_Base,46,SurrogateTransfer,randomized_smoothing,Base,75,70,0,415,15,0.97,1.0,0.8235294117647058,0.9032258064516129,0.9117647058823529
primary_46_SurrogateTransfer_randomized_smoothing_Base,46,SurrogateTransfer,randomized_smoothing,Base,76,71,0,415,14,0.972,1.0,0.8352941176470589,0.9102564102564102,0.9176470588235295
primary_46_SurrogateTransfer_randomized_smoothing_Base,46,SurrogateTransfer,randomized_smoothing,Base,77,69,0,415,16,0.968,1.0,0.8117647058823529,0.8961038961038961,0.9058823529411765
primary_46_SurrogateTransfer_randomized_smoothing_Base,46,SurrogateTransfer,randomized_smoothing,Base,78,70,0,415,15,0.97,1.0,0.8235294117647058,0.9032258064516129,0.9117647058823529
primary_46_SurrogateTransfer_randomized_smoothing_Base,46,SurrogateTransfer,randomized_smoothing,Base,79,68,0,415,17,0.966,1.0,0.8,0.888888888888889,0.9
primary_46_SurrogateTransfer_randomized_smoothing_Base,46,SurrogateTransfer,randomized_smoothing,Base,80,66,0,415,19,0.962,1.0,0.7764705882352941,0.8741721854304636,0.888235294117647
primary_46_SurrogateTransfer_randomized_smoothing_Base,46,SurrogateTransfer,randomized_smoothing,Base,81,69,0,415,16,0.968,1.0,0.8117647058823529,0.8961038961038961,0.9058823529411765
primary_46_SurrogateTransfer_randomized_smoothing_Base,46,SurrogateTransfer,randomized_smoothing,Base,82,70,0,415,15,0.97,1.0,0.8235294117647058,0.9032258064516129,0.9117647058823529
primary_46_SurrogateTransfer_randomized_smoothing_Base,46,SurrogateTransfer,randomized_smoothing,Base,83,64,0,415,21,0.958,1.0,0.7529411764705882,0.8590604026845637,0.8764705882352941
primary_46_SurrogateTransfer_randomized_smoothing_Base,46,SurrogateTransfer,randomized_smoothing,Base,84,71,0,415,14,0.972,1.0,0.8352941176470589,0.9102564102564102,0.9176470588235295
primary_46_SurrogateTransfer_randomized_smoothing_Base,46,SurrogateTransfer,randomized_smoothing,Base,85,69,0,415,16,0.968,1.0,0.8117647058823529,0.8961038961038961,0.9058823529411765
primary_46_SurrogateTransfer_randomized_smoothing_Base,46,SurrogateTransfer,randomized_smoothing,Base,86,69,1,414,16,0.966,0.9857142857142858,0.8117647058823529,0.8903225806451613,0.904677533664068
primary_46_SurrogateTransfer_randomized_smoothing_Base,46,SurrogateTransfer,randomized_smoothing,Base,87,63,0,415,22,0.956,1.0,0.7411764705882353,0.8513513513513514,0.8705882352941177
primary_46_SurrogateTransfer_randomized_smoothing_Base,46,SurrogateTransfer,randomized_smoothing,Base,88,64,0,415,21,0.958,1.0,0.7529411764705882,0.8590604026845637,0.8764705882352941
primary_46_SurrogateTransfer_randomized_smoothing_Base,46,SurrogateTransfer,randomized_smoothing,Base,89,72,0,415,13,0.974,1.0,0.8470588235294118,0.9171974522292993,0.9235294117647059
primary_46_SurrogateTransfer_randomized_smoothing_Base,46,SurrogateTransfer,randomized_smoothing,Base,90,67,0,415,18,0.964,1.0,0.788235294117647,0.8815789473684211,0.8941176470588235
primary_46_SurrogateTransfer_randomized_smoothing_Base,46,SurrogateTransfer,randomized_smoothing,Base,91,68,0,415,17,0.966,1.0,0.8,0.888888888888889,0.9
primary_46_SurrogateTransfer_randomized_smoothing_Base,46,SurrogateTransfer,randomized_smoothing,Base,92,63,0,415,22,0.956,1.0,0.7411764705882353,0.8513513513513514,0.8705882352941177
primary_46_SurrogateTransfer_randomized_smoothing_Base,46,SurrogateTransfer,randomized_smoothing,Base,93,71,0,415,14,0.972,1.0,0.8352941176470589,0.9102564102564102,0.9176470588235295
primary_46_SurrogateTransfer_randomized_smoothing_Base,46,SurrogateTransfer,randomized_smoothing,Base,94,66,0,415,19,0.962,1.0,0.7764705882352941,0.8741721854304636,0.888235294117647
primary_46_SurrogateTransfer_randomized_smoothing_Base,46,SurrogateTransfer,randomized_smoothing,Base,95,71,0,415,14,0.972,1.0,0.8352941176470589,0.9102564102564102,0.9176470588235295
primary_46_SurrogateTransfer_randomized_smoothing_Base,46,SurrogateTransfer,randomized_smoothing,Base,96,66,0,415,19,0.962,1.0,0.7764705882352941,0.8741721854304636,0.888235294117647
primary_46_SurrogateTransfer_randomized_smoothing_Base,46,SurrogateTransfer,randomized_smoothing,Base,97,64,0,415,21,0.958,1.0,0.7529411764705882,0.8590604026845637,0.8764705882352941
primary_46_SurrogateTransfer_randomized_smoothing_Base,46,SurrogateTransfer,randomized_smoothing,Base,98,71,0,415,14,0.972,1.0,0.8352941176470589,0.9102564102564102,0.9176470588235295
primary_46_SurrogateTransfer_randomized_smoothing_Base,46,SurrogateTransfer,randomized_smoothing,Base,99,62,0,415,23,0.954,1.0,0.7294117647058823,0.8435374149659863,0.8647058823529412
primary_46_SurrogateTransfer_randomized_smoothing_Base,46,SurrogateTransfer,randomized_smoothing,Base,100,75,0,415,10,0.98,1.0,0.8823529411764706,0.9375,0.9411764705882353
primary_46_SurrogateTransfer_randomized_smoothing_Base,46,SurrogateTransfer,randomized_smoothing,Base,101,69,0,415,16,0.968,1.0,0.8117647058823529,0.8961038961038961,0.9058823529411765
primary_46_SurrogateTransfer_randomized_smoothing_Base,46,SurrogateTransfer,randomized_smoothing,Base,102,71,0,415,14,0.972,1.0,0.8352941176470589,0.9102564102564102,0.9176470588235295
primary_46_SurrogateTransfer_randomized_smoothing_Base,46,SurrogateTransfer,randomized_smoothing,Base,103,72,0,415,13,0.974,1.0,0.8470588235294118,0.9171974522292993,0.9235294117647059
primary_46_SurrogateTransfer_randomized_smoothing_Base,46,SurrogateTransfer,randomized_smoothing,Base,104,73,0,415,12,0.976,1.0,0.8588235294117647,0.9240506329113923,0.9294117647058824
primary_46_SurrogateTransfer_randomized_smoothing_Base,46,SurrogateTransfer,randomized_smoothing,Base,105,73,0,415,12,0.976,1.0,0.8588235294117647,0.9240506329113923,0.9294117647058824
primary_46_SurrogateTransfer_randomized_smoothing_Base,46,SurrogateTransfer,randomized_smoothing,Base,106,69,0,415,16,0.968,1.0,0.8117647058823529,0.8961038961038961,0.9058823529411765
primary_46_SurrogateTransfer_randomized_smoothing_Base,46,SurrogateTransfer,randomized_smoothing,Base,107,65,0,415,20,0.96,1.0,0.7647058823529411,0.8666666666666666,0.8823529411764706
primary_46_SurrogateTransfer_randomized_smoothing_Base,46,SurrogateTransfer,randomized_smoothing,Base,108,70,0,415,15,0.97,1.0,0.8235294117647058,0.9032258064516129,0.9117647058823529
primary_46_SurrogateTransfer_randomized_smoothing_Base,46,SurrogateTransfer,randomized_smoothing,Base,109,67,0,415,18,0.964,1.0,0.788235294117647,0.8815789473684211,0.8941176470588235
primary_46_SurrogateTransfer_randomized_smoothing_Base,46,SurrogateTransfer,randomized_smoothing,Base,110,66,1,414,19,0.96,0.9850746268656716,0.7764705882352941,0.8684210526315789,0.8870304748405387
primary_46_SurrogateTransfer_randomized_smoothing_Base,46,SurrogateTransfer,randomized_smoothing,Base,111,71,0,415,14,0.972,1.0,0.8352941176470589,0.9102564102564102,0.9176470588235295
primary_46_SurrogateTransfer_randomized_smoothing_Base,46,SurrogateTransfer,randomized_smoothing,Base,112,72,0,415,13,0.974,1.0,0.8470588235294118,0.9171974522292993,0.9235294117647059
primary_46_SurrogateTransfer_randomized_smoothing_Base,46,SurrogateTransfer,randomized_smoothing,Base,113,69,0,415,16,0.968,1.0,0.8117647058823529,0.8961038961038961,0.9058823529411765
primary_46_SurrogateTransfer_randomized_smoothing_Base,46,SurrogateTransfer,randomized_smoothing,Base,114,66,0,415,19,0.962,1.0,0.7764705882352941,0.8741721854304636,0.888235294117647
primary_46_SurrogateTransfer_randomized_smoothing_Base,46,SurrogateTransfer,randomized_smoothing,Base,115,67,0,415,18,0.964,1.0,0.788235294117647,0.8815789473684211,0.8941176470588235
primary_46_SurrogateTransfer_randomized_smoothing_Base,46,SurrogateTransfer,randomized_smoothing,Base,116,62,0,415,23,0.954,1.0,0.7294117647058823,0.8435374149659863,0.8647058823529412
primary_46_SurrogateTransfer_randomized_smoothing_Base,46,SurrogateTransfer,randomized_smoothing,Base,117,70,0,415,15,0.97,1.0,0.8235294117647058,0.9032258064516129,0.9117647058823529
primary_46_SurrogateTransfer_randomized_smoothing_Base,46,SurrogateTransfer,randomized_smoothing,Base,118,70,0,415,15,0.97,1.0,0.8235294117647058,0.9032258064516129,0.9117647058823529
primary_46_SurrogateTransfer_randomized_smoothing_Base,46,SurrogateTransfer,randomized_smoothing,Base,119,72,0,415,13,0.974,1.0,0.8470588235294118,0.9171974522292993,0.9235294117647059
primary_46_SurrogateTransfer_randomized_smoothing_Base,46,SurrogateTransfer,randomized_smoothing,Base,120,77,0,415,8,0.984,1.0,0.9058823529411765,0.9506172839506173,0.9529411764705882
primary_46_SurrogateTransfer_randomized_smoothing_Base,46,SurrogateTransfer,randomized_smoothing,Base,121,70,0,415,15,0.97,1.0,0.8235294117647058,0.9032258064516129,0.9117647058823529
primary_46_SurrogateTransfer_randomized_smoothing_Base,46,SurrogateTransfer,randomized_smoothing,Base,122,73,0,415,12,0.976,1.0,0.8588235294117647,0.9240506329113923,0.9294117647058824
primary_46_SurrogateTransfer_randomized_smoothing_Base,46,SurrogateTransfer,randomized_smoothing,Base,123,68,0,415,17,0.966,1.0,0.8,0.888888888888889,0.9
primary_46_SurrogateTransfer_randomized_smoothing_Base,46,SurrogateTransfer,randomized_smoothing,Base,124,65,0,415,20,0.96,1.0,0.7647058823529411,0.8666666666666666,0.8823529411764706
primary_46_SurrogateTransfer_randomized_smoothing_Base,46,SurrogateTransfer,randomized_smoothing,Base,125,71,0,415,14,0.972,1.0,0.8352941176470589,0.9102564102564102,0.9176470588235295
primary_46_SurrogateTransfer_randomized_smoothing_Base,46,SurrogateTransfer,randomized_smoothing,Base,126,75,0,415,10,0.98,1.0,0.8823529411764706,0.9375,0.9411764705882353
primary_46_SurrogateTransfer_randomized_smoothing_Base,46,SurrogateTransfer,randomized_smoothing,Base,127,63,0,415,22,0.956,1.0,0.7411764705882353,0.8513513513513514,0.8705882352941177
primary_46_SurrogateTransfer_randomized_smoothing_Base,46,SurrogateTransfer,randomized_smoothing,Base,128,72,0,415,13,0.974,1.0,0.8470588235294118,0.9171974522292993,0.9235294117647059
primary_46_SurrogateTransfer_randomized_smoothing_Base,46,SurrogateTransfer,randomized_smoothing,Base,129,69,0,415,16,0.968,1.0,0.8117647058823529,0.8961038961038961,0.9058823529411765
primary_46_SurrogateTransfer_randomized_smoothing_Base,46,SurrogateTransfer,randomized_smoothing,Base,130,75,0,415,10,0.98,1.0,0.8823529411764706,0.9375,0.9411764705882353
primary_46_SurrogateTransfer_randomized_smoothing_Base,46,SurrogateTransfer,randomized_smoothing,Base,131,65,0,415,20,0.96,1.0,0.7647058823529411,0.8666666666666666,0.8823529411764706
primary_46_SurrogateTransfer_randomized_smoothing_Base,46,SurrogateTransfer,randomized_smoothing,Base,132,67,0,415,18,0.964,1.0,0.788235294117647,0.8815789473684211,0.8941176470588235
primary_46_SurrogateTransfer_randomized_smoothing_Base,46,SurrogateTransfer,randomized_smoothing,Base,133,69,0,415,16,0.968,1.0,0.8117647058823529,0.8961038961038961,0.9058823529411765
primary_46_SurrogateTransfer_randomized_smoothing_Base,46,SurrogateTransfer,randomized_smoothing,Base,134,64,0,415,21,0.958,1.0,0.7529411764705882,0.8590604026845637,0.8764705882352941
primary_46_SurrogateTransfer_randomized_smoothing_Base,46,SurrogateTransfer,randomized_smoothing,Base,135,68,0,415,17,0.966,1.0,0.8,0.888888888888889,0.9
primary_46_SurrogateTransfer_randomized_smoothing_Base,46,SurrogateTransfer,randomized_smoothing,Base,136,71,0,415,14,0.972,1.0,0.8352941176470589,0.9102564102564102,0.9176470588235295
primary_46_SurrogateTransfer_randomized_smoothing_Base,46,SurrogateTransfer,randomized_smoothing,Base,137,69,0,415,16,0.968,1.0,0.8117647058823529,0.8961038961038961,0.9058823529411765
primary_46_SurrogateTransfer_randomized_smoothing_Base,46,SurrogateTransfer,randomized_smoothing,Base,138,72,0,415,13,0.974,1.0,0.8470588235294118,0.9171974522292993,0.9235294117647059
primary_46_SurrogateTransfer_randomized_smoothing_Base,46,SurrogateTransfer,randomized_smoothing,Base,139,68,0,415,17,0.966,1.0,0.8,0.888888888888889,0.9
primary_46_SurrogateTransfer_randomized_smoothing_Base,46,SurrogateTransfer,randomized_smoothing,Base,140,68,0,415,17,0.966,1.0,0.8,0.888888888888889,0.9
primary_46_SurrogateTransfer_randomized_smoothing_Base,46,SurrogateTransfer,randomized_smoothing,Base,141,69,0,415,16,0.968,1.0,0.8117647058823529,0.8961038961038961,0.9058823529411765
primary_46_SurrogateTransfer_randomized_smoothing_Base,46,SurrogateTransfer,randomized_smoothing,Base,142,68,0,415,17,0.966,1.0,0.8,0.888888888888889,0.9
primary_46_SurrogateTransfer_randomized_smoothing_Base,46,SurrogateTransfer,randomized_smoothing,Base,143,72,0,415,13,0.974,1.0,0.8470588235294118,0.9171974522292993,0.9235294117647059
primary_46_SurrogateTransfer_randomized_smoothing_C1,46,SurrogateTransfer,randomized_smoothing,C1,0,70,0,414,16,0.968,1.0,0.813953488372093,0.8974358974358974,0.9069767441860466
primary_46_SurrogateTransfer_randomized_smoothing_C1,46,SurrogateTransfer,randomized_smoothing,C1,1,72,0,414,14,0.972,1.0,0.8372093023255814,0.9113924050632911,0.9186046511627908
primary_46_SurrogateTransfer_randomized_smoothing_C1,46,SurrogateTransfer,randomized_smoothing,C1,2,79,1,413,7,0.984,0.9875,0.9186046511627907,0.9518072289156626,0.9580945961127962
primary_46_SurrogateTransfer_randomized_smoothing_C1,46,SurrogateTransfer,randomized_smoothing,C1,3,77,0,414,9,0.982,1.0,0.8953488372093024,0.9447852760736196,0.9476744186046512
primary_46_SurrogateTransfer_randomized_smoothing_C1,46,SurrogateTransfer,randomized_smoothing,C1,4,81,1,413,5,0.988,0.9878048780487805,0.9418604651162791,0.9642857142857143,0.9697225030895404
primary_46_SurrogateTransfer_randomized_smoothing_C1,46,SurrogateTransfer,randomized_smoothing,C1,5,80,0,414,6,0.988,1.0,0.9302325581395349,0.963855421686747,0.9651162790697674
primary_46_SurrogateTransfer_randomized_smoothing_C1,46,SurrogateTransfer,randomized_smoothing,C1,6,79,0,414,7,0.986,1.0,0.9186046511627907,0.9575757575757576,0.9593023255813953
primary_46_SurrogateTransfer_randomized_smoothing_C1,46,SurrogateTransfer,randomized_smoothing,C1,7,78,0,414,8,0.984,1.0,0.9069767441860465,0.951219512195122,0.9534883720930232
primary_46_SurrogateTransfer_randomized_smoothing_C1,46,SurrogateTransfer,randomized_smoothing,C1,8,80,0,414,6,0.988,1.0,0.9302325581395349,0.963855421686747,0.9651162790697674
primary_46_SurrogateTransfer_randomized_smoothing_C1,46,SurrogateTransfer,randomized_smoothing,C1,9,84,0,414,2,0.996,1.0,0.9767441860465116,0.988235294117647,0.9883720930232558
primary_46_SurrogateTransfer_randomized_smoothing_C1,46,SurrogateTransfer,randomized_smoothing,C1,10,81,1,413,5,0.988,0.9878048780487805,0.9418604651162791,0.9642857142857143,0.9697225030895404
primary_46_SurrogateTransfer_randomized_smoothing_C1,46,SurrogateTransfer,randomized_smoothing,C1,11,80,0,414,6,0.988,1.0,0.9302325581395349,0.963855421686747,0.9651162790697674
primary_46_SurrogateTransfer_randomized_smoothing_C1,46,SurrogateTransfer,randomized_smoothing,C1,12,83,0,414,3,0.994,1.0,0.9651162790697675,0.9822485207100593,0.9825581395348837
primary_46_SurrogateTransfer_randomized_smoothing_C1,46,SurrogateTransfer,randomized_smoothing,C1,13,84,0,414,2,0.996,1.0,0.9767441860465116,0.988235294117647,0.9883720930232558
primary_46_SurrogateTransfer_randomized_smoothing_C1,46,SurrogateTransfer,randomized_smoothing,C1,14,84,1,413,2,0.994,0.9882352941176471,0.9767441860465116,0.9824561403508771,0.9871643635546568
primary_46_SurrogateTransfer_randomized_smoothing_C1,46,SurrogateTransfer,randomized_smoothing,C1,15,82,0,414,4,0.992,1.0,0.9534883720930233,0.9761904761904763,0.9767441860465116
primary_46_SurrogateTransfer_randomized_smoothing_C1,46,SurrogateTransfer,randomized_smoothing,C1,16,78,1,413,8,0.982,0.9873417721518988,0.9069767441860465,0.9454545454545454,0.9522806426244241
primary_46_SurrogateTransfer_randomized_smoothing_C1,46,SurrogateTransfer,randomized_smoothing,C1,17,84,0,415,1,0.998,1.0,0.9882352941176471,0.9940828402366864,0.9941176470588236
primary_46_SurrogateTransfer_randomized_smoothing_C1,46,SurrogateTransfer,randomized_smoothing,C1,18,79,0,415,6,0.988,1.0,0.9294117647058824,0.9634146341463414,0.9647058823529412
primary_46_SurrogateTransfer_randomized_smoothing_C1,46,SurrogateTransfer,randomized_smoothing,C1,19,84,0,415,1,0.998,1.0,0.9882352941176471,0.9940828402366864,0.9941176470588236
primary_46_SurrogateTransfer_randomized_smoothing_C1,46,SurrogateTransfer,randomized_smoothing,C1,20,75,1,414,10,0.978,0.9868421052631579,0.8823529411764706,0.9316770186335402,0.9399716513111269
primary_46_SurrogateTransfer_randomized_smoothing_C1,46,SurrogateTransfer,randomized_smoothing,C1,21,76,1,414,9,0.98,0.987012987012987,0.8941176470588236,0.9382716049382716,0.9458540042523034
primary_46_SurrogateTransfer_randomized_smoothing_C1,46,SurrogateTransfer,randomized_smoothing,C1,22,77,0,415,8,0.984,1.0,0.9058823529411765,0.9506172839506173,0.9529411764705882
primary_46_SurrogateTransfer_randomized_smoothing_C1,46,SurrogateTransfer,randomized_smoothing,C1,23,81,0,415,4,0.992,1.0,0.9529411764705882,0.9759036144578312,0.9764705882352941
primary_46_SurrogateTransfer_randomized_smoothing_C1,46,SurrogateTransfer,randomized_smoothing,C1,24,80,0,415,5,0.99,1.0,0.9411764705882353,0.9696969696969697,0.9705882352941176
primary_46_SurrogateTransfer_randomized_smoothing_C1,46,SurrogateTransfer,randomized_smoothing,C1,25,77,0,415,8,0.984,1.0,0.9058823529411765,0.9506172839506173,0.9529411764705882
primary_46_SurrogateTransfer_randomized_smoothing_C1,46,SurrogateTransfer,randomized_smoothing,C1,26,77,0,415,8,0.984,1.0,0.9058823529411765,0.9506172839506173,0.9529411764705882
primary_46_SurrogateTransfer_randomized_smoothing_C1,46,SurrogateTransfer,randomized_smoothing,C1,27,77,0,415,8,0.984,1.0,0.9058823529411765,0.9506172839506173,0.9529411764705882
primary_46_SurrogateTransfer_randomized_smoothing_C1,46,SurrogateTransfer,randomized_smoothing,C1,28,79,0,415,6,0.988,1.0,0.9294117647058824,0.9634146341463414,0.9647058823529412
primary_46_SurrogateTransfer_randomized_smoothing_C1,46,SurrogateTransfer,randomized_smoothing,C1,29,80,0,415,5,0.99,1.0,0.9411764705882353,0.9696969696969697,0.9705882352941176
primary_46_SurrogateTransfer_randomized_smoothing_C1,46,SurrogateTransfer,randomized_smoothing,C1,30,79,0,415,6,0.988,1.0,0.9294117647058824,0.9634146341463414,0.9647058823529412
primary_46_SurrogateTransfer_randomized_smoothing_C1,46,SurrogateTransfer,randomized_smoothing,C1,31,78,0,415,7,0.986,1.0,0.9176470588235294,0.9570552147239264,0.9588235294117646
primary_46_SurrogateTransfer_randomized_smoothing_C1,46,SurrogateTransfer,randomized_smoothing,C1,32,80,0,415,5,0.99,1.0,0.9411764705882353,0.9696969696969697,0.9705882352941176
primary_46_SurrogateTransfer_randomized_smoothing_C1,46,SurrogateTransfer,randomized_smoothing,C1,33,81,0,415,4,0.992,1.0,0.9529411764705882,0.9759036144578312,0.9764705882352941
primary_46_SurrogateTransfer_randomized_smoothing_C1,46,SurrogateTransfer,randomized_smoothing,C1,34,79,1,414,6,0.986,0.9875,0.9294117647058824,0.9575757575757576,0.9635010630758327
primary_46_SurrogateTransfer_randomized_smoothing_C1,46,SurrogateTransfer,randomized_smoothing,C1,35,75,0,415,10,0.98,1.0,0.8823529411764706,0.9375,0.9411764705882353
primary_46_SurrogateTransfer_randomized_smoothing_C1,46,SurrogateTransfer,randomized_smoothing,C1,36,79,0,415,6,0.988,1.0,0.9294117647058824,0.9634146341463414,0.9647058823529412
primary_46_SurrogateTransfer_randomized_smoothing_C1,46,SurrogateTransfer,randomized_smoothing,C1,37,81,1,414,4,0.99,0.9878048780487805,0.9529411764705882,0.9700598802395209,0.9752657689581856
primary_46_SurrogateTransfer_randomized_smoothing_C1,46,SurrogateTransfer,randomized_smoothing,C1,38,81,0,415,4,0.992,1.0,0.9529411764705882,0.9759036144578312,0.9764705882352941
primary_46_SurrogateTransfer_randomized_smoothing_C1,46,SurrogateTransfer,randomized_smoothing,C1,39,81,0,415,4,0.992,1.0,0.9529411764705882,0.9759036144578312,0.9764705882352941
primary_46_SurrogateTransfer_randomized_smoothing_C1,46,SurrogateTransfer,randomized_smoothing,C1,40,82,0,415,3,0.994,1.0,0.9647058823529412,0.9820359281437125,0.9823529411764707
primary_46_SurrogateTransfer_randomized_smoothing_C1,46,SurrogateTransfer,randomized_smoothing,C1,41,82,0,415,3,0.994,1.0,0.9647058823529412,0.9820359281437125,0.9823529411764707
primary_46_SurrogateTransfer_randomized_smoothing_C1,46,SurrogateTransfer,randomized_smoothing,C1,42,81,0,415,4,0.992,1.0,0.9529411764705882,0.9759036144578312,0.9764705882352941
primary_46_SurrogateTransfer_randomized_smoothing_C1,46,SurrogateTransfer,randomized_smoothing,C1,43,78,1,414,7,0.984,0.9873417721518988,0.9176470588235294,0.9512195121951219,0.9576187101346563
primary_46_SurrogateTransfer_randomized_smoothing_C1,46,SurrogateTransfer,randomized_smoothing,C1,44,79,0,415,6,0.988,1.0,0.9294117647058824,0.9634146341463414,0.9647058823529412
primary_46_SurrogateTransfer_randomized_smoothing_C1,46,SurrogateTransfer,randomized_smoothing,C1,45,81,0,415,4,0.992,1.0,0.9529411764705882,0.9759036144578312,0.9764705882352941
primary_46_SurrogateTransfer_randomized_smoothing_C1,46,SurrogateTransfer,randomized_smoothing,C1,46,81,1,414,4,0.99,0.9878048780487805,0.9529411764705882,0.9700598802395209,0.9752657689581856
primary_46_SurrogateTransfer_randomized_smoothing_C1,46,SurrogateTransfer,randomized_smoothing,C1,47,76,0,415,9,0.982,1.0,0.8941176470588236,0.9440993788819877,0.9470588235294117
primary_46_SurrogateTransfer_randomized_smoothing_C1,46,SurrogateTransfer,randomized_smoothing,C1,48,81,0,415,4,0.992,1.0,0.9529411764705882,0.9759036144578312,0.9764705882352941
primary_46_SurrogateTransfer_randomized_smoothing_C1,46,SurrogateTransfer,randomized_smoothing,C1,49,77,1,414,8,0.982,0.9871794871794872,0.9058823529411765,0.9447852760736197,0.9517363571934798
primary_46_SurrogateTransfer_randomized_smoothing_C1,46,SurrogateTransfer,randomized_smoothing,C1,50,81,0,415,4,0.992,1.0,0.9529411764705882,0.9759036144578312,0.9764705882352941
primary_46_SurrogateTransfer_randomized_smoothing_C1,46,SurrogateTransfer,randomized_smoothing,C1,51,80,2,413,5,0.986,0.975609756097561,0.9411764705882353,0.9580838323353293,0.9681785967399008
primary_46_SurrogateTransfer_randomized_smoothing_C1,46,SurrogateTransfer,randomized_smoothing,C1,52,80,0,415,5,0.99,1.0,0.9411764705882353,0.9696969696969697,0.9705882352941176
primary_46_SurrogateTransfer_randomized_smoothing_C1,46,SurrogateTransfer,randomized_smoothing,C1,53,77,1,414,8,0.982,0.9871794871794872,0.9058823529411765,0.9447852760736197,0.9517363571934798
primary_46_SurrogateTransfer_randomized_smoothing_C1,46,SurrogateTransfer,randomized_smoothing,C1,54,82,0,415,3,0.994,1.0,0.9647058823529412,0.9820359281437125,0.9823529411764707
primary_46_SurrogateTransfer_randomized_smoothing_C1,46,SurrogateTransfer,randomized_smoothing,C1,55,78,0,415,7,0.986,1.0,0.9176470588235294,0.9570552147239264,0.9588235294117646
primary_46_SurrogateTransfer_randomized_smoothing_C1,46,SurrogateTransfer,randomized_smoothing,C1,56,78,0,415,7,0.986,1.0,0.9176470588235294,0.9570552147239264,0.9588235294117646
primary_46_SurrogateTransfer_randomized_smoothing_C1,46,SurrogateTransfer,randomized_smoothing,C1,57,81,0,415,4,0.992,1.0,0.9529411764705882,0.9759036144578312,0.9764705882352941
primary_46_SurrogateTransfer_randomized_smoothing_C1,46,SurrogateTransfer,randomized_smoothing,C1,58,82,2,413,3,0.99,0.9761904761904762,0.9647058823529412,0.9704142011834319,0.9799433026222537
primary_46_SurrogateTransfer_randomized_smoothing_C1,46,SurrogateTransfer,randomized_smoothing,C1,59,78,0,415,7,0.986,1.0,0.9176470588235294,0.9570552147239264,0.9588235294117646
primary_46_SurrogateTransfer_randomized_smoothing_C1,46,SurrogateTransfer,randomized_smoothing,C1,60,81,0,415,4,0.992,1.0,0.9529411764705882,0.9759036144578312,0.9764705882352941
primary_46_SurrogateTransfer_randomized_smoothing_C1,46,SurrogateTransfer,randomized_smoothing,C1,61,78,0,415,7,0.986,1.0,0.9176470588235294,0.9570552147239264,0.9588235294117646
primary_46_SurrogateTransfer_randomized_smoothing_C1,46,SurrogateTransfer,randomized_smoothing,C1,62,81,0,415,4,0.992,1.0,0.9529411764705882,0.9759036144578312,0.9764705882352941
primary_46_SurrogateTransfer_randomized_smoothing_C1,46,SurrogateTransfer,randomized_smoothing,C1,63,77,0,415,8,0.984,1.0,0.9058823529411765,0.9506172839506173,0.9529411764705882
primary_46_SurrogateTransfer_randomized_smoothing_C1,46,SurrogateTransfer,randomized_smoothing,C1,64,77,0,415,8,0.984,1.0,0.9058823529411765,0.9506172839506173,0.9529411764705882
primary_46_SurrogateTransfer_randomized_smoothing_C1,46,SurrogateTransfer,randomized_smoothing,C1,65,78,0,415,7,0.986,1.0,0.9176470588235294,0.9570552147239264,0.9588235294117646
primary_46_SurrogateTransfer_randomized_smoothing_C1,46,SurrogateTransfer,randomized_smoothing,C1,66,81,0,415,4,0.992,1.0,0.9529411764705882,0.9759036144578312,0.9764705882352941
primary_46_SurrogateTransfer_randomized_smoothing_C1,46,SurrogateTransfer,randomized_smoothing,C1,67,81,0,415,4,0.992,1.0,0.9529411764705882,0.9759036144578312,0.9764705882352941
primary_46_SurrogateTransfer_randomized_smoothing_C1,46,SurrogateTransfer,randomized_smoothing,C1,68,79,0,415,6,0.988,1.0,0.9294117647058824,0.9634146341463414,0.9647058823529412
primary_46_SurrogateTransfer_randomized_smoothing_C1,46,SurrogateTransfer,randomized_smoothing,C1,69,80,2,413,5,0.986,0.975609756097561,0.9411764705882353,0.9580838323353293,0.9681785967399008
primary_46_SurrogateTransfer_randomized_smoothing_C1,46,SurrogateTransfer,randomized_smoothing,C1,70,82,0,415,3,0.994,1.0,0.9647058823529412,0.9820359281437125,0.9823529411764707
primary_46_SurrogateTransfer_randomized_smoothing_C1,46,SurrogateTransfer,randomized_smoothing,C1,71,77,0,415,8,0.984,1.0,0.9058823529411765,0.9506172839506173,0.9529411764705882
primary_46_SurrogateTransfer_randomized_smoothing_C1,46,SurrogateTransfer,randomized_smoothing,C1,72,78,0,415,7,0.986,1.0,0.9176470588235294,0.9570552147239264,0.9588235294117646
primary_46_SurrogateTransfer_randomized_smoothing_C1,46,SurrogateTransfer,randomized_smoothing,C1,73,77,1,414,8,0.982,0.9871794871794872,0.9058823529411765,0.9447852760736197,0.9517363571934798
primary_46_SurrogateTransfer_randomized_smoothing_C1,46,SurrogateTransfer,randomized_smoothing,C1,74,82,0,415,3,0.994,1.0,0.9647058823529412,0.9820359281437125,0.9823529411764707
primary_46_SurrogateTransfer_randomized_smoothing_C1,46,SurrogateTransfer,randomized_smoothing,C1,75,78,0,415,7,0.986,1.0,0.9176470588235294,0.9570552147239264,0.9588235294117646
primary_46_SurrogateTransfer_randomized_smoothing_C1,46,SurrogateTransfer,randomized_smoothing,C1,76,82,1,414,3,0.992,0.9879518072289156,0.9647058823529412,0.9761904761904762,0.9811481218993622
primary_46_SurrogateTransfer_randomized_smoothing_C1,46,SurrogateTransfer,randomized_smoothing,C1,77,80,0,415,5,0.99,1.0,0.9411764705882353,0.9696969696969697,0.9705882352941176
primary_46_SurrogateTransfer_randomized_smoothing_C1,46,SurrogateTransfer,randomized_smoothing,C1,78,83,0,415,2,0.996,1.0,0.9764705882352941,0.988095238095238,0.9882352941176471
primary_46_SurrogateTransfer_randomized_smoothing_C1,46,SurrogateTransfer,randomized_smoothing,C1,79,81,0,415,4,0.992,1.0,0.9529411764705882,0.9759036144578312,0.9764705882352941
primary_46_SurrogateTransfer_randomized_smoothing_C1,46,SurrogateTransfer,randomized_smoothing,C1,80,78,0,415,7,0.986,1.0,0.9176470588235294,0.9570552147239264,0.9588235294117646
primary_46_SurrogateTransfer_randomized_smoothing_C1,46,SurrogateTransfer,randomized_smoothing,C1,81,76,0,415,9,0.982,1.0,0.8941176470588236,0.9440993788819877,0.9470588235294117
primary_46_SurrogateTransfer_randomized_smoothing_C1,46,SurrogateTransfer,randomized_smoothing,C1,82,80,0,415,5,0.99,1.0,0.9411764705882353,0.9696969696969697,0.9705882352941176
primary_46_SurrogateTransfer_randomized_smoothing_C1,46,SurrogateTransfer,randomized_smoothing,C1,83,78,0,415,7,0.986,1.0,0.9176470588235294,0.9570552147239264,0.9588235294117646
primary_46_SurrogateTransfer_randomized_smoothing_C1,46,SurrogateTransfer,randomized_smoothing,C1,84,79,0,415,6,0.988,1.0,0.9294117647058824,0.9634146341463414,0.9647058823529412
primary_46_SurrogateTransfer_randomized_smoothing_C1,46,SurrogateTransfer,randomized_smoothing,C1,85,82,2,413,3,0.99,0.9761904761904762,0.9647058823529412,0.9704142011834319,0.9799433026222537
primary_46_SurrogateTransfer_randomized_smoothing_C1,46,SurrogateTransfer,randomized_smoothing,C1,86,76,2,413,9,0.978,0.9743589743589743,0.8941176470588236,0.9325153374233129,0.9446491849751949
primary_46_SurrogateTransfer_randomized_smoothing_C1,46,SurrogateTransfer,randomized_smoothing,C1,87,78,0,415,7,0.986,1.0,0.9176470588235294,0.9570552147239264,0.9588235294117646
primary_46_SurrogateTransfer_randomized_smoothing_C1,46,SurrogateTransfer,randomized_smoothing,C1,88,81,0,415,4,0.992,1.0,0.9529411764705882,0.9759036144578312,0.9764705882352941
primary_46_SurrogateTransfer_randomized_smoothing_C1,46,SurrogateTransfer,randomized_smoothing,C1,89,79,1,414,6,0.986,0.9875,0.9294117647058824,0.9575757575757576,0.9635010630758327
primary_46_SurrogateTransfer_randomized_smoothing_C1,46,SurrogateTransfer,randomized_smoothing,C1,90,82,1,414,3,0.992,0.9879518072289156,0.9647058823529412,0.9761904761904762,0.9811481218993622
primary_46_SurrogateTransfer_randomized_smoothing_C1,46,SurrogateTransfer,randomized_smoothing,C1,91,80,2,413,5,0.986,0.975609756097561,0.9411764705882353,0.9580838323353293,0.9681785967399008
primary_46_SurrogateTransfer_randomized_smoothing_C1,46,SurrogateTransfer,randomized_smoothing,C1,92,80,0,415,5,0.99,1.0,0.9411764705882353,0.9696969696969697,0.9705882352941176
primary_46_SurrogateTransfer_randomized_smoothing_C1,46,SurrogateTransfer,randomized_smoothing,C1,93,79,0,415,6,0.988,1.0,0.9294117647058824,0.9634146341463414,0.9647058823529412
primary_46_SurrogateTransfer_randomized_smoothing_C1,46,SurrogateTransfer,randomized_smoothing,C1,94,82,0,415,3,0.994,1.0,0.9647058823529412,0.9820359281437125,0.9823529411764707
primary_46_SurrogateTransfer_randomized_smoothing_C1,46,SurrogateTransfer,randomized_smoothing,C1,95,82,1,414,3,0.992,0.9879518072289156,0.9647058823529412,0.9761904761904762,0.9811481218993622
primary_46_SurrogateTransfer_randomized_smoothing_C1,46,SurrogateTransfer,randomized_smoothing,C1,96,84,0,415,1,0.998,1.0,0.9882352941176471,0.9940828402366864,0.9941176470588236
primary_46_SurrogateTransfer_randomized_smoothing_C1,46,SurrogateTransfer,randomized_smoothing,C1,97,76,1,414,9,0.98,0.987012987012987,0.8941176470588236,0.9382716049382716,0.9458540042523034
primary_46_SurrogateTransfer_randomized_smoothing_C1,46,SurrogateTransfer,randomized_smoothing,C1,98,80,0,415,5,0.99,1.0,0.9411764705882353,0.9696969696969697,0.9705882352941176
primary_46_SurrogateTransfer_randomized_smoothing_C1,46,SurrogateTransfer,randomized_smoothing,C1,99,82,1,414,3,0.992,0.9879518072289156,0.9647058823529412,0.9761904761904762,0.9811481218993622
primary_46_SurrogateTransfer_randomized_smoothing_C1,46,SurrogateTransfer,randomized_smoothing,C1,100,81,1,414,4,0.99,0.9878048780487805,0.9529411764705882,0.9700598802395209,0.9752657689581856
primary_46_SurrogateTransfer_randomized_smoothing_C1,46,SurrogateTransfer,randomized_smoothing,C1,101,81,0,415,4,0.992,1.0,0.9529411764705882,0.9759036144578312,0.9764705882352941
primary_46_SurrogateTransfer_randomized_smoothing_C1,46,SurrogateTransfer,randomized_smoothing,C1,102,82,0,415,3,0.994,1.0,0.9647058823529412,0.9820359281437125,0.9823529411764707
primary_46_SurrogateTransfer_randomized_smoothing_C1,46,SurrogateTransfer,randomized_smoothing,C1,103,81,0,415,4,0.992,1.0,0.9529411764705882,0.9759036144578312,0.9764705882352941
primary_46_SurrogateTransfer_randomized_smoothing_C1,46,SurrogateTransfer,randomized_smoothing,C1,104,82,0,415,3,0.994,1.0,0.9647058823529412,0.9820359281437125,0.9823529411764707
primary_46_SurrogateTransfer_randomized_smoothing_C1,46,SurrogateTransfer,randomized_smoothing,C1,105,82,0,415,3,0.994,1.0,0.9647058823529412,0.9820359281437125,0.9823529411764707
primary_46_SurrogateTransfer_randomized_smoothing_C1,46,SurrogateTransfer,randomized_smoothing,C1,106,79,0,415,6,0.988,1.0,0.9294117647058824,0.9634146341463414,0.9647058823529412
primary_46_SurrogateTransfer_randomized_smoothing_C1,46,SurrogateTransfer,randomized_smoothing,C1,107,79,0,415,6,0.988,1.0,0.9294117647058824,0.9634146341463414,0.9647058823529412
primary_46_SurrogateTransfer_randomized_smoothing_C1,46,SurrogateTransfer,randomized_smoothing,C1,108,81,0,415,4,0.992,1.0,0.9529411764705882,0.9759036144578312,0.9764705882352941
primary_46_SurrogateTransfer_randomized_smoothing_C1,46,SurrogateTransfer,randomized_smoothing,C1,109,78,0,415,7,0.986,1.0,0.9176470588235294,0.9570552147239264,0.9588235294117646
primary_46_SurrogateTransfer_randomized_smoothing_C1,46,SurrogateTransfer,randomized_smoothing,C1,110,78,1,414,7,0.984,0.9873417721518988,0.9176470588235294,0.9512195121951219,0.9576187101346563
primary_46_SurrogateTransfer_randomized_smoothing_C1,46,SurrogateTransfer,randomized_smoothing,C1,111,84,1,414,1,0.996,0.9882352941176471,0.9882352941176471,0.9882352941176471,0.9929128277817152
primary_46_SurrogateTransfer_randomized_smoothing_C1,46,SurrogateTransfer,randomized_smoothing,C1,112,81,1,414,4,0.99,0.9878048780487805,0.9529411764705882,0.9700598802395209,0.9752657689581856
primary_46_SurrogateTransfer_randomized_smoothing_C1,46,SurrogateTransfer,randomized_smoothing,C1,113,79,1,414,6,0.986,0.9875,0.9294117647058824,0.9575757575757576,0.9635010630758327
primary_46_SurrogateTransfer_randomized_smoothing_C1,46,SurrogateTransfer,randomized_smoothing,C1,114,80,0,415,5,0.99,1.0,0.9411764705882353,0.9696969696969697,0.9705882352941176
primary_46_SurrogateTransfer_randomized_smoothing_C1,46,SurrogateTransfer,randomized_smoothing,C1,115,78,0,415,7,0.986,1.0,0.9176470588235294,0.9570552147239264,0.9588235294117646
primary_46_SurrogateTransfer_randomized_smoothing_C1,46,SurrogateTransfer,randomized_smoothing,C1,116,78,1,414,7,0.984,0.9873417721518988,0.9176470588235294,0.9512195121951219,0.9576187101346563
primary_46_SurrogateTransfer_randomized_smoothing_C1,46,SurrogateTransfer,randomized_smoothing,C1,117,80,0,415,5,0.99,1.0,0.9411764705882353,0.9696969696969697,0.9705882352941176
primary_46_SurrogateTransfer_randomized_smoothing_C1,46,SurrogateTransfer,randomized_smoothing,C1,118,79,1,414,6,0.986,0.9875,0.9294117647058824,0.9575757575757576,0.9635010630758327
primary_46_SurrogateTransfer_randomized_smoothing_C1,46,SurrogateTransfer,randomized_smoothing,C1,119,80,0,415,5,0.99,1.0,0.9411764705882353,0.9696969696969697,0.9705882352941176
primary_46_SurrogateTransfer_randomized_smoothing_C1,46,SurrogateTransfer,randomized_smoothing,C1,120,82,0,415,3,0.994,1.0,0.9647058823529412,0.9820359281437125,0.9823529411764707
primary_46_SurrogateTransfer_randomized_smoothing_C1,46,SurrogateTransfer,randomized_smoothing,C1,121,81,0,415,4,0.992,1.0,0.9529411764705882,0.9759036144578312,0.9764705882352941
primary_46_SurrogateTransfer_randomized_smoothing_C1,46,SurrogateTransfer,randomized_smoothing,C1,122,80,0,415,5,0.99,1.0,0.9411764705882353,0.9696969696969697,0.9705882352941176
primary_46_SurrogateTransfer_randomized_smoothing_C1,46,SurrogateTransfer,randomized_smoothing,C1,123,76,0,415,9,0.982,1.0,0.8941176470588236,0.9440993788819877,0.9470588235294117
primary_46_SurrogateTransfer_randomized_smoothing_C1,46,SurrogateTransfer,randomized_smoothing,C1,124,80,1,414,5,0.988,0.9876543209876543,0.9411764705882353,0.963855421686747,0.9693834160170092
primary_46_SurrogateTransfer_randomized_smoothing_C1,46,SurrogateTransfer,randomized_smoothing,C1,125,82,2,413,3,0.99,0.9761904761904762,0.9647058823529412,0.9704142011834319,0.9799433026222537
primary_46_SurrogateTransfer_randomized_smoothing_C1,46,SurrogateTransfer,randomized_smoothing,C1,126,83,0,415,2,0.996,1.0,0.9764705882352941,0.988095238095238,0.9882352941176471
primary_46_SurrogateTransfer_randomized_smoothing_C1,46,SurrogateTransfer,randomized_smoothing,C1,127,77,0,415,8,0.984,1.0,0.9058823529411765,0.9506172839506173,0.9529411764705882
primary_46_SurrogateTransfer_randomized_smoothing_C1,46,SurrogateTransfer,randomized_smoothing,C1,128,83,0,415,2,0.996,1.0,0.9764705882352941,0.988095238095238,0.9882352941176471
primary_46_SurrogateTransfer_randomized_smoothing_C1,46,SurrogateTransfer,randomized_smoothing,C1,129,79,0,415,6,0.988,1.0,0.9294117647058824,0.9634146341463414,0.9647058823529412
primary_46_SurrogateTransfer_randomized_smoothing_C1,46,SurrogateTransfer,randomized_smoothing,C1,130,83,0,415,2,0.996,1.0,0.9764705882352941,0.988095238095238,0.9882352941176471
primary_46_SurrogateTransfer_randomized_smoothing_C1,46,SurrogateTransfer,randomized_smoothing,C1,131,80,1,414,5,0.988,0.9876543209876543,0.9411764705882353,0.963855421686747,0.9693834160170092
primary_46_SurrogateTransfer_randomized_smoothing_C1,46,SurrogateTransfer,randomized_smoothing,C1,132,78,0,415,7,0.986,1.0,0.9176470588235294,0.9570552147239264,0.9588235294117646
primary_46_SurrogateTransfer_randomized_smoothing_C1,46,SurrogateTransfer,randomized_smoothing,C1,133,81,1,414,4,0.99,0.9878048780487805,0.9529411764705882,0.9700598802395209,0.9752657689581856
primary_46_SurrogateTransfer_randomized_smoothing_C1,46,SurrogateTransfer,randomized_smoothing,C1,134,78,0,415,7,0.986,1.0,0.9176470588235294,0.9570552147239264,0.9588235294117646
primary_46_SurrogateTransfer_randomized_smoothing_C1,46,SurrogateTransfer,randomized_smoothing,C1,135,83,0,415,2,0.996,1.0,0.9764705882352941,0.988095238095238,0.9882352941176471
primary_46_SurrogateTransfer_randomized_smoothing_C1,46,SurrogateTransfer,randomized_smoothing,C1,136,82,0,415,3,0.994,1.0,0.9647058823529412,0.9820359281437125,0.9823529411764707
primary_46_SurrogateTransfer_randomized_smoothing_C1,46,SurrogateTransfer,randomized_smoothing,C1,137,79,2,413,6,0.984,0.9753086419753086,0.9294117647058824,0.9518072289156626,0.9622962437987244
primary_46_SurrogateTransfer_randomized_smoothing_C1,46,SurrogateTransfer,randomized_smoothing,C1,138,82,0,415,3,0.994,1.0,0.9647058823529412,0.9820359281437125,0.9823529411764707
primary_46_SurrogateTransfer_randomized_smoothing_C1,46,SurrogateTransfer,randomized_smoothing,C1,139,78,1,414,7,0.984,0.9873417721518988,0.9176470588235294,0.9512195121951219,0.9576187101346563
primary_46_SurrogateTransfer_randomized_smoothing_C1,46,SurrogateTransfer,randomized_smoothing,C1,140,79,0,415,6,0.988,1.0,0.9294117647058824,0.9634146341463414,0.9647058823529412
primary_46_SurrogateTransfer_randomized_smoothing_C1,46,SurrogateTransfer,randomized_smoothing,C1,141,78,0,415,7,0.986,1.0,0.9176470588235294,0.9570552147239264,0.9588235294117646
primary_46_SurrogateTransfer_randomized_smoothing_C1,46,SurrogateTransfer,randomized_smoothing,C1,142,84,0,415,1,0.998,1.0,0.9882352941176471,0.9940828402366864,0.9941176470588236
primary_46_SurrogateTransfer_randomized_smoothing_C1,46,SurrogateTransfer,randomized_smoothing,C1,143,81,0,415,4,0.992,1.0,0.9529411764705882,0.9759036144578312,0.9764705882352941
primary_46_DecisionBoundary_afp_Base,46,DecisionBoundary,afp,Base,0,69,0,414,17,0.966,1.0,0.8023255813953488,0.8903225806451612,0.9011627906976745
primary_46_DecisionBoundary_afp_Base,46,DecisionBoundary,afp,Base,1,64,0,414,22,0.956,1.0,0.7441860465116279,0.8533333333333333,0.872093023255814
primary_46_DecisionBoundary_afp_Base,46,DecisionBoundary,afp,Base,2,69,1,413,17,0.964,0.9857142857142858,0.8023255813953488,0.8846153846153846,0.8999550612290754
primary_46_DecisionBoundary_afp_Base,46,DecisionBoundary,afp,Base,3,66,0,414,20,0.96,1.0,0.7674418604651163,0.868421052631579,0.8837209302325582
primary_46_DecisionBoundary_afp_Base,46,DecisionBoundary,afp,Base,4,72,0,414,14,0.972,1.0,0.8372093023255814,0.9113924050632911,0.9186046511627908
primary_46_DecisionBoundary_afp_Base,46,DecisionBoundary,afp,Base,5,65,0,414,21,0.958,1.0,0.7558139534883721,0.8609271523178808,0.877906976744186
primary_46_DecisionBoundary_afp_Base,46,DecisionBoundary,afp,Base,6,74,0,414,12,0.976,1.0,0.8604651162790697,0.9249999999999999,0.9302325581395349
primary_46_DecisionBoundary_afp_Base,46,DecisionBoundary,afp,Base,7,71,0,414,15,0.97,1.0,0.8255813953488372,0.9044585987261146,0.9127906976744187
primary_46_DecisionBoundary_afp_Base,46,DecisionBoundary,afp,Base,8,62,0,414,24,0.952,1.0,0.7209302325581395,0.8378378378378378,0.8604651162790697
primary_46_DecisionBoundary_afp_Base,46,DecisionBoundary,afp,Base,9,71,0,414,15,0.97,1.0,0.8255813953488372,0.9044585987261146,0.9127906976744187
primary_46_DecisionBoundary_afp_Base,46,DecisionBoundary,afp,Base,10,74,0,414,12,0.976,1.0,0.8604651162790697,0.9249999999999999,0.9302325581395349
primary_46_DecisionBoundary_afp_Base,46,DecisionBoundary,afp,Base,11,62,0,414,24,0.952,1.0,0.7209302325581395,0.8378378378378378,0.8604651162790697
primary_46_DecisionBoundary_afp_Base,46,DecisionBoundary,afp,Base,12,69,0,414,17,0.966,1.0,0.8023255813953488,0.8903225806451612,0.9011627906976745
primary_46_DecisionBoundary_afp_Base,46,DecisionBoundary,afp,Base,13,71,0,414,15,0.97,1.0,0.8255813953488372,0.9044585987261146,0.9127906976744187
primary_46_DecisionBoundary_afp_Base,46,DecisionBoundary,afp,Base,14,70,0,414,16,0.968,1.0,0.813953488372093,0.8974358974358974,0.9069767441860466
primary_46_DecisionBoundary_afp_Base,46,DecisionBoundary,afp,Base,15,73,0,414,13,0.974,1.0,0.8488372093023255,0.9182389937106918,0.9244186046511628
primary_46_DecisionBoundary_afp_Base,46,DecisionBoundary,afp,Base,16,64,0,414,22,0.956,1.0,0.7441860465116279,0.8533333333333333,0.872093023255814
primary_46_DecisionBoundary_afp_Base,46,DecisionBoundary,afp,Base,17,72,0,415,13,0.974,1.0,0.8470588235294118,0.9171974522292993,0.9235294117647059
primary_46_DecisionBoundary_afp_Base,46,DecisionBoundary,afp,Base,18,66,0,415,19,0.962,1.0,0.7764705882352941,0.8741721854304636,0.888235294117647
primary_46_DecisionBoundary_afp_Base,46,DecisionBoundary,afp,Base,19,68,0,415,17,0.966,1.0,0.8,0.888888888888889,0.9
primary_46_DecisionBoundary_afp_Base,46,DecisionBoundary,afp,Base,20,64,0,415,21,0.958,1.0,0.7529411764705882,0.8590604026845637,0.8764705882352941
primary_46_DecisionBoundary_afp_Base,46,DecisionBoundary,afp,Base,21,66,0,415,19,0.962,1.0,0.7764705882352941,0.8741721854304636,0.888235294117647
primary_46_DecisionBoundary_afp_Base,46,DecisionBoundary,afp,Base,22,69,0,415,16,0.968,1.0,0.8117647058823529,0.8961038961038961,0.9058823529411765
primary_46_DecisionBoundary_afp_Base,46,DecisionBoundary,afp,Base,23,67,0,415,18,0.964,1.0,0.788235294117647,0.8815789473684211,0.8941176470588235
primary_46_DecisionBoundary_afp_Base,46,DecisionBoundary,afp,Base,24,70,0,415,15,0.97,1.0,0.8235294117647058,0.9032258064516129,0.9117647058823529
primary_46_DecisionBoundary_afp_Base,46,DecisionBoundary,afp,Base,25,67,0,415,18,0.964,1.0,0.788235294117647,0.8815789473684211,0.8941176470588235
primary_46_DecisionBoundary_afp_Base,46,DecisionBoundary,afp,Base,26,57,0,415,28,0.944,1.0,0.6705882352941176,0.8028169014084507,0.8352941176470587
primary_46_DecisionBoundary_afp_Base,46,DecisionBoundary,afp,Base,27,65,0,415,20,0.96,1.0,0.7647058823529411,0.8666666666666666,0.8823529411764706
primary_46_DecisionBoundary_afp_Base,46,DecisionBoundary,afp,Base,28,72,0,415,13,0.974,1.0,0.8470588235294118,0.9171974522292993,0.9235294117647059
primary_46_DecisionBoundary_afp_Base,46,DecisionBoundary,afp,Base,29,65,0,415,20,0.96,1.0,0.7647058823529411,0.8666666666666666,0.8823529411764706
primary_46_DecisionBoundary_afp_Base,46,DecisionBoundary,afp,Base,30,70,0,415,15,0.97,1.0,0.8235294117647058,0.9032258064516129,0.9117647058823529
primary_46_DecisionBoundary_afp_Base,46,DecisionBoundary,afp,Base,31,63,0,415,22,0.956,1.0,0.7411764705882353,0.8513513513513514,0.8705882352941177
primary_46_DecisionBoundary_afp_Base,46,DecisionBoundary,afp,Base,32,63,0,415,22,0.956,1.0,0.7411764705882353,0.8513513513513514,0.8705882352941177
primary_46_DecisionBoundary_afp_Base,46,DecisionBoundary,afp,Base,33,66,0,415,19,0.962,1.0,0.7764705882352941,0.8741721854304636,0.888235294117647
primary_46_DecisionBoundary_afp_Base,46,DecisionBoundary,afp,Base,34,62,1,414,23,0.952,0.9841269841269841,0.7294117647058823,0.8378378378378377,0.8635010630758327
primary_46_DecisionBoundary_afp_Base,46,DecisionBoundary,afp,Base,35,62,0,415,23,0.954,1.0,0.7294117647058823,0.8435374149659863,0.8647058823529412
primary_46_DecisionBoundary_afp_Base,46,DecisionBoundary,afp,Base,36,68,0,415,17,0.966,1.0,0.8,0.888888888888889,0.9
primary_46_DecisionBoundary_afp_Base,46,DecisionBoundary,afp,Base,37,69,0,415,16,0.968,1.0,0.8117647058823529,0.8961038961038961,0.9058823529411765
primary_46_DecisionBoundary_afp_Base,46,DecisionBoundary,afp,Base,38,67,0,415,18,0.964,1.0,0.788235294117647,0.8815789473684211,0.8941176470588235
primary_46_DecisionBoundary_afp_Base,46,DecisionBoundary,afp,Base,39,65,0,415,20,0.96,1.0,0.7647058823529411,0.8666666666666666,0.8823529411764706
primary_46_DecisionBoundary_afp_Base,46,DecisionBoundary,afp,Base,40,75,0,415,10,0.98,1.0,0.8823529411764706,0.9375,0.9411764705882353
primary_46_DecisionBoundary_afp_Base,46,DecisionBoundary,afp,Base,41,71,0,415,14,0.972,1.0,0.8352941176470589,0.9102564102564102,0.9176470588235295
primary_46_DecisionBoundary_afp_Base,46,DecisionBoundary,afp,Base,42,69,0,415,16,0.968,1.0,0.8117647058823529,0.8961038961038961,0.9058823529411765
primary_46_DecisionBoundary_afp_Base,46,DecisionBoundary,afp,Base,43,64,0,415,21,0.958,1.0,0.7529411764705882,0.8590604026845637,0.8764705882352941
primary_46_DecisionBoundary_afp_Base,46,DecisionBoundary,afp,Base,44,63,0,415,22,0.956,1.0,0.7411764705882353,0.8513513513513514,0.8705882352941177
primary_46_DecisionBoundary_afp_Base,46,DecisionBoundary,afp,Base,45,72,0,415,13,0.974,1.0,0.8470588235294118,0.9171974522292993,0.9235294117647059
primary_46_DecisionBoundary_afp_Base,46,DecisionBoundary,afp,Base,46,70,1,414,15,0.968,0.9859154929577465,0.8235294117647058,0.8974358974358974,0.9105598866052445
primary_46_DecisionBoundary_afp_Base,46,DecisionBoundary,afp,Base,47,68,0,415,17,0.966,1.0,0.8,0.888888888888889,0.9
primary_46_DecisionBoundary_afp_Base,46,DecisionBoundary,afp,Base,48,72,0,415,13,0.974,1.0,0.8470588235294118,0.9171974522292993,0.9235294117647059
primary_46_DecisionBoundary_afp_Base,46,DecisionBoundary,afp,Base,49,69,0,415,16,0.968,1.0,0.8117647058823529,0.8961038961038961,0.9058823529411765
primary_46_DecisionBoundary_afp_Base,46,DecisionBoundary,afp,Base,50,67,0,415,18,0.964,1.0,0.788235294117647,0.8815789473684211,0.8941176470588235
primary_46_DecisionBoundary_afp_Base,46,DecisionBoundary,afp,Base,51,70,0,415,15,0.97,1.0,0.8235294117647058,0.9032258064516129,0.9117647058823529
primary_46_DecisionBoundary_afp_Base,46,DecisionBoundary,afp,Base,52,69,0,415,16,0.968,1.0,0.8117647058823529,0.8961038961038961,0.9058823529411765
primary_46_DecisionBoundary_afp_Base,46,DecisionBoundary,afp,Base,53,55,0,415,30,0.94,1.0,0.6470588235294118,0.7857142857142858,0.8235294117647058
primary_46_DecisionBoundary_afp_Base,46,DecisionBoundary,afp,Base,54,66,0,415,19,0.962,1.0,0.7764705882352941,0.8741721854304636,0.888235294117647
primary_46_DecisionBoundary_afp_Base,46,DecisionBoundary,afp,Base,55,62,0,415,23,0.954,1.0,0.7294117647058823,0.8435374149659863,0.8647058823529412
primary_46_DecisionBoundary_afp_Base,46,DecisionBoundary,afp,Base,56,65,0,415,20,0.96,1.0,0.7647058823529411,0.8666666666666666,0.8823529411764706
primary_46_DecisionBoundary_afp_Base,46,DecisionBoundary,afp,Base,57,71,0,415,14,0.972,1.0,0.8352941176470589,0.9102564102564102,0.9176470588235295
primary_46_DecisionBoundary_afp_Base,46,DecisionBoundary,afp,Base,58,70,0,415,15,0.97,1.0,0.8235294117647058,0.9032258064516129,0.9117647058823529
primary_46_DecisionBoundary_afp_Base,46,DecisionBoundary,afp,Base,59,66,0,415,19,0.962,1.0,0.7764705882352941,0.8741721854304636,0.888235294117647
primary_46_DecisionBoundary_afp_Base,46,DecisionBoundary,afp,Base,60,65,0,415,20,0.96,1.0,0.7647058823529411,0.8666666666666666,0.8823529411764706
primary_46_DecisionBoundary_afp_Base,46,DecisionBoundary,afp,Base,61,66,0,415,19,0.962,1.0,0.7764705882352941,0.8741721854304636,0.888235294117647
primary_46_DecisionBoundary_afp_Base,46,DecisionBoundary,afp,Base,62,68,0,415,17,0.966,1.0,0.8,0.888888888888889,0.9
primary_46_DecisionBoundary_afp_Base,46,DecisionBoundary,afp,Base,63,68,0,415,17,0.966,1.0,0.8,0.888888888888889,0.9
primary_46_DecisionBoundary_afp_Base,46,DecisionBoundary,afp,Base,64,67,0,415,18,0.964,1.0,0.788235294117647,0.8815789473684211,0.8941176470588235
primary_46_DecisionBoundary_afp_Base,46,DecisionBoundary,afp,Base,65,64,0,415,21,0.958,1.0,0.7529411764705882,0.8590604026845637,0.8764705882352941
primary_46_DecisionBoundary_afp_Base,46,DecisionBoundary,afp,Base,66,66,0,415,19,0.962,1.0,0.7764705882352941,0.8741721854304636,0.888235294117647
primary_46_DecisionBoundary_afp_Base,46,DecisionBoundary,afp,Base,67,66,0,415,19,0.962,1.0,0.7764705882352941,0.8741721854304636,0.888235294117647
primary_46_DecisionBoundary_afp_Base,46,DecisionBoundary,afp,Base,68,65,0,415,20,0.96,1.0,0.7647058823529411,0.8666666666666666,0.8823529411764706
primary_46_DecisionBoundary_afp_Base,46,DecisionBoundary,afp,Base,69,70,0,415,15,0.97,1.0,0.8235294117647058,0.9032258064516129,0.9117647058823529
primary_46_DecisionBoundary_afp_Base,46,DecisionBoundary,afp,Base,70,69,0,415,16,0.968,1.0,0.8117647058823529,0.8961038961038961,0.9058823529411765
primary_46_DecisionBoundary_afp_Base,46,DecisionBoundary,afp,Base,71,69,0,415,16,0.968,1.0,0.8117647058823529,0.8961038961038961,0.9058823529411765
primary_46_DecisionBoundary_afp_Base,46,DecisionBoundary,afp,Base,72,66,0,415,19,0.962,1.0,0.7764705882352941,0.8741721854304636,0.888235294117647
primary_46_DecisionBoundary_afp_Base,46,DecisionBoundary,afp,Base,73,65,0,415,20,0.96,1.0,0.7647058823529411,0.8666666666666666,0.8823529411764706
primary_46_DecisionBoundary_afp_Base,46,DecisionBoundary,afp,Base,74,75,0,415,10,0.98,1.0,0.8823529411764706,0.9375,0.9411764705882353
primary_46_DecisionBoundary_afp_Base,46,DecisionBoundary,afp,Base,75,68,0,415,17,0.966,1.0,0.8,0.888888888888889,0.9
primary_46_DecisionBoundary_afp_Base,46,DecisionBoundary,afp,Base,76,65,0,415,20,0.96,1.0,0.7647058823529411,0.8666666666666666,0.8823529411764706
primary_46_DecisionBoundary_afp_Base,46,DecisionBoundary,afp,Base,77,68,0,415,17,0.966,1.0,0.8,0.888888888888889,0.9
primary_46_DecisionBoundary_afp_Base,46,DecisionBoundary,afp,Base,78,71,0,415,14,0.972,1.0,0.8352941176470589,0.9102564102564102,0.9176470588235295
primary_46_DecisionBoundary_afp_Base,46,DecisionBoundary,afp,Base,79,68,0,415,17,0.966,1.0,0.8,0.888888888888889,0.9
primary_46_DecisionBoundary_afp_Base,46,DecisionBoundary,afp,Base,80,68,0,415,17,0.966,1.0,0.8,0.888888888888889,0.9
primary_46_DecisionBoundary_afp_Base,46,DecisionBoundary,afp,Base,81,69,0,415,16,0.968,1.0,0.8117647058823529,0.8961038961038961,0.9058823529411765
primary_46_DecisionBoundary_afp_Base,46,DecisionBoundary,afp,Base,82,66,0,415,19,0.962,1.0,0.7764705882352941,0.8741721854304636,0.888235294117647
primary_46_DecisionBoundary_afp_Base,46,DecisionBoundary,afp,Base,83,64,0,415,21,0.958,1.0,0.7529411764705882,0.8590604026845637,0.8764705882352941
primary_46_DecisionBoundary_afp_Base,46,DecisionBoundary,afp,Base,84,71,0,415,14,0.972,1.0,0.8352941176470589,0.9102564102564102,0.9176470588235295
primary_46_DecisionBoundary_afp_Base,46,DecisionBoundary,afp,Base,85,69,0,415,16,0.968,1.0,0.8117647058823529,0.8961038961038961,0.9058823529411765
primary_46_DecisionBoundary_afp_Base,46,DecisionBoundary,afp,Base,86,68,1,414,17,0.964,0.9855072463768116,0.8,0.8831168831168831,0.8987951807228916
primary_46_DecisionBoundary_afp_Base,46,DecisionBoundary,afp,Base,87,67,0,415,18,0.964,1.0,0.788235294117647,0.8815789473684211,0.8941176470588235
primary_46_DecisionBoundary_afp_Base,46,DecisionBoundary,afp,Base,88,64,0,415,21,0.958,1.0,0.7529411764705882,0.8590604026845637,0.8764705882352941
primary_46_DecisionBoundary_afp_Base,46,DecisionBoundary,afp,Base,89,73,0,415,12,0.976,1.0,0.8588235294117647,0.9240506329113923,0.9294117647058824
primary_46_DecisionBoundary_afp_Base,46,DecisionBoundary,afp,Base,90,67,0,415,18,0.964,1.0,0.788235294117647,0.8815789473684211,0.8941176470588235
primary_46_DecisionBoundary_afp_Base,46,DecisionBoundary,afp,Base,91,62,0,415,23,0.954,1.0,0.7294117647058823,0.8435374149659863,0.8647058823529412
primary_46_DecisionBoundary_afp_Base,46,DecisionBoundary,afp,Base,92,67,0,415,18,0.964,1.0,0.788235294117647,0.8815789473684211,0.8941176470588235
primary_46_DecisionBoundary_afp_Base,46,DecisionBoundary,afp,Base,93,70,0,415,15,0.97,1.0,0.8235294117647058,0.9032258064516129,0.9117647058823529
primary_46_DecisionBoundary_afp_Base,46,DecisionBoundary,afp,Base,94,69,0,415,16,0.968,1.0,0.8117647058823529,0.8961038961038961,0.9058823529411765
primary_46_DecisionBoundary_afp_Base,46,DecisionBoundary,afp,Base,95,73,0,415,12,0.976,1.0,0.8588235294117647,0.9240506329113923,0.9294117647058824
primary_46_DecisionBoundary_afp_Base,46,DecisionBoundary,afp,Base,96,69,0,415,16,0.968,1.0,0.8117647058823529,0.8961038961038961,0.9058823529411765
primary_46_DecisionBoundary_afp_Base,46,DecisionBoundary,afp,Base,97,65,0,415,20,0.96,1.0,0.7647058823529411,0.8666666666666666,0.8823529411764706
primary_46_DecisionBoundary_afp_Base,46,DecisionBoundary,afp,Base,98,66,0,415,19,0.962,1.0,0.7764705882352941,0.8741721854304636,0.888235294117647
primary_46_DecisionBoundary_afp_Base,46,DecisionBoundary,afp,Base,99,63,0,415,22,0.956,1.0,0.7411764705882353,0.8513513513513514,0.8705882352941177
primary_46_DecisionBoundary_afp_Base,46,DecisionBoundary,afp,Base,100,72,0,415,13,0.974,1.0,0.8470588235294118,0.9171974522292993,0.9235294117647059
primary_46_DecisionBoundary_afp_Base,46,DecisionBoundary,afp,Base,101,66,0,415,19,0.962,1.0,0.7764705882352941,0.8741721854304636,0.888235294117647
primary_46_DecisionBoundary_afp_Base,46,DecisionBoundary,afp,Base,102,67,0,415,18,0.964,1.0,0.788235294117647,0.8815789473684211,0.8941176470588235
primary_46_DecisionBoundary_afp_Base,46,DecisionBoundary,afp,Base,103,73,0,415,12,0.976,1.0,0.8588235294117647,0.9240506329113923,0.9294117647058824
primary_46_DecisionBoundary_afp_Base,46,DecisionBoundary,afp,Base,104,70,0,415,15,0.97,1.0,0.8235294117647058,0.9032258064516129,0.9117647058823529
primary_46_DecisionBoundary_afp_Base,46,DecisionBoundary,afp,Base,105,70,0,415,15,0.97,1.0,0.8235294117647058,0.9032258064516129,0.9117647058823529
primary_46_DecisionBoundary_afp_Base,46,DecisionBoundary,afp,Base,106,65,0,415,20,0.96,1.0,0.7647058823529411,0.8666666666666666,0.8823529411764706
primary_46_DecisionBoundary_afp_Base,46,DecisionBoundary,afp,Base,107,64,0,415,21,0.958,1.0,0.7529411764705882,0.8590604026845637,0.8764705882352941
primary_46_DecisionBoundary_afp_Base,46,DecisionBoundary,afp,Base,108,71,0,415,14,0.972,1.0,0.8352941176470589,0.9102564102564102,0.9176470588235295
primary_46_DecisionBoundary_afp_Base,46,DecisionBoundary,afp,Base,109,66,0,415,19,0.962,1.0,0.7764705882352941,0.8741721854304636,0.888235294117647
primary_46_DecisionBoundary_afp_Base,46,DecisionBoundary,afp,Base,110,68,1,414,17,0.964,0.9855072463768116,0.8,0.8831168831168831,0.8987951807228916
primary_46_DecisionBoundary_afp_Base,46,DecisionBoundary,afp,Base,111,70,0,415,15,0.97,1.0,0.8235294117647058,0.9032258064516129,0.9117647058823529
primary_46_DecisionBoundary_afp_Base,46,DecisionBoundary,afp,Base,112,71,0,415,14,0.972,1.0,0.8352941176470589,0.9102564102564102,0.9176470588235295
primary_46_DecisionBoundary_afp_Base,46,DecisionBoundary,afp,Base,113,65,0,415,20,0.96,1.0,0.7647058823529411,0.8666666666666666,0.8823529411764706
primary_46_DecisionBoundary_afp_Base,46,DecisionBoundary,afp,Base,114,65,0,415,20,0.96,1.0,0.7647058823529411,0.8666666666666666,0.8823529411764706
primary_46_DecisionBoundary_afp_Base,46,DecisionBoundary,afp,Base,115,67,0,415,18,0.964,1.0,0.788235294117647,0.8815789473684211,0.8941176470588235
primary_46_DecisionBoundary_afp_Base,46,DecisionBoundary,afp,Base,116,59,0,415,26,0.948,1.0,0.6941176470588235,0.8194444444444444,0.8470588235294118
primary_46_DecisionBoundary_afp_Base,46,DecisionBoundary,afp,Base,117,67,0,415,18,0.964,1.0,0.788235294117647,0.8815789473684211,0.8941176470588235
primary_46_DecisionBoundary_afp_Base,46,DecisionBoundary,afp,Base,118,70,0,415,15,0.97,1.0,0.8235294117647058,0.9032258064516129,0.9117647058823529
primary_46_DecisionBoundary_afp_Base,46,DecisionBoundary,afp,Base,119,71,0,415,14,0.972,1.0,0.8352941176470589,0.9102564102564102,0.9176470588235295
primary_46_DecisionBoundary_afp_Base,46,DecisionBoundary,afp,Base,120,77,0,415,8,0.984,1.0,0.9058823529411765,0.9506172839506173,0.9529411764705882
primary_46_DecisionBoundary_afp_Base,46,DecisionBoundary,afp,Base,121,69,0,415,16,0.968,1.0,0.8117647058823529,0.8961038961038961,0.9058823529411765
primary_46_DecisionBoundary_afp_Base,46,DecisionBoundary,afp,Base,122,68,0,415,17,0.966,1.0,0.8,0.888888888888889,0.9
primary_46_DecisionBoundary_afp_Base,46,DecisionBoundary,afp,Base,123,65,0,415,20,0.96,1.0,0.7647058823529411,0.8666666666666666,0.8823529411764706
primary_46_DecisionBoundary_afp_Base,46,DecisionBoundary,afp,Base,124,68,0,415,17,0.966,1.0,0.8,0.888888888888889,0.9
primary_46_DecisionBoundary_afp_Base,46,DecisionBoundary,afp,Base,125,73,0,415,12,0.976,1.0,0.8588235294117647,0.9240506329113923,0.9294117647058824
primary_46_DecisionBoundary_afp_Base,46,DecisionBoundary,afp,Base,126,72,0,415,13,0.974,1.0,0.8470588235294118,0.9171974522292993,0.9235294117647059
primary_46_DecisionBoundary_afp_Base,46,DecisionBoundary,afp,Base,127,62,0,415,23,0.954,1.0,0.7294117647058823,0.8435374149659863,0.8647058823529412
primary_46_DecisionBoundary_afp_Base,46,DecisionBoundary,afp,Base,128,73,0,415,12,0.976,1.0,0.8588235294117647,0.9240506329113923,0.9294117647058824
primary_46_DecisionBoundary_afp_Base,46,DecisionBoundary,afp,Base,129,69,0,415,16,0.968,1.0,0.8117647058823529,0.8961038961038961,0.9058823529411765
primary_46_DecisionBoundary_afp_Base,46,DecisionBoundary,afp,Base,130,71,0,415,14,0.972,1.0,0.8352941176470589,0.9102564102564102,0.9176470588235295
primary_46_DecisionBoundary_afp_Base,46,DecisionBoundary,afp,Base,131,64,0,415,21,0.958,1.0,0.7529411764705882,0.8590604026845637,0.8764705882352941
primary_46_DecisionBoundary_afp_Base,46,DecisionBoundary,afp,Base,132,64,0,415,21,0.958,1.0,0.7529411764705882,0.8590604026845637,0.8764705882352941
primary_46_DecisionBoundary_afp_Base,46,DecisionBoundary,afp,Base,133,67,0,415,18,0.964,1.0,0.788235294117647,0.8815789473684211,0.8941176470588235
primary_46_DecisionBoundary_afp_Base,46,DecisionBoundary,afp,Base,134,65,0,415,20,0.96,1.0,0.7647058823529411,0.8666666666666666,0.8823529411764706
primary_46_DecisionBoundary_afp_Base,46,DecisionBoundary,afp,Base,135,68,0,415,17,0.966,1.0,0.8,0.888888888888889,0.9
primary_46_DecisionBoundary_afp_Base,46,DecisionBoundary,afp,Base,136,72,0,415,13,0.974,1.0,0.8470588235294118,0.9171974522292993,0.9235294117647059
primary_46_DecisionBoundary_afp_Base,46,DecisionBoundary,afp,Base,137,68,0,415,17,0.966,1.0,0.8,0.888888888888889,0.9
primary_46_DecisionBoundary_afp_Base,46,DecisionBoundary,afp,Base,138,63,0,415,22,0.956,1.0,0.7411764705882353,0.8513513513513514,0.8705882352941177
primary_46_DecisionBoundary_afp_Base,46,DecisionBoundary,afp,Base,139,66,0,415,19,0.962,1.0,0.7764705882352941,0.8741721854304636,0.888235294117647
primary_46_DecisionBoundary_afp_Base,46,DecisionBoundary,afp,Base,140,68,0,415,17,0.966,1.0,0.8,0.888888888888889,0.9
primary_46_DecisionBoundary_afp_Base,46,DecisionBoundary,afp,Base,141,68,0,415,17,0.966,1.0,0.8,0.888888888888889,0.9
primary_46_DecisionBoundary_afp_Base,46,DecisionBoundary,afp,Base,142,67,0,415,18,0.964,1.0,0.788235294117647,0.8815789473684211,0.8941176470588235
primary_46_DecisionBoundary_afp_Base,46,DecisionBoundary,afp,Base,143,71,0,415,14,0.972,1.0,0.8352941176470589,0.9102564102564102,0.9176470588235295
primary_46_DecisionBoundary_afp_C1,46,DecisionBoundary,afp,C1,0,69,0,414,17,0.966,1.0,0.8023255813953488,0.8903225806451612,0.9011627906976745
primary_46_DecisionBoundary_afp_C1,46,DecisionBoundary,afp,C1,1,69,0,414,17,0.966,1.0,0.8023255813953488,0.8903225806451612,0.9011627906976745
primary_46_DecisionBoundary_afp_C1,46,DecisionBoundary,afp,C1,2,78,1,413,8,0.982,0.9873417721518988,0.9069767441860465,0.9454545454545454,0.9522806426244241
primary_46_DecisionBoundary_afp_C1,46,DecisionBoundary,afp,C1,3,80,0,414,6,0.988,1.0,0.9302325581395349,0.963855421686747,0.9651162790697674
primary_46_DecisionBoundary_afp_C1,46,DecisionBoundary,afp,C1,4,84,2,412,2,0.992,0.9767441860465116,0.9767441860465116,0.9767441860465116,0.9859566340860577
primary_46_DecisionBoundary_afp_C1,46,DecisionBoundary,afp,C1,5,81,0,414,5,0.99,1.0,0.9418604651162791,0.970059880239521,0.9709302325581395
primary_46_DecisionBoundary_afp_C1,46,DecisionBoundary,afp,C1,6,78,0,414,8,0.984,1.0,0.9069767441860465,0.951219512195122,0.9534883720930232
primary_46_DecisionBoundary_afp_C1,46,DecisionBoundary,afp,C1,7,79,0,414,7,0.986,1.0,0.9186046511627907,0.9575757575757576,0.9593023255813953
primary_46_DecisionBoundary_afp_C1,46,DecisionBoundary,afp,C1,8,76,1,413,10,0.978,0.987012987012987,0.8837209302325582,0.9325153374233128,0.94065273564768
primary_46_DecisionBoundary_afp_C1,46,DecisionBoundary,afp,C1,9,84,0,414,2,0.996,1.0,0.9767441860465116,0.988235294117647,0.9883720930232558
primary_46_DecisionBoundary_afp_C1,46,DecisionBoundary,afp,C1,10,80,1,413,6,0.986,0.9876543209876543,0.9302325581395349,0.9580838323353293,0.9639085496011683
primary_46_DecisionBoundary_afp_C1,46,DecisionBoundary,afp,C1,11,79,0,414,7,0.986,1.0,0.9186046511627907,0.9575757575757576,0.9593023255813953
primary_46_DecisionBoundary_afp_C1,46,DecisionBoundary,afp,C1,12,81,0,414,5,0.99,1.0,0.9418604651162791,0.970059880239521,0.9709302325581395
primary_46_DecisionBoundary_afp_C1,46,DecisionBoundary,afp,C1,13,83,0,414,3,0.994,1.0,0.9651162790697675,0.9822485207100593,0.9825581395348837
primary_46_DecisionBoundary_afp_C1,46,DecisionBoundary,afp,C1,14,84,0,414,2,0.996,1.0,0.9767441860465116,0.988235294117647,0.9883720930232558
primary_46_DecisionBoundary_afp_C1,46,DecisionBoundary,afp,C1,15,82,0,414,4,0.992,1.0,0.9534883720930233,0.9761904761904763,0.9767441860465116
primary_46_DecisionBoundary_afp_C1,46,DecisionBoundary,afp,C1,16,77,1,413,9,0.98,0.9871794871794872,0.8953488372093024,0.9390243902439025,0.9464666891360521
primary_46_DecisionBoundary_afp_C1,46,DecisionBoundary,afp,C1,17,82,0,415,3,0.994,1.0,0.9647058823529412,0.9820359281437125,0.9823529411764707
primary_46_DecisionBoundary_afp_C1,46,DecisionBoundary,afp,C1,18,79,0,415,6,0.988,1.0,0.9294117647058824,0.9634146341463414,0.9647058823529412
primary_46_DecisionBoundary_afp_C1,46,DecisionBoundary,afp,C1,19,80,0,415,5,0.99,1.0,0.9411764705882353,0.9696969696969697,0.9705882352941176
primary_46_DecisionBoundary_afp_C1,46,DecisionBoundary,afp,C1,20,74,1,414,11,0.976,0.9866666666666667,0.8705882352941177,0.925,0.9340892983699505
primary_46_DecisionBoundary_afp_C1,46,DecisionBoundary,afp,C1,21,73,1,414,12,0.974,0.9864864864864865,0.8588235294117647,0.9182389937106918,0.9282069454287739
primary_46_DecisionBoundary_afp_C1,46,DecisionBoundary,afp,C1,22,77,0,415,8,0.984,1.0,0.9058823529411765,0.9506172839506173,0.9529411764705882
primary_46_DecisionBoundary_afp_C1,46,DecisionBoundary,afp,C1,23,78,0,415,7,0.986,1.0,0.9176470588235294,0.9570552147239264,0.9588235294117646
primary_46_DecisionBoundary_afp_C1,46,DecisionBoundary,afp,C1,24,80,1,414,5,0.988,0.9876543209876543,0.9411764705882353,0.963855421686747,0.9693834160170092
primary_46_DecisionBoundary_afp_C1,46,DecisionBoundary,afp,C1,25,76,0,415,9,0.982,1.0,0.8941176470588236,0.9440993788819877,0.9470588235294117
primary_46_DecisionBoundary_afp_C1,46,DecisionBoundary,afp,C1,26,75,0,415,10,0.98,1.0,0.8823529411764706,0.9375,0.9411764705882353
primary_46_DecisionBoundary_afp_C1,46,DecisionBoundary,afp,C1,27,77,0,415,8,0.984,1.0,0.9058823529411765,0.9506172839506173,0.9529411764705882
primary_46_DecisionBoundary_afp_C1,46,DecisionBoundary,afp,C1,28,79,0,415,6,0.988,1.0,0.9294117647058824,0.9634146341463414,0.9647058823529412
primary_46_DecisionBoundary_afp_C1,46,DecisionBoundary,afp,C1,29,78,0,415,7,0.986,1.0,0.9176470588235294,0.9570552147239264,0.9588235294117646
primary_46_DecisionBoundary_afp_C1,46,DecisionBoundary,afp,C1,30,79,0,415,6,0.988,1.0,0.9294117647058824,0.9634146341463414,0.9647058823529412
primary_46_DecisionBoundary_afp_C1,46,DecisionBoundary,afp,C1,31,76,1,414,9,0.98,0.987012987012987,0.8941176470588236,0.9382716049382716,0.9458540042523034
primary_46_DecisionBoundary_afp_C1,46,DecisionBoundary,afp,C1,32,76,0,415,9,0.982,1.0,0.8941176470588236,0.9440993788819877,0.9470588235294117
primary_46_DecisionBoundary_afp_C1,46,DecisionBoundary,afp,C1,33,79,0,415,6,0.988,1.0,0.9294117647058824,0.9634146341463414,0.9647058823529412
primary_46_DecisionBoundary_afp_C1,46,DecisionBoundary,afp,C1,34,78,1,414,7,0.984,0.9873417721518988,0.9176470588235294,0.9512195121951219,0.9576187101346563
primary_46_DecisionBoundary_afp_C1,46,DecisionBoundary,afp,C1,35,74,0,415,11,0.978,1.0,0.8705882352941177,0.9308176100628931,0.9352941176470588
primary_46_DecisionBoundary_afp_C1,46,DecisionBoundary,afp,C1,36,78,0,415,7,0.986,1.0,0.9176470588235294,0.9570552147239264,0.9588235294117646
primary_46_DecisionBoundary_afp_C1,46,DecisionBoundary,afp,C1,37,77,1,414,8,0.982,0.9871794871794872,0.9058823529411765,0.9447852760736197,0.9517363571934798
primary_46_DecisionBoundary_afp_C1,46,DecisionBoundary,afp,C1,38,80,0,415,5,0.99,1.0,0.9411764705882353,0.9696969696969697,0.9705882352941176
primary_46_DecisionBoundary_afp_C1,46,DecisionBoundary,afp,C1,39,80,0,415,5,0.99,1.0,0.9411764705882353,0.9696969696969697,0.9705882352941176
primary_46_DecisionBoundary_afp_C1,46,DecisionBoundary,afp,C1,40,82,0,415,3,0.994,1.0,0.9647058823529412,0.9820359281437125,0.9823529411764707
primary_46_DecisionBoundary_afp_C1,46,DecisionBoundary,afp,C1,41,81,1,414,4,0.99,0.9878048780487805,0.9529411764705882,0.9700598802395209,0.9752657689581856
primary_46_DecisionBoundary_afp_C1,46,DecisionBoundary,afp,C1,42,79,0,415,6,0.988,1.0,0.9294117647058824,0.9634146341463414,0.9647058823529412
primary_46_DecisionBoundary_afp_C1,46,DecisionBoundary,afp,C1,43,77,1,414,8,0.982,0.9871794871794872,0.9058823529411765,0.9447852760736197,0.9517363571934798
primary_46_DecisionBoundary_afp_C1,46,DecisionBoundary,afp,C1,44,77,0,415,8,0.984,1.0,0.9058823529411765,0.9506172839506173,0.9529411764705882
primary_46_DecisionBoundary_afp_C1,46,DecisionBoundary,afp,C1,45,80,0,415,5,0.99,1.0,0.9411764705882353,0.9696969696969697,0.9705882352941176
primary_46_DecisionBoundary_afp_C1,46,DecisionBoundary,afp,C1,46,80,2,413,5,0.986,0.975609756097561,0.9411764705882353,0.9580838323353293,0.9681785967399008
primary_46_DecisionBoundary_afp_C1,46,DecisionBoundary,afp,C1,47,75,0,415,10,0.98,1.0,0.8823529411764706,0.9375,0.9411764705882353
primary_46_DecisionBoundary_afp_C1,46,DecisionBoundary,afp,C1,48,79,0,415,6,0.988,1.0,0.9294117647058824,0.9634146341463414,0.9647058823529412
primary_46_DecisionBoundary_afp_C1,46,DecisionBoundary,afp,C1,49,78,0,415,7,0.986,1.0,0.9176470588235294,0.9570552147239264,0.9588235294117646
primary_46_DecisionBoundary_afp_C1,46,DecisionBoundary,afp,C1,50,81,0,415,4,0.992,1.0,0.9529411764705882,0.9759036144578312,0.9764705882352941
primary_46_DecisionBoundary_afp_C1,46,DecisionBoundary,afp,C1,51,79,1,414,6,0.986,0.9875,0.9294117647058824,0.9575757575757576,0.9635010630758327
primary_46_DecisionBoundary_afp_C1,46,DecisionBoundary,afp,C1,52,80,1,414,5,0.988,0.9876543209876543,0.9411764705882353,0.963855421686747,0.9693834160170092
primary_46_DecisionBoundary_afp_C1,46,DecisionBoundary,afp,C1,53,75,1,414,10,0.978,0.9868421052631579,0.8823529411764706,0.9316770186335402,0.9399716513111269
primary_46_DecisionBoundary_afp_C1,46,DecisionBoundary,afp,C1,54,81,0,415,4,0.992,1.0,0.9529411764705882,0.9759036144578312,0.9764705882352941
primary_46_DecisionBoundary_afp_C1,46,DecisionBoundary,afp,C1,55,76,1,414,9,0.98,0.987012987012987,0.8941176470588236,0.9382716049382716,0.9458540042523034
primary_46_DecisionBoundary_afp_C1,46,DecisionBoundary,afp,C1,56,74,0,415,11,0.978,1.0,0.8705882352941177,0.9308176100628931,0.9352941176470588
primary_46_DecisionBoundary_afp_C1,46,DecisionBoundary,afp,C1,57,79,0,415,6,0.988,1.0,0.9294117647058824,0.9634146341463414,0.9647058823529412
primary_46_DecisionBoundary_afp_C1,46,DecisionBoundary,afp,C1,58,82,2,413,3,0.99,0.9761904761904762,0.9647058823529412,0.9704142011834319,0.9799433026222537
primary_46_DecisionBoundary_afp_C1,46,DecisionBoundary,afp,C1,59,73,0,415,12,0.976,1.0,0.8588235294117647,0.9240506329113923,0.9294117647058824
primary_46_DecisionBoundary_afp_C1,46,DecisionBoundary,afp,C1,60,81,0,415,4,0.992,1.0,0.9529411764705882,0.9759036144578312,0.9764705882352941
primary_46_DecisionBoundary_afp_C1,46,DecisionBoundary,afp,C1,61,78,0,415,7,0.986,1.0,0.9176470588235294,0.9570552147239264,0.9588235294117646
primary_46_DecisionBoundary_afp_C1,46,DecisionBoundary,afp,C1,62,80,0,415,5,0.99,1.0,0.9411764705882353,0.9696969696969697,0.9705882352941176
primary_46_DecisionBoundary_afp_C1,46,DecisionBoundary,afp,C1,63,75,0,415,10,0.98,1.0,0.8823529411764706,0.9375,0.9411764705882353
primary_46_DecisionBoundary_afp_C1,46,DecisionBoundary,afp,C1,64,75,0,415,10,0.98,1.0,0.8823529411764706,0.9375,0.9411764705882353
primary_46_DecisionBoundary_afp_C1,46,DecisionBoundary,afp,C1,65,76,1,414,9,0.98,0.987012987012987,0.8941176470588236,0.9382716049382716,0.9458540042523034
primary_46_DecisionBoundary_afp_C1,46,DecisionBoundary,afp,C1,66,80,1,414,5,0.988,0.9876543209876543,0.9411764705882353,0.963855421686747,0.9693834160170092
primary_46_DecisionBoundary_afp_C1,46,DecisionBoundary,afp,C1,67,78,1,414,7,0.984,0.9873417721518988,0.9176470588235294,0.9512195121951219,0.9576187101346563
primary_46_DecisionBoundary_afp_C1,46,DecisionBoundary,afp,C1,68,76,0,415,9,0.982,1.0,0.8941176470588236,0.9440993788819877,0.9470588235294117
primary_46_DecisionBoundary_afp_C1,46,DecisionBoundary,afp,C1,69,80,2,413,5,0.986,0.975609756097561,0.9411764705882353,0.9580838323353293,0.9681785967399008
primary_46_DecisionBoundary_afp_C1,46,DecisionBoundary,afp,C1,70,81,0,415,4,0.992,1.0,0.9529411764705882,0.9759036144578312,0.9764705882352941
primary_46_DecisionBoundary_afp_C1,46,DecisionBoundary,afp,C1,71,76,0,415,9,0.982,1.0,0.8941176470588236,0.9440993788819877,0.9470588235294117
primary_46_DecisionBoundary_afp_C1,46,DecisionBoundary,afp,C1,72,76,1,414,9,0.98,0.987012987012987,0.8941176470588236,0.9382716049382716,0.9458540042523034
primary_46_DecisionBoundary_afp_C1,46,DecisionBoundary,afp,C1,73,76,1,414,9,0.98,0.987012987012987,0.8941176470588236,0.9382716049382716,0.9458540042523034
primary_46_DecisionBoundary_afp_C1,46,DecisionBoundary,afp,C1,74,79,0,415,6,0.988,1.0,0.9294117647058824,0.9634146341463414,0.9647058823529412
primary_46_DecisionBoundary_afp_C1,46,DecisionBoundary,afp,C1,75,77,0,415,8,0.984,1.0,0.9058823529411765,0.9506172839506173,0.9529411764705882
primary_46_DecisionBoundary_afp_C1,46,DecisionBoundary,afp,C1,76,77,1,414,8,0.982,0.9871794871794872,0.9058823529411765,0.9447852760736197,0.9517363571934798
primary_46_DecisionBoundary_afp_C1,46,DecisionBoundary,afp,C1,77,78,0,415,7,0.986,1.0,0.9176470588235294,0.9570552147239264,0.9588235294117646
primary_46_DecisionBoundary_afp_C1,46,DecisionBoundary,afp,C1,78,83,1,414,2,0.994,0.9880952380952381,0.9764705882352941,0.9822485207100591,0.9870304748405386
primary_46_DecisionBoundary_afp_C1,46,DecisionBoundary,afp,C1,79,80,0,415,5,0.99,1.0,0.9411764705882353,0.9696969696969697,0.9705882352941176
primary_46_DecisionBoundary_afp_C1,46,DecisionBoundary,afp,C1,80,79,0,415,6,0.988,1.0,0.9294117647058824,0.9634146341463414,0.9647058823529412
primary_46_DecisionBoundary_afp_C1,46,DecisionBoundary,afp,C1,81,75,0,415,10,0.98,1.0,0.8823529411764706,0.9375,0.9411764705882353
primary_46_DecisionBoundary_afp_C1,46,DecisionBoundary,afp,C1,82,79,1,414,6,0.986,0.9875,0.9294117647058824,0.9575757575757576,0.9635010630758327
primary_46_DecisionBoundary_afp_C1,46,DecisionBoundary,afp,C1,83,77,0,415,8,0.984,1.0,0.9058823529411765,0.9506172839506173,0.9529411764705882
primary_46_DecisionBoundary_afp_C1,46,DecisionBoundary,afp,C1,84,78,0,415,7,0.986,1.0,0.9176470588235294,0.9570552147239264,0.9588235294117646
primary_46_DecisionBoundary_afp_C1,46,DecisionBoundary,afp,C1,85,78,1,414,7,0.984,0.9873417721518988,0.9176470588235294,0.9512195121951219,0.9576187101346563
primary_46_DecisionBoundary_afp_C1,46,DecisionBoundary,afp,C1,86,74,2,413,11,0.974,0.9736842105263158,0.8705882352941177,0.9192546583850931,0.9328844790928419
primary_46_DecisionBoundary_afp_C1,46,DecisionBoundary,afp,C1,87,78,0,415,7,0.986,1.0,0.9176470588235294,0.9570552147239264,0.9588235294117646
primary_46_DecisionBoundary_afp_C1,46,DecisionBoundary,afp,C1,88,80,0,415,5,0.99,1.0,0.9411764705882353,0.9696969696969697,0.9705882352941176
primary_46_DecisionBoundary_afp_C1,46,DecisionBoundary,afp,C1,89,79,1,414,6,0.986,0.9875,0.9294117647058824,0.9575757575757576,0.9635010630758327
primary_46_DecisionBoundary_afp_C1,46,DecisionBoundary,afp,C1,90,81,1,414,4,0.99,0.9878048780487805,0.9529411764705882,0.9700598802395209,0.9752657689581856
primary_46_DecisionBoundary_afp_C1,46,DecisionBoundary,afp,C1,91,78,2,413,7,0.982,0.975,0.9176470588235294,0.9454545454545454,0.9564138908575478
primary_46_DecisionBoundary_afp_C1,46,DecisionBoundary,afp,C1,92,80,0,415,5,0.99,1.0,0.9411764705882353,0.9696969696969697,0.9705882352941176
primary_46_DecisionBoundary_afp_C1,46,DecisionBoundary,afp,C1,93,79,0,415,6,0.988,1.0,0.9294117647058824,0.9634146341463414,0.9647058823529412
primary_46_DecisionBoundary_afp_C1,46,DecisionBoundary,afp,C1,94,82,0,415,3,0.994,1.0,0.9647058823529412,0.9820359281437125,0.9823529411764707
primary_46_DecisionBoundary_afp_C1,46,DecisionBoundary,afp,C1,95,82,1,414,3,0.992,0.9879518072289156,0.9647058823529412,0.9761904761904762,0.9811481218993622
primary_46_DecisionBoundary_afp_C1,46,DecisionBoundary,afp,C1,96,82,0,415,3,0.994,1.0,0.9647058823529412,0.9820359281437125,0.9823529411764707
primary_46_DecisionBoundary_afp_C1,46,DecisionBoundary,afp,C1,97,75,1,414,10,0.978,0.9868421052631579,0.8823529411764706,0.9316770186335402,0.9399716513111269
primary_46_DecisionBoundary_afp_C1,46,DecisionBoundary,afp,C1,98,76,0,415,9,0.982,1.0,0.8941176470588236,0.9440993788819877,0.9470588235294117
primary_46_DecisionBoundary_afp_C1,46,DecisionBoundary,afp,C1,99,81,1,414,4,0.99,0.9878048780487805,0.9529411764705882,0.9700598802395209,0.9752657689581856
primary_46_DecisionBoundary_afp_C1,46,DecisionBoundary,afp,C1,100,80,1,414,5,0.988,0.9876543209876543,0.9411764705882353,0.963855421686747,0.9693834160170092
primary_46_DecisionBoundary_afp_C1,46,DecisionBoundary,afp,C1,101,81,0,415,4,0.992,1.0,0.9529411764705882,0.9759036144578312,0.9764705882352941
primary_46_DecisionBoundary_afp_C1,46,DecisionBoundary,afp,C1,102,81,0,415,4,0.992,1.0,0.9529411764705882,0.9759036144578312,0.9764705882352941
primary_46_DecisionBoundary_afp_C1,46,DecisionBoundary,afp,C1,103,79,0,415,6,0.988,1.0,0.9294117647058824,0.9634146341463414,0.9647058823529412
primary_46_DecisionBoundary_afp_C1,46,DecisionBoundary,afp,C1,104,81,0,415,4,0.992,1.0,0.9529411764705882,0.9759036144578312,0.9764705882352941
primary_46_DecisionBoundary_afp_C1,46,DecisionBoundary,afp,C1,105,81,0,415,4,0.992,1.0,0.9529411764705882,0.9759036144578312,0.9764705882352941
primary_46_DecisionBoundary_afp_C1,46,DecisionBoundary,afp,C1,106,74,0,415,11,0.978,1.0,0.8705882352941177,0.9308176100628931,0.9352941176470588
primary_46_DecisionBoundary_afp_C1,46,DecisionBoundary,afp,C1,107,78,0,415,7,0.986,1.0,0.9176470588235294,0.9570552147239264,0.9588235294117646
primary_46_DecisionBoundary_afp_C1,46,DecisionBoundary,afp,C1,108,81,0,415,4,0.992,1.0,0.9529411764705882,0.9759036144578312,0.9764705882352941
primary_46_DecisionBoundary_afp_C1,46,DecisionBoundary,afp,C1,109,76,0,415,9,0.982,1.0,0.8941176470588236,0.9440993788819877,0.9470588235294117
primary_46_DecisionBoundary_afp_C1,46,DecisionBoundary,afp,C1,110,77,1,414,8,0.982,0.9871794871794872,0.9058823529411765,0.9447852760736197,0.9517363571934798
primary_46_DecisionBoundary_afp_C1,46,DecisionBoundary,afp,C1,111,83,1,414,2,0.994,0.9880952380952381,0.9764705882352941,0.9822485207100591,0.9870304748405386
primary_46_DecisionBoundary_afp_C1,46,DecisionBoundary,afp,C1,112,80,1,414,5,0.988,0.9876543209876543,0.9411764705882353,0.963855421686747,0.9693834160170092
primary_46_DecisionBoundary_afp_C1,46,DecisionBoundary,afp,C1,113,77,1,414,8,0.982,0.9871794871794872,0.9058823529411765,0.9447852760736197,0.9517363571934798
primary_46_DecisionBoundary_afp_C1,46,DecisionBoundary,afp,C1,114,79,0,415,6,0.988,1.0,0.9294117647058824,0.9634146341463414,0.9647058823529412
primary_46_DecisionBoundary_afp_C1,46,DecisionBoundary,afp,C1,115,77,0,415,8,0.984,1.0,0.9058823529411765,0.9506172839506173,0.9529411764705882
primary_46_DecisionBoundary_afp_C1,46,DecisionBoundary,afp,C1,116,76,1,414,9,0.98,0.987012987012987,0.8941176470588236,0.9382716049382716,0.9458540042523034
primary_46_DecisionBoundary_afp_C1,46,DecisionBoundary,afp,C1,117,78,0,415,7,0.986,1.0,0.9176470588235294,0.9570552147239264,0.9588235294117646
primary_46_DecisionBoundary_afp_C1,46,DecisionBoundary,afp,C1,118,79,1,414,6,0.986,0.9875,0.9294117647058824,0.9575757575757576,0.9635010630758327
primary_46_DecisionBoundary_afp_C1,46,DecisionBoundary,afp,C1,119,78,0,415,7,0.986,1.0,0.9176470588235294,0.9570552147239264,0.9588235294117646
primary_46_DecisionBoundary_afp_C1,46,DecisionBoundary,afp,C1,120,82,0,415,3,0.994,1.0,0.9647058823529412,0.9820359281437125,0.9823529411764707
primary_46_DecisionBoundary_afp_C1,46,DecisionBoundary,afp,C1,121,77,0,415,8,0.984,1.0,0.9058823529411765,0.9506172839506173,0.9529411764705882
primary_46_DecisionBoundary_afp_C1,46,DecisionBoundary,afp,C1,122,77,0,415,8,0.984,1.0,0.9058823529411765,0.9506172839506173,0.9529411764705882
primary_46_DecisionBoundary_afp_C1,46,DecisionBoundary,afp,C1,123,75,0,415,10,0.98,1.0,0.8823529411764706,0.9375,0.9411764705882353
primary_46_DecisionBoundary_afp_C1,46,DecisionBoundary,afp,C1,124,80,1,414,5,0.988,0.9876543209876543,0.9411764705882353,0.963855421686747,0.9693834160170092
primary_46_DecisionBoundary_afp_C1,46,DecisionBoundary,afp,C1,125,82,2,413,3,0.99,0.9761904761904762,0.9647058823529412,0.9704142011834319,0.9799433026222537
primary_46_DecisionBoundary_afp_C1,46,DecisionBoundary,afp,C1,126,81,0,415,4,0.992,1.0,0.9529411764705882,0.9759036144578312,0.9764705882352941
primary_46_DecisionBoundary_afp_C1,46,DecisionBoundary,afp,C1,127,75,0,415,10,0.98,1.0,0.8823529411764706,0.9375,0.9411764705882353
primary_46_DecisionBoundary_afp_C1,46,DecisionBoundary,afp,C1,128,83,0,415,2,0.996,1.0,0.9764705882352941,0.988095238095238,0.9882352941176471
primary_46_DecisionBoundary_afp_C1,46,DecisionBoundary,afp,C1,129,77,0,415,8,0.984,1.0,0.9058823529411765,0.9506172839506173,0.9529411764705882
primary_46_DecisionBoundary_afp_C1,46,DecisionBoundary,afp,C1,130,82,0,415,3,0.994,1.0,0.9647058823529412,0.9820359281437125,0.9823529411764707
primary_46_DecisionBoundary_afp_C1,46,DecisionBoundary,afp,C1,131,80,1,414,5,0.988,0.9876543209876543,0.9411764705882353,0.963855421686747,0.9693834160170092
primary_46_DecisionBoundary_afp_C1,46,DecisionBoundary,afp,C1,132,77,0,415,8,0.984,1.0,0.9058823529411765,0.9506172839506173,0.9529411764705882
primary_46_DecisionBoundary_afp_C1,46,DecisionBoundary,afp,C1,133,79,1,414,6,0.986,0.9875,0.9294117647058824,0.9575757575757576,0.9635010630758327
primary_46_DecisionBoundary_afp_C1,46,DecisionBoundary,afp,C1,134,77,0,415,8,0.984,1.0,0.9058823529411765,0.9506172839506173,0.9529411764705882
primary_46_DecisionBoundary_afp_C1,46,DecisionBoundary,afp,C1,135,82,0,415,3,0.994,1.0,0.9647058823529412,0.9820359281437125,0.9823529411764707
primary_46_DecisionBoundary_afp_C1,46,DecisionBoundary,afp,C1,136,82,0,415,3,0.994,1.0,0.9647058823529412,0.9820359281437125,0.9823529411764707
primary_46_DecisionBoundary_afp_C1,46,DecisionBoundary,afp,C1,137,78,2,413,7,0.982,0.975,0.9176470588235294,0.9454545454545454,0.9564138908575478
primary_46_DecisionBoundary_afp_C1,46,DecisionBoundary,afp,C1,138,78,0,415,7,0.986,1.0,0.9176470588235294,0.9570552147239264,0.9588235294117646
primary_46_DecisionBoundary_afp_C1,46,DecisionBoundary,afp,C1,139,78,1,414,7,0.984,0.9873417721518988,0.9176470588235294,0.9512195121951219,0.9576187101346563
primary_46_DecisionBoundary_afp_C1,46,DecisionBoundary,afp,C1,140,79,0,415,6,0.988,1.0,0.9294117647058824,0.9634146341463414,0.9647058823529412
primary_46_DecisionBoundary_afp_C1,46,DecisionBoundary,afp,C1,141,77,0,415,8,0.984,1.0,0.9058823529411765,0.9506172839506173,0.9529411764705882
primary_46_DecisionBoundary_afp_C1,46,DecisionBoundary,afp,C1,142,81,0,415,4,0.992,1.0,0.9529411764705882,0.9759036144578312,0.9764705882352941
primary_46_DecisionBoundary_afp_C1,46,DecisionBoundary,afp,C1,143,80,0,415,5,0.99,1.0,0.9411764705882353,0.9696969696969697,0.9705882352941176
primary_46_DecisionBoundary_feature_squeezing_Base,46,DecisionBoundary,feature_squeezing,Base,0,80,0,414,6,0.988,1.0,0.9302325581395349,0.963855421686747,0.9651162790697674
primary_46_DecisionBoundary_feature_squeezing_Base,46,DecisionBoundary,feature_squeezing,Base,1,76,0,414,10,0.98,1.0,0.8837209302325582,0.9382716049382717,0.9418604651162791
primary_46_DecisionBoundary_feature_squeezing_Base,46,DecisionBoundary,feature_squeezing,Base,2,81,1,413,5,0.988,0.9878048780487805,0.9418604651162791,0.9642857142857143,0.9697225030895404
primary_46_DecisionBoundary_feature_squeezing_Base,46,DecisionBoundary,feature_squeezing,Base,3,83,0,414,3,0.994,1.0,0.9651162790697675,0.9822485207100593,0.9825581395348837
primary_46_DecisionBoundary_feature_squeezing_Base,46,DecisionBoundary,feature_squeezing,Base,4,83,0,414,3,0.994,1.0,0.9651162790697675,0.9822485207100593,0.9825581395348837
primary_46_DecisionBoundary_feature_squeezing_Base,46,DecisionBoundary,feature_squeezing,Base,5,80,1,413,6,0.986,0.9876543209876543,0.9302325581395349,0.9580838323353293,0.9639085496011683
primary_46_DecisionBoundary_feature_squeezing_Base,46,DecisionBoundary,feature_squeezing,Base,6,80,0,414,6,0.988,1.0,0.9302325581395349,0.963855421686747,0.9651162790697674
primary_46_DecisionBoundary_feature_squeezing_Base,46,DecisionBoundary,feature_squeezing,Base,7,78,0,414,8,0.984,1.0,0.9069767441860465,0.951219512195122,0.9534883720930232
primary_46_DecisionBoundary_feature_squeezing_Base,46,DecisionBoundary,feature_squeezing,Base,8,77,0,414,9,0.982,1.0,0.8953488372093024,0.9447852760736196,0.9476744186046512
primary_46_DecisionBoundary_feature_squeezing_Base,46,DecisionBoundary,feature_squeezing,Base,9,84,0,414,2,0.996,1.0,0.9767441860465116,0.988235294117647,0.9883720930232558
primary_46_DecisionBoundary_feature_squeezing_Base,46,DecisionBoundary,feature_squeezing,Base,10,81,0,414,5,0.99,1.0,0.9418604651162791,0.970059880239521,0.9709302325581395
primary_46_DecisionBoundary_feature_squeezing_Base,46,DecisionBoundary,feature_squeezing,Base,11,79,0,414,7,0.986,1.0,0.9186046511627907,0.9575757575757576,0.9593023255813953
primary_46_DecisionBoundary_feature_squeezing_Base,46,DecisionBoundary,feature_squeezing,Base,12,81,0,414,5,0.99,1.0,0.9418604651162791,0.970059880239521,0.9709302325581395
primary_46_DecisionBoundary_feature_squeezing_Base,46,DecisionBoundary,feature_squeezing,Base,13,81,0,414,5,0.99,1.0,0.9418604651162791,0.970059880239521,0.9709302325581395
primary_46_DecisionBoundary_feature_squeezing_Base,46,DecisionBoundary,feature_squeezing,Base,14,83,1,413,3,0.992,0.9880952380952381,0.9651162790697675,0.9764705882352942,0.9813504100662847
primary_46_DecisionBoundary_feature_squeezing_Base,46,DecisionBoundary,feature_squeezing,Base,15,80,0,414,6,0.988,1.0,0.9302325581395349,0.963855421686747,0.9651162790697674
primary_46_DecisionBoundary_feature_squeezing_Base,46,DecisionBoundary,feature_squeezing,Base,16,77,0,414,9,0.982,1.0,0.8953488372093024,0.9447852760736196,0.9476744186046512
primary_46_DecisionBoundary_feature_squeezing_Base,46,DecisionBoundary,feature_squeezing,Base,17,81,0,415,4,0.992,1.0,0.9529411764705882,0.9759036144578312,0.9764705882352941
primary_46_DecisionBoundary_feature_squeezing_Base,46,DecisionBoundary,feature_squeezing,Base,18,79,0,415,6,0.988,1.0,0.9294117647058824,0.9634146341463414,0.9647058823529412
primary_46_DecisionBoundary_feature_squeezing_Base,46,DecisionBoundary,feature_squeezing,Base,19,80,0,415,5,0.99,1.0,0.9411764705882353,0.9696969696969697,0.9705882352941176
primary_46_DecisionBoundary_feature_squeezing_Base,46,DecisionBoundary,feature_squeezing,Base,20,73,0,415,12,0.976,1.0,0.8588235294117647,0.9240506329113923,0.9294117647058824
primary_46_DecisionBoundary_feature_squeezing_Base,46,DecisionBoundary,feature_squeezing,Base,21,73,0,415,12,0.976,1.0,0.8588235294117647,0.9240506329113923,0.9294117647058824
primary_46_DecisionBoundary_feature_squeezing_Base,46,DecisionBoundary,feature_squeezing,Base,22,75,0,415,10,0.98,1.0,0.8823529411764706,0.9375,0.9411764705882353
primary_46_DecisionBoundary_feature_squeezing_Base,46,DecisionBoundary,feature_squeezing,Base,23,78,0,415,7,0.986,1.0,0.9176470588235294,0.9570552147239264,0.9588235294117646
primary_46_DecisionBoundary_feature_squeezing_Base,46,DecisionBoundary,feature_squeezing,Base,24,80,0,415,5,0.99,1.0,0.9411764705882353,0.9696969696969697,0.9705882352941176
primary_46_DecisionBoundary_feature_squeezing_Base,46,DecisionBoundary,feature_squeezing,Base,25,77,0,415,8,0.984,1.0,0.9058823529411765,0.9506172839506173,0.9529411764705882
primary_46_DecisionBoundary_feature_squeezing_Base,46,DecisionBoundary,feature_squeezing,Base,26,74,0,415,11,0.978,1.0,0.8705882352941177,0.9308176100628931,0.9352941176470588
primary_46_DecisionBoundary_feature_squeezing_Base,46,DecisionBoundary,feature_squeezing,Base,27,76,0,415,9,0.982,1.0,0.8941176470588236,0.9440993788819877,0.9470588235294117
primary_46_DecisionBoundary_feature_squeezing_Base,46,DecisionBoundary,feature_squeezing,Base,28,79,0,415,6,0.988,1.0,0.9294117647058824,0.9634146341463414,0.9647058823529412
primary_46_DecisionBoundary_feature_squeezing_Base,46,DecisionBoundary,feature_squeezing,Base,29,78,0,415,7,0.986,1.0,0.9176470588235294,0.9570552147239264,0.9588235294117646
primary_46_DecisionBoundary_feature_squeezing_Base,46,DecisionBoundary,feature_squeezing,Base,30,79,0,415,6,0.988,1.0,0.9294117647058824,0.9634146341463414,0.9647058823529412
primary_46_DecisionBoundary_feature_squeezing_Base,46,DecisionBoundary,feature_squeezing,Base,31,76,0,415,9,0.982,1.0,0.8941176470588236,0.9440993788819877,0.9470588235294117
primary_46_DecisionBoundary_feature_squeezing_Base,46,DecisionBoundary,feature_squeezing,Base,32,74,0,415,11,0.978,1.0,0.8705882352941177,0.9308176100628931,0.9352941176470588
primary_46_DecisionBoundary_feature_squeezing_Base,46,DecisionBoundary,feature_squeezing,Base,33,79,0,415,6,0.988,1.0,0.9294117647058824,0.9634146341463414,0.9647058823529412
primary_46_DecisionBoundary_feature_squeezing_Base,46,DecisionBoundary,feature_squeezing,Base,34,77,1,414,8,0.982,0.9871794871794872,0.9058823529411765,0.9447852760736197,0.9517363571934798
primary_46_DecisionBoundary_feature_squeezing_Base,46,DecisionBoundary,feature_squeezing,Base,35,72,0,415,13,0.974,1.0,0.8470588235294118,0.9171974522292993,0.9235294117647059
primary_46_DecisionBoundary_feature_squeezing_Base,46,DecisionBoundary,feature_squeezing,Base,36,79,0,415,6,0.988,1.0,0.9294117647058824,0.9634146341463414,0.9647058823529412
primary_46_DecisionBoundary_feature_squeezing_Base,46,DecisionBoundary,feature_squeezing,Base,37,76,1,414,9,0.98,0.987012987012987,0.8941176470588236,0.9382716049382716,0.9458540042523034
primary_46_DecisionBoundary_feature_squeezing_Base,46,DecisionBoundary,feature_squeezing,Base,38,80,0,415,5,0.99,1.0,0.9411764705882353,0.9696969696969697,0.9705882352941176
primary_46_DecisionBoundary_feature_squeezing_Base,46,DecisionBoundary,feature_squeezing,Base,39,78,0,415,7,0.986,1.0,0.9176470588235294,0.9570552147239264,0.9588235294117646
primary_46_DecisionBoundary_feature_squeezing_Base,46,DecisionBoundary,feature_squeezing,Base,40,82,0,415,3,0.994,1.0,0.9647058823529412,0.9820359281437125,0.9823529411764707
primary_46_DecisionBoundary_feature_squeezing_Base,46,DecisionBoundary,feature_squeezing,Base,41,80,0,415,5,0.99,1.0,0.9411764705882353,0.9696969696969697,0.9705882352941176
primary_46_DecisionBoundary_feature_squeezing_Base,46,DecisionBoundary,feature_squeezing,Base,42,78,0,415,7,0.986,1.0,0.9176470588235294,0.9570552147239264,0.9588235294117646
primary_46_DecisionBoundary_feature_squeezing_Base,46,DecisionBoundary,feature_squeezing,Base,43,75,1,414,10,0.978,0.9868421052631579,0.8823529411764706,0.9316770186335402,0.9399716513111269
primary_46_DecisionBoundary_feature_squeezing_Base,46,DecisionBoundary,feature_squeezing,Base,44,77,0,415,8,0.984,1.0,0.9058823529411765,0.9506172839506173,0.9529411764705882
primary_46_DecisionBoundary_feature_squeezing_Base,46,DecisionBoundary,feature_squeezing,Base,45,80,0,415,5,0.99,1.0,0.9411764705882353,0.9696969696969697,0.9705882352941176
primary_46_DecisionBoundary_feature_squeezing_Base,46,DecisionBoundary,feature_squeezing,Base,46,80,1,414,5,0.988,0.9876543209876543,0.9411764705882353,0.963855421686747,0.9693834160170092
primary_46_DecisionBoundary_feature_squeezing_Base,46,DecisionBoundary,feature_squeezing,Base,47,74,0,415,11,0.978,1.0,0.8705882352941177,0.9308176100628931,0.9352941176470588
primary_46_DecisionBoundary_feature_squeezing_Base,46,DecisionBoundary,feature_squeezing,Base,48,79,0,415,6,0.988,1.0,0.9294117647058824,0.9634146341463414,0.9647058823529412
primary_46_DecisionBoundary_feature_squeezing_Base,46,DecisionBoundary,feature_squeezing,Base,49,77,0,415,8,0.984,1.0,0.9058823529411765,0.9506172839506173,0.9529411764705882
primary_46_DecisionBoundary_feature_squeezing_Base,46,DecisionBoundary,feature_squeezing,Base,50,79,0,415,6,0.988,1.0,0.9294117647058824,0.9634146341463414,0.9647058823529412
primary_46_DecisionBoundary_feature_squeezing_Base,46,DecisionBoundary,feature_squeezing,Base,51,79,1,414,6,0.986,0.9875,0.9294117647058824,0.9575757575757576,0.9635010630758327
primary_46_DecisionBoundary_feature_squeezing_Base,46,DecisionBoundary,feature_squeezing,Base,52,79,0,415,6,0.988,1.0,0.9294117647058824,0.9634146341463414,0.9647058823529412
primary_46_DecisionBoundary_feature_squeezing_Base,46,DecisionBoundary,feature_squeezing,Base,53,73,0,415,12,0.976,1.0,0.8588235294117647,0.9240506329113923,0.9294117647058824
primary_46_DecisionBoundary_feature_squeezing_Base,46,DecisionBoundary,feature_squeezing,Base,54,81,0,415,4,0.992,1.0,0.9529411764705882,0.9759036144578312,0.9764705882352941
primary_46_DecisionBoundary_feature_squeezing_Base,46,DecisionBoundary,feature_squeezing,Base,55,76,0,415,9,0.982,1.0,0.8941176470588236,0.9440993788819877,0.9470588235294117
primary_46_DecisionBoundary_feature_squeezing_Base,46,DecisionBoundary,feature_squeezing,Base,56,74,0,415,11,0.978,1.0,0.8705882352941177,0.9308176100628931,0.9352941176470588
primary_46_DecisionBoundary_feature_squeezing_Base,46,DecisionBoundary,feature_squeezing,Base,57,79,0,415,6,0.988,1.0,0.9294117647058824,0.9634146341463414,0.9647058823529412
primary_46_DecisionBoundary_feature_squeezing_Base,46,DecisionBoundary,feature_squeezing,Base,58,82,0,415,3,0.994,1.0,0.9647058823529412,0.9820359281437125,0.9823529411764707
primary_46_DecisionBoundary_feature_squeezing_Base,46,DecisionBoundary,feature_squeezing,Base,59,72,0,415,13,0.974,1.0,0.8470588235294118,0.9171974522292993,0.9235294117647059
primary_46_DecisionBoundary_feature_squeezing_Base,46,DecisionBoundary,feature_squeezing,Base,60,79,0,415,6,0.988,1.0,0.9294117647058824,0.9634146341463414,0.9647058823529412
primary_46_DecisionBoundary_feature_squeezing_Base,46,DecisionBoundary,feature_squeezing,Base,61,76,0,415,9,0.982,1.0,0.8941176470588236,0.9440993788819877,0.9470588235294117
primary_46_DecisionBoundary_feature_squeezing_Base,46,DecisionBoundary,feature_squeezing,Base,62,80,0,415,5,0.99,1.0,0.9411764705882353,0.9696969696969697,0.9705882352941176
primary_46_DecisionBoundary_feature_squeezing_Base,46,DecisionBoundary,feature_squeezing,Base,63,75,0,415,10,0.98,1.0,0.8823529411764706,0.9375,0.9411764705882353
primary_46_DecisionBoundary_feature_squeezing_Base,46,DecisionBoundary,feature_squeezing,Base,64,75,0,415,10,0.98,1.0,0.8823529411764706,0.9375,0.9411764705882353
primary_46_DecisionBoundary_feature_squeezing_Base,46,DecisionBoundary,feature_squeezing,Base,65,75,0,415,10,0.98,1.0,0.8823529411764706,0.9375,0.9411764705882353
primary_46_DecisionBoundary_feature_squeezing_Base,46,DecisionBoundary,feature_squeezing,Base,66,78,0,415,7,0.986,1.0,0.9176470588235294,0.9570552147239264,0.9588235294117646
primary_46_DecisionBoundary_feature_squeezing_Base,46,DecisionBoundary,feature_squeezing,Base,67,78,0,415,7,0.986,1.0,0.9176470588235294,0.9570552147239264,0.9588235294117646
primary_46_DecisionBoundary_feature_squeezing_Base,46,DecisionBoundary,feature_squeezing,Base,68,76,0,415,9,0.982,1.0,0.8941176470588236,0.9440993788819877,0.9470588235294117
primary_46_DecisionBoundary_feature_squeezing_Base,46,DecisionBoundary,feature_squeezing,Base,69,76,1,414,9,0.98,0.987012987012987,0.8941176470588236,0.9382716049382716,0.9458540042523034
primary_46_DecisionBoundary_feature_squeezing_Base,46,DecisionBoundary,feature_squeezing,Base,70,81,0,415,4,0.992,1.0,0.9529411764705882,0.9759036144578312,0.9764705882352941
primary_46_DecisionBoundary_feature_squeezing_Base,46,DecisionBoundary,feature_squeezing,Base,71,76,0,415,9,0.982,1.0,0.8941176470588236,0.9440993788819877,0.9470588235294117
primary_46_DecisionBoundary_feature_squeezing_Base,46,DecisionBoundary,feature_squeezing,Base,72,76,0,415,9,0.982,1.0,0.8941176470588236,0.9440993788819877,0.9470588235294117
primary_46_DecisionBoundary_feature_squeezing_Base,46,DecisionBoundary,feature_squeezing,Base,73,76,0,415,9,0.982,1.0,0.8941176470588236,0.9440993788819877,0.9470588235294117
primary_46_DecisionBoundary_feature_squeezing_Base,46,DecisionBoundary,feature_squeezing,Base,74,81,0,415,4,0.992,1.0,0.9529411764705882,0.9759036144578312,0.9764705882352941
primary_46_DecisionBoundary_feature_squeezing_Base,46,DecisionBoundary,feature_squeezing,Base,75,77,0,415,8,0.984,1.0,0.9058823529411765,0.9506172839506173,0.9529411764705882
primary_46_DecisionBoundary_feature_squeezing_Base,46,DecisionBoundary,feature_squeezing,Base,76,77,1,414,8,0.982,0.9871794871794872,0.9058823529411765,0.9447852760736197,0.9517363571934798
primary_46_DecisionBoundary_feature_squeezing_Base,46,DecisionBoundary,feature_squeezing,Base,77,78,0,415,7,0.986,1.0,0.9176470588235294,0.9570552147239264,0.9588235294117646
primary_46_DecisionBoundary_feature_squeezing_Base,46,DecisionBoundary,feature_squeezing,Base,78,79,0,415,6,0.988,1.0,0.9294117647058824,0.9634146341463414,0.9647058823529412
primary_46_DecisionBoundary_feature_squeezing_Base,46,DecisionBoundary,feature_squeezing,Base,79,79,0,415,6,0.988,1.0,0.9294117647058824,0.9634146341463414,0.9647058823529412
primary_46_DecisionBoundary_feature_squeezing_Base,46,DecisionBoundary,feature_squeezing,Base,80,77,0,415,8,0.984,1.0,0.9058823529411765,0.9506172839506173,0.9529411764705882
primary_46_DecisionBoundary_feature_squeezing_Base,46,DecisionBoundary,feature_squeezing,Base,81,74,0,415,11,0.978,1.0,0.8705882352941177,0.9308176100628931,0.9352941176470588
primary_46_DecisionBoundary_feature_squeezing_Base,46,DecisionBoundary,feature_squeezing,Base,82,78,0,415,7,0.986,1.0,0.9176470588235294,0.9570552147239264,0.9588235294117646
primary_46_DecisionBoundary_feature_squeezing_Base,46,DecisionBoundary,feature_squeezing,Base,83,75,0,415,10,0.98,1.0,0.8823529411764706,0.9375,0.9411764705882353
primary_46_DecisionBoundary_feature_squeezing_Base,46,DecisionBoundary,feature_squeezing,Base,84,78,0,415,7,0.986,1.0,0.9176470588235294,0.9570552147239264,0.9588235294117646
primary_46_DecisionBoundary_feature_squeezing_Base,46,DecisionBoundary,feature_squeezing,Base,85,77,0,415,8,0.984,1.0,0.9058823529411765,0.9506172839506173,0.9529411764705882
primary_46_DecisionBoundary_feature_squeezing_Base,46,DecisionBoundary,feature_squeezing,Base,86,73,1,414,12,0.974,0.9864864864864865,0.8588235294117647,0.9182389937106918,0.9282069454287739
primary_46_DecisionBoundary_feature_squeezing_Base,46,DecisionBoundary,feature_squeezing,Base,87,78,0,415,7,0.986,1.0,0.9176470588235294,0.9570552147239264,0.9588235294117646
primary_46_DecisionBoundary_feature_squeezing_Base,46,DecisionBoundary,feature_squeezing,Base,88,80,0,415,5,0.99,1.0,0.9411764705882353,0.9696969696969697,0.9705882352941176
primary_46_DecisionBoundary_feature_squeezing_Base,46,DecisionBoundary,feature_squeezing,Base,89,79,0,415,6,0.988,1.0,0.9294117647058824,0.9634146341463414,0.9647058823529412
primary_46_DecisionBoundary_feature_squeezing_Base,46,DecisionBoundary,feature_squeezing,Base,90,79,1,414,6,0.986,0.9875,0.9294117647058824,0.9575757575757576,0.9635010630758327
primary_46_DecisionBoundary_feature_squeezing_Base,46,DecisionBoundary,feature_squeezing,Base,91,78,0,415,7,0.986,1.0,0.9176470588235294,0.9570552147239264,0.9588235294117646
primary_46_DecisionBoundary_feature_squeezing_Base,46,DecisionBoundary,feature_squeezing,Base,92,79,0,415,6,0.988,1.0,0.9294117647058824,0.9634146341463414,0.9647058823529412
primary_46_DecisionBoundary_feature_squeezing_Base,46,DecisionBoundary,feature_squeezing,Base,93,78,0,415,7,0.986,1.0,0.9176470588235294,0.9570552147239264,0.9588235294117646
primary_46_DecisionBoundary_feature_squeezing_Base,46,DecisionBoundary,feature_squeezing,Base,94,81,0,415,4,0.992,1.0,0.9529411764705882,0.9759036144578312,0.9764705882352941
primary_46_DecisionBoundary_feature_squeezing_Base,46,DecisionBoundary,feature_squeezing,Base,95,81,0,415,4,0.992,1.0,0.9529411764705882,0.9759036144578312,0.9764705882352941
primary_46_DecisionBoundary_feature_squeezing_Base,46,DecisionBoundary,feature_squeezing,Base,96,82,0,415,3,0.994,1.0,0.9647058823529412,0.9820359281437125,0.9823529411764707
primary_46_DecisionBoundary_feature_squeezing_Base,46,DecisionBoundary,feature_squeezing,Base,97,73,1,414,12,0.974,0.9864864864864865,0.8588235294117647,0.9182389937106918,0.9282069454287739
primary_46_DecisionBoundary_feature_squeezing_Base,46,DecisionBoundary,feature_squeezing,Base,98,74,0,415,11,0.978,1.0,0.8705882352941177,0.9308176100628931,0.9352941176470588
primary_46_DecisionBoundary_feature_squeezing_Base,46,DecisionBoundary,feature_squeezing,Base,99,79,0,415,6,0.988,1.0,0.9294117647058824,0.9634146341463414,0.9647058823529412
primary_46_DecisionBoundary_feature_squeezing_Base,46,DecisionBoundary,feature_squeezing,Base,100,80,0,415,5,0.99,1.0,0.9411764705882353,0.9696969696969697,0.9705882352941176
primary_46_DecisionBoundary_feature_squeezing_Base,46,DecisionBoundary,feature_squeezing,Base,101,80,0,415,5,0.99,1.0,0.9411764705882353,0.9696969696969697,0.9705882352941176
primary_46_DecisionBoundary_feature_squeezing_Base,46,DecisionBoundary,feature_squeezing,Base,102,80,0,415,5,0.99,1.0,0.9411764705882353,0.9696969696969697,0.9705882352941176
primary_46_DecisionBoundary_feature_squeezing_Base,46,DecisionBoundary,feature_squeezing,Base,103,79,0,415,6,0.988,1.0,0.9294117647058824,0.9634146341463414,0.9647058823529412
primary_46_DecisionBoundary_feature_squeezing_Base,46,DecisionBoundary,feature_squeezing,Base,104,79,0,415,6,0.988,1.0,0.9294117647058824,0.9634146341463414,0.9647058823529412
primary_46_DecisionBoundary_feature_squeezing_Base,46,DecisionBoundary,feature_squeezing,Base,105,81,0,415,4,0.992,1.0,0.9529411764705882,0.9759036144578312,0.9764705882352941
primary_46_DecisionBoundary_feature_squeezing_Base,46,DecisionBoundary,feature_squeezing,Base,106,73,0,415,12,0.976,1.0,0.8588235294117647,0.9240506329113923,0.9294117647058824
primary_46_DecisionBoundary_feature_squeezing_Base,46,DecisionBoundary,feature_squeezing,Base,107,77,0,415,8,0.984,1.0,0.9058823529411765,0.9506172839506173,0.9529411764705882
primary_46_DecisionBoundary_feature_squeezing_Base,46,DecisionBoundary,feature_squeezing,Base,108,81,0,415,4,0.992,1.0,0.9529411764705882,0.9759036144578312,0.9764705882352941
primary_46_DecisionBoundary_feature_squeezing_Base,46,DecisionBoundary,feature_squeezing,Base,109,75,0,415,10,0.98,1.0,0.8823529411764706,0.9375,0.9411764705882353
primary_46_DecisionBoundary_feature_squeezing_Base,46,DecisionBoundary,feature_squeezing,Base,110,76,1,414,9,0.98,0.987012987012987,0.8941176470588236,0.9382716049382716,0.9458540042523034
primary_46_DecisionBoundary_feature_squeezing_Base,46,DecisionBoundary,feature_squeezing,Base,111,82,0,415,3,0.994,1.0,0.9647058823529412,0.9820359281437125,0.9823529411764707
primary_46_DecisionBoundary_feature_squeezing_Base,46,DecisionBoundary,feature_squeezing,Base,112,80,1,414,5,0.988,0.9876543209876543,0.9411764705882353,0.963855421686747,0.9693834160170092
primary_46_DecisionBoundary_feature_squeezing_Base,46,DecisionBoundary,feature_squeezing,Base,113,77,0,415,8,0.984,1.0,0.9058823529411765,0.9506172839506173,0.9529411764705882
primary_46_DecisionBoundary_feature_squeezing_Base,46,DecisionBoundary,feature_squeezing,Base,114,77,0,415,8,0.984,1.0,0.9058823529411765,0.9506172839506173,0.9529411764705882
primary_46_DecisionBoundary_feature_squeezing_Base,46,DecisionBoundary,feature_squeezing,Base,115,76,0,415,9,0.982,1.0,0.8941176470588236,0.9440993788819877,0.9470588235294117
primary_46_DecisionBoundary_feature_squeezing_Base,46,DecisionBoundary,feature_squeezing,Base,116,76,0,415,9,0.982,1.0,0.8941176470588236,0.9440993788819877,0.9470588235294117
primary_46_DecisionBoundary_feature_squeezing_Base,46,DecisionBoundary,feature_squeezing,Base,117,78,1,414,7,0.984,0.9873417721518988,0.9176470588235294,0.9512195121951219,0.9576187101346563
primary_46_DecisionBoundary_feature_squeezing_Base,46,DecisionBoundary,feature_squeezing,Base,118,78,0,415,7,0.986,1.0,0.9176470588235294,0.9570552147239264,0.9588235294117646
primary_46_DecisionBoundary_feature_squeezing_Base,46,DecisionBoundary,feature_squeezing,Base,119,79,0,415,6,0.988,1.0,0.9294117647058824,0.9634146341463414,0.9647058823529412
primary_46_DecisionBoundary_feature_squeezing_Base,46,DecisionBoundary,feature_squeezing,Base,120,81,0,415,4,0.992,1.0,0.9529411764705882,0.9759036144578312,0.9764705882352941
primary_46_DecisionBoundary_feature_squeezing_Base,46,DecisionBoundary,feature_squeezing,Base,121,77,0,415,8,0.984,1.0,0.9058823529411765,0.9506172839506173,0.9529411764705882
primary_46_DecisionBoundary_feature_squeezing_Base,46,DecisionBoundary,feature_squeezing,Base,122,77,0,415,8,0.984,1.0,0.9058823529411765,0.9506172839506173,0.9529411764705882
primary_46_DecisionBoundary_feature_squeezing_Base,46,DecisionBoundary,feature_squeezing,Base,123,74,0,415,11,0.978,1.0,0.8705882352941177,0.9308176100628931,0.9352941176470588
primary_46_DecisionBoundary_feature_squeezing_Base,46,DecisionBoundary,feature_squeezing,Base,124,78,0,415,7,0.986,1.0,0.9176470588235294,0.9570552147239264,0.9588235294117646
primary_46_DecisionBoundary_feature_squeezing_Base,46,DecisionBoundary,feature_squeezing,Base,125,79,0,415,6,0.988,1.0,0.9294117647058824,0.9634146341463414,0.9647058823529412
primary_46_DecisionBoundary_feature_squeezing_Base,46,DecisionBoundary,feature_squeezing,Base,126,80,0,415,5,0.99,1.0,0.9411764705882353,0.9696969696969697,0.9705882352941176
primary_46_DecisionBoundary_feature_squeezing_Base,46,DecisionBoundary,feature_squeezing,Base,127,73,0,415,12,0.976,1.0,0.8588235294117647,0.9240506329113923,0.9294117647058824
primary_46_DecisionBoundary_feature_squeezing_Base,46,DecisionBoundary,feature_squeezing,Base,128,82,0,415,3,0.994,1.0,0.9647058823529412,0.9820359281437125,0.9823529411764707
primary_46_DecisionBoundary_feature_squeezing_Base,46,DecisionBoundary,feature_squeezing,Base,129,77,0,415,8,0.984,1.0,0.9058823529411765,0.9506172839506173,0.9529411764705882
primary_46_DecisionBoundary_feature_squeezing_Base,46,DecisionBoundary,feature_squeezing,Base,130,82,0,415,3,0.994,1.0,0.9647058823529412,0.9820359281437125,0.9823529411764707
primary_46_DecisionBoundary_feature_squeezing_Base,46,DecisionBoundary,feature_squeezing,Base,131,78,0,415,7,0.986,1.0,0.9176470588235294,0.9570552147239264,0.9588235294117646
primary_46_DecisionBoundary_feature_squeezing_Base,46,DecisionBoundary,feature_squeezing,Base,132,77,0,415,8,0.984,1.0,0.9058823529411765,0.9506172839506173,0.9529411764705882
primary_46_DecisionBoundary_feature_squeezing_Base,46,DecisionBoundary,feature_squeezing,Base,133,79,0,415,6,0.988,1.0,0.9294117647058824,0.9634146341463414,0.9647058823529412
primary_46_DecisionBoundary_feature_squeezing_Base,46,DecisionBoundary,feature_squeezing,Base,134,76,0,415,9,0.982,1.0,0.8941176470588236,0.9440993788819877,0.9470588235294117
primary_46_DecisionBoundary_feature_squeezing_Base,46,DecisionBoundary,feature_squeezing,Base,135,82,0,415,3,0.994,1.0,0.9647058823529412,0.9820359281437125,0.9823529411764707
primary_46_DecisionBoundary_feature_squeezing_Base,46,DecisionBoundary,feature_squeezing,Base,136,80,0,415,5,0.99,1.0,0.9411764705882353,0.9696969696969697,0.9705882352941176
primary_46_DecisionBoundary_feature_squeezing_Base,46,DecisionBoundary,feature_squeezing,Base,137,77,0,415,8,0.984,1.0,0.9058823529411765,0.9506172839506173,0.9529411764705882
primary_46_DecisionBoundary_feature_squeezing_Base,46,DecisionBoundary,feature_squeezing,Base,138,77,0,415,8,0.984,1.0,0.9058823529411765,0.9506172839506173,0.9529411764705882
primary_46_DecisionBoundary_feature_squeezing_Base,46,DecisionBoundary,feature_squeezing,Base,139,78,0,415,7,0.986,1.0,0.9176470588235294,0.9570552147239264,0.9588235294117646
primary_46_DecisionBoundary_feature_squeezing_Base,46,DecisionBoundary,feature_squeezing,Base,140,77,0,415,8,0.984,1.0,0.9058823529411765,0.9506172839506173,0.9529411764705882
primary_46_DecisionBoundary_feature_squeezing_Base,46,DecisionBoundary,feature_squeezing,Base,141,76,0,415,9,0.982,1.0,0.8941176470588236,0.9440993788819877,0.9470588235294117
primary_46_DecisionBoundary_feature_squeezing_Base,46,DecisionBoundary,feature_squeezing,Base,142,82,0,415,3,0.994,1.0,0.9647058823529412,0.9820359281437125,0.9823529411764707
primary_46_DecisionBoundary_feature_squeezing_Base,46,DecisionBoundary,feature_squeezing,Base,143,79,0,415,6,0.988,1.0,0.9294117647058824,0.9634146341463414,0.9647058823529412
primary_46_DecisionBoundary_feature_squeezing_C1,46,DecisionBoundary,feature_squeezing,C1,0,80,0,414,6,0.988,1.0,0.9302325581395349,0.963855421686747,0.9651162790697674
primary_46_DecisionBoundary_feature_squeezing_C1,46,DecisionBoundary,feature_squeezing,C1,1,77,0,414,9,0.982,1.0,0.8953488372093024,0.9447852760736196,0.9476744186046512
primary_46_DecisionBoundary_feature_squeezing_C1,46,DecisionBoundary,feature_squeezing,C1,2,82,1,413,4,0.99,0.9879518072289156,0.9534883720930233,0.9704142011834319,0.9755364565779125
primary_46_DecisionBoundary_feature_squeezing_C1,46,DecisionBoundary,feature_squeezing,C1,3,84,0,414,2,0.996,1.0,0.9767441860465116,0.988235294117647,0.9883720930232558
primary_46_DecisionBoundary_feature_squeezing_C1,46,DecisionBoundary,feature_squeezing,C1,4,83,1,413,3,0.992,0.9880952380952381,0.9651162790697675,0.9764705882352942,0.9813504100662847
primary_46_DecisionBoundary_feature_squeezing_C1,46,DecisionBoundary,feature_squeezing,C1,5,81,0,414,5,0.99,1.0,0.9418604651162791,0.970059880239521,0.9709302325581395
primary_46_DecisionBoundary_feature_squeezing_C1,46,DecisionBoundary,feature_squeezing,C1,6,81,0,414,5,0.99,1.0,0.9418604651162791,0.970059880239521,0.9709302325581395
primary_46_DecisionBoundary_feature_squeezing_C1,46,DecisionBoundary,feature_squeezing,C1,7,80,1,413,6,0.986,0.9876543209876543,0.9302325581395349,0.9580838323353293,0.9639085496011683
primary_46_DecisionBoundary_feature_squeezing_C1,46,DecisionBoundary,feature_squeezing,C1,8,78,1,413,8,0.982,0.9873417721518988,0.9069767441860465,0.9454545454545454,0.9522806426244241
primary_46_DecisionBoundary_feature_squeezing_C1,46,DecisionBoundary,feature_squeezing,C1,9,84,0,414,2,0.996,1.0,0.9767441860465116,0.988235294117647,0.9883720930232558
primary_46_DecisionBoundary_feature_squeezing_C1,46,DecisionBoundary,feature_squeezing,C1,10,81,1,413,5,0.988,0.9878048780487805,0.9418604651162791,0.9642857142857143,0.9697225030895404
primary_46_DecisionBoundary_feature_squeezing_C1,46,DecisionBoundary,feature_squeezing,C1,11,80,0,414,6,0.988,1.0,0.9302325581395349,0.963855421686747,0.9651162790697674
primary_46_DecisionBoundary_feature_squeezing_C1,46,DecisionBoundary,feature_squeezing,C1,12,81,0,414,5,0.99,1.0,0.9418604651162791,0.970059880239521,0.9709302325581395
primary_46_DecisionBoundary_feature_squeezing_C1,46,DecisionBoundary,feature_squeezing,C1,13,82,0,414,4,0.992,1.0,0.9534883720930233,0.9761904761904763,0.9767441860465116
primary_46_DecisionBoundary_feature_squeezing_C1,46,DecisionBoundary,feature_squeezing,C1,14,84,1,413,2,0.994,0.9882352941176471,0.9767441860465116,0.9824561403508771,0.9871643635546568
primary_46_DecisionBoundary_feature_squeezing_C1,46,DecisionBoundary,feature_squeezing,C1,15,82,0,414,4,0.992,1.0,0.9534883720930233,0.9761904761904763,0.9767441860465116
primary_46_DecisionBoundary_feature_squeezing_C1,46,DecisionBoundary,feature_squeezing,C1,16,76,1,413,10,0.978,0.987012987012987,0.8837209302325582,0.9325153374233128,0.94065273564768
primary_46_DecisionBoundary_feature_squeezing_C1,46,DecisionBoundary,feature_squeezing,C1,17,82,0,415,3,0.994,1.0,0.9647058823529412,0.9820359281437125,0.9823529411764707
primary_46_DecisionBoundary_feature_squeezing_C1,46,DecisionBoundary,feature_squeezing,C1,18,80,0,415,5,0.99,1.0,0.9411764705882353,0.9696969696969697,0.9705882352941176
primary_46_DecisionBoundary_feature_squeezing_C1,46,DecisionBoundary,feature_squeezing,C1,19,81,0,415,4,0.992,1.0,0.9529411764705882,0.9759036144578312,0.9764705882352941
primary_46_DecisionBoundary_feature_squeezing_C1,46,DecisionBoundary,feature_squeezing,C1,20,74,1,414,11,0.976,0.9866666666666667,0.8705882352941177,0.925,0.9340892983699505
primary_46_DecisionBoundary_feature_squeezing_C1,46,DecisionBoundary,feature_squeezing,C1,21,73,1,414,12,0.974,0.9864864864864865,0.8588235294117647,0.9182389937106918,0.9282069454287739
primary_46_DecisionBoundary_feature_squeezing_C1,46,DecisionBoundary,feature_squeezing,C1,22,77,0,415,8,0.984,1.0,0.9058823529411765,0.9506172839506173,0.9529411764705882
primary_46_DecisionBoundary_feature_squeezing_C1,46,DecisionBoundary,feature_squeezing,C1,23,79,2,413,6,0.984,0.9753086419753086,0.9294117647058824,0.9518072289156626,0.9622962437987244
primary_46_DecisionBoundary_feature_squeezing_C1,46,DecisionBoundary,feature_squeezing,C1,24,80,2,413,5,0.986,0.975609756097561,0.9411764705882353,0.9580838323353293,0.9681785967399008
primary_46_DecisionBoundary_feature_squeezing_C1,46,DecisionBoundary,feature_squeezing,C1,25,76,0,415,9,0.982,1.0,0.8941176470588236,0.9440993788819877,0.9470588235294117
primary_46_DecisionBoundary_feature_squeezing_C1,46,DecisionBoundary,feature_squeezing,C1,26,75,0,415,10,0.98,1.0,0.8823529411764706,0.9375,0.9411764705882353
primary_46_DecisionBoundary_feature_squeezing_C1,46,DecisionBoundary,feature_squeezing,C1,27,77,0,415,8,0.984,1.0,0.9058823529411765,0.9506172839506173,0.9529411764705882
primary_46_DecisionBoundary_feature_squeezing_C1,46,DecisionBoundary,feature_squeezing,C1,28,79,0,415,6,0.988,1.0,0.9294117647058824,0.9634146341463414,0.9647058823529412
primary_46_DecisionBoundary_feature_squeezing_C1,46,DecisionBoundary,feature_squeezing,C1,29,78,0,415,7,0.986,1.0,0.9176470588235294,0.9570552147239264,0.9588235294117646
primary_46_DecisionBoundary_feature_squeezing_C1,46,DecisionBoundary,feature_squeezing,C1,30,79,0,415,6,0.988,1.0,0.9294117647058824,0.9634146341463414,0.9647058823529412
primary_46_DecisionBoundary_feature_squeezing_C1,46,DecisionBoundary,feature_squeezing,C1,31,76,1,414,9,0.98,0.987012987012987,0.8941176470588236,0.9382716049382716,0.9458540042523034
primary_46_DecisionBoundary_feature_squeezing_C1,46,DecisionBoundary,feature_squeezing,C1,32,76,0,415,9,0.982,1.0,0.8941176470588236,0.9440993788819877,0.9470588235294117
primary_46_DecisionBoundary_feature_squeezing_C1,46,DecisionBoundary,feature_squeezing,C1,33,79,0,415,6,0.988,1.0,0.9294117647058824,0.9634146341463414,0.9647058823529412
primary_46_DecisionBoundary_feature_squeezing_C1,46,DecisionBoundary,feature_squeezing,C1,34,78,1,414,7,0.984,0.9873417721518988,0.9176470588235294,0.9512195121951219,0.9576187101346563
primary_46_DecisionBoundary_feature_squeezing_C1,46,DecisionBoundary,feature_squeezing,C1,35,74,0,415,11,0.978,1.0,0.8705882352941177,0.9308176100628931,0.9352941176470588
primary_46_DecisionBoundary_feature_squeezing_C1,46,DecisionBoundary,feature_squeezing,C1,36,79,0,415,6,0.988,1.0,0.9294117647058824,0.9634146341463414,0.9647058823529412
primary_46_DecisionBoundary_feature_squeezing_C1,46,DecisionBoundary,feature_squeezing,C1,37,77,1,414,8,0.982,0.9871794871794872,0.9058823529411765,0.9447852760736197,0.9517363571934798
primary_46_DecisionBoundary_feature_squeezing_C1,46,DecisionBoundary,feature_squeezing,C1,38,80,0,415,5,0.99,1.0,0.9411764705882353,0.9696969696969697,0.9705882352941176
primary_46_DecisionBoundary_feature_squeezing_C1,46,DecisionBoundary,feature_squeezing,C1,39,79,0,415,6,0.988,1.0,0.9294117647058824,0.9634146341463414,0.9647058823529412
primary_46_DecisionBoundary_feature_squeezing_C1,46,DecisionBoundary,feature_squeezing,C1,40,82,0,415,3,0.994,1.0,0.9647058823529412,0.9820359281437125,0.9823529411764707
primary_46_DecisionBoundary_feature_squeezing_C1,46,DecisionBoundary,feature_squeezing,C1,41,81,0,415,4,0.992,1.0,0.9529411764705882,0.9759036144578312,0.9764705882352941
primary_46_DecisionBoundary_feature_squeezing_C1,46,DecisionBoundary,feature_squeezing,C1,42,79,0,415,6,0.988,1.0,0.9294117647058824,0.9634146341463414,0.9647058823529412
primary_46_DecisionBoundary_feature_squeezing_C1,46,DecisionBoundary,feature_squeezing,C1,43,76,1,414,9,0.98,0.987012987012987,0.8941176470588236,0.9382716049382716,0.9458540042523034
primary_46_DecisionBoundary_feature_squeezing_C1,46,DecisionBoundary,feature_squeezing,C1,44,77,0,415,8,0.984,1.0,0.9058823529411765,0.9506172839506173,0.9529411764705882
primary_46_DecisionBoundary_feature_squeezing_C1,46,DecisionBoundary,feature_squeezing,C1,45,80,0,415,5,0.99,1.0,0.9411764705882353,0.9696969696969697,0.9705882352941176
primary_46_DecisionBoundary_feature_squeezing_C1,46,DecisionBoundary,feature_squeezing,C1,46,80,1,414,5,0.988,0.9876543209876543,0.9411764705882353,0.963855421686747,0.9693834160170092
primary_46_DecisionBoundary_feature_squeezing_C1,46,DecisionBoundary,feature_squeezing,C1,47,76,0,415,9,0.982,1.0,0.8941176470588236,0.9440993788819877,0.9470588235294117
primary_46_DecisionBoundary_feature_squeezing_C1,46,DecisionBoundary,feature_squeezing,C1,48,79,0,415,6,0.988,1.0,0.9294117647058824,0.9634146341463414,0.9647058823529412
primary_46_DecisionBoundary_feature_squeezing_C1,46,DecisionBoundary,feature_squeezing,C1,49,77,0,415,8,0.984,1.0,0.9058823529411765,0.9506172839506173,0.9529411764705882
primary_46_DecisionBoundary_feature_squeezing_C1,46,DecisionBoundary,feature_squeezing,C1,50,81,0,415,4,0.992,1.0,0.9529411764705882,0.9759036144578312,0.9764705882352941
primary_46_DecisionBoundary_feature_squeezing_C1,46,DecisionBoundary,feature_squeezing,C1,51,79,1,414,6,0.986,0.9875,0.9294117647058824,0.9575757575757576,0.9635010630758327
primary_46_DecisionBoundary_feature_squeezing_C1,46,DecisionBoundary,feature_squeezing,C1,52,80,1,414,5,0.988,0.9876543209876543,0.9411764705882353,0.963855421686747,0.9693834160170092
primary_46_DecisionBoundary_feature_squeezing_C1,46,DecisionBoundary,feature_squeezing,C1,53,74,1,414,11,0.976,0.9866666666666667,0.8705882352941177,0.925,0.9340892983699505
primary_46_DecisionBoundary_feature_squeezing_C1,46,DecisionBoundary,feature_squeezing,C1,54,81,0,415,4,0.992,1.0,0.9529411764705882,0.9759036144578312,0.9764705882352941
primary_46_DecisionBoundary_feature_squeezing_C1,46,DecisionBoundary,feature_squeezing,C1,55,76,0,415,9,0.982,1.0,0.8941176470588236,0.9440993788819877,0.9470588235294117
primary_46_DecisionBoundary_feature_squeezing_C1,46,DecisionBoundary,feature_squeezing,C1,56,74,0,415,11,0.978,1.0,0.8705882352941177,0.9308176100628931,0.9352941176470588
primary_46_DecisionBoundary_feature_squeezing_C1,46,DecisionBoundary,feature_squeezing,C1,57,79,0,415,6,0.988,1.0,0.9294117647058824,0.9634146341463414,0.9647058823529412
primary_46_DecisionBoundary_feature_squeezing_C1,46,DecisionBoundary,feature_squeezing,C1,58,82,1,414,3,0.992,0.9879518072289156,0.9647058823529412,0.9761904761904762,0.9811481218993622
primary_46_DecisionBoundary_feature_squeezing_C1,46,DecisionBoundary,feature_squeezing,C1,59,73,0,415,12,0.976,1.0,0.8588235294117647,0.9240506329113923,0.9294117647058824
primary_46_DecisionBoundary_feature_squeezing_C1,46,DecisionBoundary,feature_squeezing,C1,60,81,0,415,4,0.992,1.0,0.9529411764705882,0.9759036144578312,0.9764705882352941
primary_46_DecisionBoundary_feature_squeezing_C1,46,DecisionBoundary,feature_squeezing,C1,61,78,0,415,7,0.986,1.0,0.9176470588235294,0.9570552147239264,0.9588235294117646
primary_46_DecisionBoundary_feature_squeezing_C1,46,DecisionBoundary,feature_squeezing,C1,62,80,0,415,5,0.99,1.0,0.9411764705882353,0.9696969696969697,0.9705882352941176
primary_46_DecisionBoundary_feature_squeezing_C1,46,DecisionBoundary,feature_squeezing,C1,63,76,0,415,9,0.982,1.0,0.8941176470588236,0.9440993788819877,0.9470588235294117
primary_46_DecisionBoundary_feature_squeezing_C1,46,DecisionBoundary,feature_squeezing,C1,64,76,0,415,9,0.982,1.0,0.8941176470588236,0.9440993788819877,0.9470588235294117
primary_46_DecisionBoundary_feature_squeezing_C1,46,DecisionBoundary,feature_squeezing,C1,65,76,0,415,9,0.982,1.0,0.8941176470588236,0.9440993788819877,0.9470588235294117
primary_46_DecisionBoundary_feature_squeezing_C1,46,DecisionBoundary,feature_squeezing,C1,66,79,0,415,6,0.988,1.0,0.9294117647058824,0.9634146341463414,0.9647058823529412
primary_46_DecisionBoundary_feature_squeezing_C1,46,DecisionBoundary,feature_squeezing,C1,67,78,0,415,7,0.986,1.0,0.9176470588235294,0.9570552147239264,0.9588235294117646
primary_46_DecisionBoundary_feature_squeezing_C1,46,DecisionBoundary,feature_squeezing,C1,68,76,0,415,9,0.982,1.0,0.8941176470588236,0.9440993788819877,0.9470588235294117
primary_46_DecisionBoundary_feature_squeezing_C1,46,DecisionBoundary,feature_squeezing,C1,69,80,1,414,5,0.988,0.9876543209876543,0.9411764705882353,0.963855421686747,0.9693834160170092
primary_46_DecisionBoundary_feature_squeezing_C1,46,DecisionBoundary,feature_squeezing,C1,70,82,0,415,3,0.994,1.0,0.9647058823529412,0.9820359281437125,0.9823529411764707
primary_46_DecisionBoundary_feature_squeezing_C1,46,DecisionBoundary,feature_squeezing,C1,71,76,0,415,9,0.982,1.0,0.8941176470588236,0.9440993788819877,0.9470588235294117
primary_46_DecisionBoundary_feature_squeezing_C1,46,DecisionBoundary,feature_squeezing,C1,72,76,0,415,9,0.982,1.0,0.8941176470588236,0.9440993788819877,0.9470588235294117
primary_46_DecisionBoundary_feature_squeezing_C1,46,DecisionBoundary,feature_squeezing,C1,73,76,0,415,9,0.982,1.0,0.8941176470588236,0.9440993788819877,0.9470588235294117
primary_46_DecisionBoundary_feature_squeezing_C1,46,DecisionBoundary,feature_squeezing,C1,74,79,0,415,6,0.988,1.0,0.9294117647058824,0.9634146341463414,0.9647058823529412
primary_46_DecisionBoundary_feature_squeezing_C1,46,DecisionBoundary,feature_squeezing,C1,75,77,0,415,8,0.984,1.0,0.9058823529411765,0.9506172839506173,0.9529411764705882
primary_46_DecisionBoundary_feature_squeezing_C1,46,DecisionBoundary,feature_squeezing,C1,76,77,0,415,8,0.984,1.0,0.9058823529411765,0.9506172839506173,0.9529411764705882
primary_46_DecisionBoundary_feature_squeezing_C1,46,DecisionBoundary,feature_squeezing,C1,77,78,0,415,7,0.986,1.0,0.9176470588235294,0.9570552147239264,0.9588235294117646
primary_46_DecisionBoundary_feature_squeezing_C1,46,DecisionBoundary,feature_squeezing,C1,78,83,0,415,2,0.996,1.0,0.9764705882352941,0.988095238095238,0.9882352941176471
primary_46_DecisionBoundary_feature_squeezing_C1,46,DecisionBoundary,feature_squeezing,C1,79,80,0,415,5,0.99,1.0,0.9411764705882353,0.9696969696969697,0.9705882352941176
primary_46_DecisionBoundary_feature_squeezing_C1,46,DecisionBoundary,feature_squeezing,C1,80,78,0,415,7,0.986,1.0,0.9176470588235294,0.9570552147239264,0.9588235294117646
primary_46_DecisionBoundary_feature_squeezing_C1,46,DecisionBoundary,feature_squeezing,C1,81,75,0,415,10,0.98,1.0,0.8823529411764706,0.9375,0.9411764705882353
primary_46_DecisionBoundary_feature_squeezing_C1,46,DecisionBoundary,feature_squeezing,C1,82,78,0,415,7,0.986,1.0,0.9176470588235294,0.9570552147239264,0.9588235294117646
primary_46_DecisionBoundary_feature_squeezing_C1,46,DecisionBoundary,feature_squeezing,C1,83,78,0,415,7,0.986,1.0,0.9176470588235294,0.9570552147239264,0.9588235294117646
primary_46_DecisionBoundary_feature_squeezing_C1,46,DecisionBoundary,feature_squeezing,C1,84,78,0,415,7,0.986,1.0,0.9176470588235294,0.9570552147239264,0.9588235294117646
primary_46_DecisionBoundary_feature_squeezing_C1,46,DecisionBoundary,feature_squeezing,C1,85,78,1,414,7,0.984,0.9873417721518988,0.9176470588235294,0.9512195121951219,0.9576187101346563
primary_46_DecisionBoundary_feature_squeezing_C1,46,DecisionBoundary,feature_squeezing,C1,86,74,1,414,11,0.976,0.9866666666666667,0.8705882352941177,0.925,0.9340892983699505
primary_46_DecisionBoundary_feature_squeezing_C1,46,DecisionBoundary,feature_squeezing,C1,87,78,0,415,7,0.986,1.0,0.9176470588235294,0.9570552147239264,0.9588235294117646
primary_46_DecisionBoundary_feature_squeezing_C1,46,DecisionBoundary,feature_squeezing,C1,88,80,0,415,5,0.99,1.0,0.9411764705882353,0.9696969696969697,0.9705882352941176
primary_46_DecisionBoundary_feature_squeezing_C1,46,DecisionBoundary,feature_squeezing,C1,89,79,1,414,6,0.986,0.9875,0.9294117647058824,0.9575757575757576,0.9635010630758327
primary_46_DecisionBoundary_feature_squeezing_C1,46,DecisionBoundary,feature_squeezing,C1,90,80,1,414,5,0.988,0.9876543209876543,0.9411764705882353,0.963855421686747,0.9693834160170092
primary_46_DecisionBoundary_feature_squeezing_C1,46,DecisionBoundary,feature_squeezing,C1,91,78,1,414,7,0.984,0.9873417721518988,0.9176470588235294,0.9512195121951219,0.9576187101346563
primary_46_DecisionBoundary_feature_squeezing_C1,46,DecisionBoundary,feature_squeezing,C1,92,80,0,415,5,0.99,1.0,0.9411764705882353,0.9696969696969697,0.9705882352941176
primary_46_DecisionBoundary_feature_squeezing_C1,46,DecisionBoundary,feature_squeezing,C1,93,79,0,415,6,0.988,1.0,0.9294117647058824,0.9634146341463414,0.9647058823529412
primary_46_DecisionBoundary_feature_squeezing_C1,46,DecisionBoundary,feature_squeezing,C1,94,81,0,415,4,0.992,1.0,0.9529411764705882,0.9759036144578312,0.9764705882352941
primary_46_DecisionBoundary_feature_squeezing_C1,46,DecisionBoundary,feature_squeezing,C1,95,81,0,415,4,0.992,1.0,0.9529411764705882,0.9759036144578312,0.9764705882352941
primary_46_DecisionBoundary_feature_squeezing_C1,46,DecisionBoundary,feature_squeezing,C1,96,82,0,415,3,0.994,1.0,0.9647058823529412,0.9820359281437125,0.9823529411764707
primary_46_DecisionBoundary_feature_squeezing_C1,46,DecisionBoundary,feature_squeezing,C1,97,74,1,414,11,0.976,0.9866666666666667,0.8705882352941177,0.925,0.9340892983699505
primary_46_DecisionBoundary_feature_squeezing_C1,46,DecisionBoundary,feature_squeezing,C1,98,75,0,415,10,0.98,1.0,0.8823529411764706,0.9375,0.9411764705882353
primary_46_DecisionBoundary_feature_squeezing_C1,46,DecisionBoundary,feature_squeezing,C1,99,80,0,415,5,0.99,1.0,0.9411764705882353,0.9696969696969697,0.9705882352941176
primary_46_DecisionBoundary_feature_squeezing_C1,46,DecisionBoundary,feature_squeezing,C1,100,80,0,415,5,0.99,1.0,0.9411764705882353,0.9696969696969697,0.9705882352941176
primary_46_DecisionBoundary_feature_squeezing_C1,46,DecisionBoundary,feature_squeezing,C1,101,81,0,415,4,0.992,1.0,0.9529411764705882,0.9759036144578312,0.9764705882352941
primary_46_DecisionBoundary_feature_squeezing_C1,46,DecisionBoundary,feature_squeezing,C1,102,81,0,415,4,0.992,1.0,0.9529411764705882,0.9759036144578312,0.9764705882352941
primary_46_DecisionBoundary_feature_squeezing_C1,46,DecisionBoundary,feature_squeezing,C1,103,79,0,415,6,0.988,1.0,0.9294117647058824,0.9634146341463414,0.9647058823529412
primary_46_DecisionBoundary_feature_squeezing_C1,46,DecisionBoundary,feature_squeezing,C1,104,80,0,415,5,0.99,1.0,0.9411764705882353,0.9696969696969697,0.9705882352941176
primary_46_DecisionBoundary_feature_squeezing_C1,46,DecisionBoundary,feature_squeezing,C1,105,81,0,415,4,0.992,1.0,0.9529411764705882,0.9759036144578312,0.9764705882352941
primary_46_DecisionBoundary_feature_squeezing_C1,46,DecisionBoundary,feature_squeezing,C1,106,75,0,415,10,0.98,1.0,0.8823529411764706,0.9375,0.9411764705882353
primary_46_DecisionBoundary_feature_squeezing_C1,46,DecisionBoundary,feature_squeezing,C1,107,78,0,415,7,0.986,1.0,0.9176470588235294,0.9570552147239264,0.9588235294117646
primary_46_DecisionBoundary_feature_squeezing_C1,46,DecisionBoundary,feature_squeezing,C1,108,81,0,415,4,0.992,1.0,0.9529411764705882,0.9759036144578312,0.9764705882352941
primary_46_DecisionBoundary_feature_squeezing_C1,46,DecisionBoundary,feature_squeezing,C1,109,76,0,415,9,0.982,1.0,0.8941176470588236,0.9440993788819877,0.9470588235294117
primary_46_DecisionBoundary_feature_squeezing_C1,46,DecisionBoundary,feature_squeezing,C1,110,77,1,414,8,0.982,0.9871794871794872,0.9058823529411765,0.9447852760736197,0.9517363571934798
primary_46_DecisionBoundary_feature_squeezing_C1,46,DecisionBoundary,feature_squeezing,C1,111,83,0,415,2,0.996,1.0,0.9764705882352941,0.988095238095238,0.9882352941176471
primary_46_DecisionBoundary_feature_squeezing_C1,46,DecisionBoundary,feature_squeezing,C1,112,80,1,414,5,0.988,0.9876543209876543,0.9411764705882353,0.963855421686747,0.9693834160170092
primary_46_DecisionBoundary_feature_squeezing_C1,46,DecisionBoundary,feature_squeezing,C1,113,77,1,414,8,0.982,0.9871794871794872,0.9058823529411765,0.9447852760736197,0.9517363571934798
primary_46_DecisionBoundary_feature_squeezing_C1,46,DecisionBoundary,feature_squeezing,C1,114,78,0,415,7,0.986,1.0,0.9176470588235294,0.9570552147239264,0.9588235294117646
primary_46_DecisionBoundary_feature_squeezing_C1,46,DecisionBoundary,feature_squeezing,C1,115,76,0,415,9,0.982,1.0,0.8941176470588236,0.9440993788819877,0.9470588235294117
primary_46_DecisionBoundary_feature_squeezing_C1,46,DecisionBoundary,feature_squeezing,C1,116,76,0,415,9,0.982,1.0,0.8941176470588236,0.9440993788819877,0.9470588235294117
primary_46_DecisionBoundary_feature_squeezing_C1,46,DecisionBoundary,feature_squeezing,C1,117,78,0,415,7,0.986,1.0,0.9176470588235294,0.9570552147239264,0.9588235294117646
primary_46_DecisionBoundary_feature_squeezing_C1,46,DecisionBoundary,feature_squeezing,C1,118,78,1,414,7,0.984,0.9873417721518988,0.9176470588235294,0.9512195121951219,0.9576187101346563
primary_46_DecisionBoundary_feature_squeezing_C1,46,DecisionBoundary,feature_squeezing,C1,119,78,0,415,7,0.986,1.0,0.9176470588235294,0.9570552147239264,0.9588235294117646
primary_46_DecisionBoundary_feature_squeezing_C1,46,DecisionBoundary,feature_squeezing,C1,120,81,0,415,4,0.992,1.0,0.9529411764705882,0.9759036144578312,0.9764705882352941
primary_46_DecisionBoundary_feature_squeezing_C1,46,DecisionBoundary,feature_squeezing,C1,121,78,0,415,7,0.986,1.0,0.9176470588235294,0.9570552147239264,0.9588235294117646
primary_46_DecisionBoundary_feature_squeezing_C1,46,DecisionBoundary,feature_squeezing,C1,122,78,0,415,7,0.986,1.0,0.9176470588235294,0.9570552147239264,0.9588235294117646
primary_46_DecisionBoundary_feature_squeezing_C1,46,DecisionBoundary,feature_squeezing,C1,123,75,0,415,10,0.98,1.0,0.8823529411764706,0.9375,0.9411764705882353
primary_46_DecisionBoundary_feature_squeezing_C1,46,DecisionBoundary,feature_squeezing,C1,124,80,0,415,5,0.99,1.0,0.9411764705882353,0.9696969696969697,0.9705882352941176
primary_46_DecisionBoundary_feature_squeezing_C1,46,DecisionBoundary,feature_squeezing,C1,125,80,1,414,5,0.988,0.9876543209876543,0.9411764705882353,0.963855421686747,0.9693834160170092
primary_46_DecisionBoundary_feature_squeezing_C1,46,DecisionBoundary,feature_squeezing,C1,126,81,0,415,4,0.992,1.0,0.9529411764705882,0.9759036144578312,0.9764705882352941
primary_46_DecisionBoundary_feature_squeezing_C1,46,DecisionBoundary,feature_squeezing,C1,127,75,0,415,10,0.98,1.0,0.8823529411764706,0.9375,0.9411764705882353
primary_46_DecisionBoundary_feature_squeezing_C1,46,DecisionBoundary,feature_squeezing,C1,128,83,0,415,2,0.996,1.0,0.9764705882352941,0.988095238095238,0.9882352941176471
primary_46_DecisionBoundary_feature_squeezing_C1,46,DecisionBoundary,feature_squeezing,C1,129,78,0,415,7,0.986,1.0,0.9176470588235294,0.9570552147239264,0.9588235294117646
primary_46_DecisionBoundary_feature_squeezing_C1,46,DecisionBoundary,feature_squeezing,C1,130,82,0,415,3,0.994,1.0,0.9647058823529412,0.9820359281437125,0.9823529411764707
primary_46_DecisionBoundary_feature_squeezing_C1,46,DecisionBoundary,feature_squeezing,C1,131,80,0,415,5,0.99,1.0,0.9411764705882353,0.9696969696969697,0.9705882352941176
primary_46_DecisionBoundary_feature_squeezing_C1,46,DecisionBoundary,feature_squeezing,C1,132,77,0,415,8,0.984,1.0,0.9058823529411765,0.9506172839506173,0.9529411764705882
primary_46_DecisionBoundary_feature_squeezing_C1,46,DecisionBoundary,feature_squeezing,C1,133,79,0,415,6,0.988,1.0,0.9294117647058824,0.9634146341463414,0.9647058823529412
primary_46_DecisionBoundary_feature_squeezing_C1,46,DecisionBoundary,feature_squeezing,C1,134,77,0,415,8,0.984,1.0,0.9058823529411765,0.9506172839506173,0.9529411764705882
primary_46_DecisionBoundary_feature_squeezing_C1,46,DecisionBoundary,feature_squeezing,C1,135,82,0,415,3,0.994,1.0,0.9647058823529412,0.9820359281437125,0.9823529411764707
primary_46_DecisionBoundary_feature_squeezing_C1,46,DecisionBoundary,feature_squeezing,C1,136,82,0,415,3,0.994,1.0,0.9647058823529412,0.9820359281437125,0.9823529411764707
primary_46_DecisionBoundary_feature_squeezing_C1,46,DecisionBoundary,feature_squeezing,C1,137,78,1,414,7,0.984,0.9873417721518988,0.9176470588235294,0.9512195121951219,0.9576187101346563
primary_46_DecisionBoundary_feature_squeezing_C1,46,DecisionBoundary,feature_squeezing,C1,138,79,0,415,6,0.988,1.0,0.9294117647058824,0.9634146341463414,0.9647058823529412
primary_46_DecisionBoundary_feature_squeezing_C1,46,DecisionBoundary,feature_squeezing,C1,139,78,0,415,7,0.986,1.0,0.9176470588235294,0.9570552147239264,0.9588235294117646
primary_46_DecisionBoundary_feature_squeezing_C1,46,DecisionBoundary,feature_squeezing,C1,140,78,0,415,7,0.986,1.0,0.9176470588235294,0.9570552147239264,0.9588235294117646
primary_46_DecisionBoundary_feature_squeezing_C1,46,DecisionBoundary,feature_squeezing,C1,141,76,0,415,9,0.982,1.0,0.8941176470588236,0.9440993788819877,0.9470588235294117
primary_46_DecisionBoundary_feature_squeezing_C1,46,DecisionBoundary,feature_squeezing,C1,142,81,0,415,4,0.992,1.0,0.9529411764705882,0.9759036144578312,0.9764705882352941
primary_46_DecisionBoundary_feature_squeezing_C1,46,DecisionBoundary,feature_squeezing,C1,143,80,0,415,5,0.99,1.0,0.9411764705882353,0.9696969696969697,0.9705882352941176
primary_46_DecisionBoundary_randomized_smoothing_Base,46,DecisionBoundary,randomized_smoothing,Base,0,71,0,414,15,0.97,1.0,0.8255813953488372,0.9044585987261146,0.9127906976744187
primary_46_DecisionBoundary_randomized_smoothing_Base,46,DecisionBoundary,randomized_smoothing,Base,1,65,0,414,21,0.958,1.0,0.7558139534883721,0.8609271523178808,0.877906976744186
primary_46_DecisionBoundary_randomized_smoothing_Base,46,DecisionBoundary,randomized_smoothing,Base,2,71,1,413,15,0.968,0.9861111111111112,0.8255813953488372,0.8987341772151899,0.9115829682058196
primary_46_DecisionBoundary_randomized_smoothing_Base,46,DecisionBoundary,randomized_smoothing,Base,3,68,0,414,18,0.964,1.0,0.7906976744186046,0.8831168831168831,0.8953488372093024
primary_46_DecisionBoundary_randomized_smoothing_Base,46,DecisionBoundary,randomized_smoothing,Base,4,72,0,414,14,0.972,1.0,0.8372093023255814,0.9113924050632911,0.9186046511627908
primary_46_DecisionBoundary_randomized_smoothing_Base,46,DecisionBoundary,randomized_smoothing,Base,5,69,0,414,17,0.966,1.0,0.8023255813953488,0.8903225806451612,0.9011627906976745
primary_46_DecisionBoundary_randomized_smoothing_Base,46,DecisionBoundary,randomized_smoothing,Base,6,74,0,414,12,0.976,1.0,0.8604651162790697,0.9249999999999999,0.9302325581395349
primary_46_DecisionBoundary_randomized_smoothing_Base,46,DecisionBoundary,randomized_smoothing,Base,7,70,0,414,16,0.968,1.0,0.813953488372093,0.8974358974358974,0.9069767441860466
primary_46_DecisionBoundary_randomized_smoothing_Base,46,DecisionBoundary,randomized_smoothing,Base,8,61,0,414,25,0.95,1.0,0.7093023255813954,0.8299319727891157,0.8546511627906976
primary_46_DecisionBoundary_randomized_smoothing_Base,46,DecisionBoundary,randomized_smoothing,Base,9,72,0,414,14,0.972,1.0,0.8372093023255814,0.9113924050632911,0.9186046511627908
primary_46_DecisionBoundary_randomized_smoothing_Base,46,DecisionBoundary,randomized_smoothing,Base,10,72,0,414,14,0.972,1.0,0.8372093023255814,0.9113924050632911,0.9186046511627908
primary_46_DecisionBoundary_randomized_smoothing_Base,46,DecisionBoundary,randomized_smoothing,Base,11,66,0,414,20,0.96,1.0,0.7674418604651163,0.868421052631579,0.8837209302325582
primary_46_DecisionBoundary_randomized_smoothing_Base,46,DecisionBoundary,randomized_smoothing,Base,12,71,0,414,15,0.97,1.0,0.8255813953488372,0.9044585987261146,0.9127906976744187
primary_46_DecisionBoundary_randomized_smoothing_Base,46,DecisionBoundary,randomized_smoothing,Base,13,75,0,414,11,0.978,1.0,0.872093023255814,0.9316770186335404,0.936046511627907
primary_46_DecisionBoundary_randomized_smoothing_Base,46,DecisionBoundary,randomized_smoothing,Base,14,74,0,414,12,0.976,1.0,0.8604651162790697,0.9249999999999999,0.9302325581395349
primary_46_DecisionBoundary_randomized_smoothing_Base,46,DecisionBoundary,randomized_smoothing,Base,15,71,0,414,15,0.97,1.0,0.8255813953488372,0.9044585987261146,0.9127906976744187
primary_46_DecisionBoundary_randomized_smoothing_Base,46,DecisionBoundary,randomized_smoothing,Base,16,64,0,414,22,0.956,1.0,0.7441860465116279,0.8533333333333333,0.872093023255814
primary_46_DecisionBoundary_randomized_smoothing_Base,46,DecisionBoundary,randomized_smoothing,Base,17,75,0,415,10,0.98,1.0,0.8823529411764706,0.9375,0.9411764705882353
primary_46_DecisionBoundary_randomized_smoothing_Base,46,DecisionBoundary,randomized_smoothing,Base,18,68,0,415,17,0.966,1.0,0.8,0.888888888888889,0.9
primary_46_DecisionBoundary_randomized_smoothing_Base,46,DecisionBoundary,randomized_smoothing,Base,19,69,0,415,16,0.968,1.0,0.8117647058823529,0.8961038961038961,0.9058823529411765
primary_46_DecisionBoundary_randomized_smoothing_Base,46,DecisionBoundary,randomized_smoothing,Base,20,65,0,415,20,0.96,1.0,0.7647058823529411,0.8666666666666666,0.8823529411764706
primary_46_DecisionBoundary_randomized_smoothing_Base,46,DecisionBoundary,randomized_smoothing,Base,21,65,0,415,20,0.96,1.0,0.7647058823529411,0.8666666666666666,0.8823529411764706
primary_46_DecisionBoundary_randomized_smoothing_Base,46,DecisionBoundary,randomized_smoothing,Base,22,70,0,415,15,0.97,1.0,0.8235294117647058,0.9032258064516129,0.9117647058823529
primary_46_DecisionBoundary_randomized_smoothing_Base,46,DecisionBoundary,randomized_smoothing,Base,23,66,0,415,19,0.962,1.0,0.7764705882352941,0.8741721854304636,0.888235294117647
primary_46_DecisionBoundary_randomized_smoothing_Base,46,DecisionBoundary,randomized_smoothing,Base,24,70,0,415,15,0.97,1.0,0.8235294117647058,0.9032258064516129,0.9117647058823529
primary_46_DecisionBoundary_randomized_smoothing_Base,46,DecisionBoundary,randomized_smoothing,Base,25,71,0,415,14,0.972,1.0,0.8352941176470589,0.9102564102564102,0.9176470588235295
primary_46_DecisionBoundary_randomized_smoothing_Base,46,DecisionBoundary,randomized_smoothing,Base,26,63,0,415,22,0.956,1.0,0.7411764705882353,0.8513513513513514,0.8705882352941177
primary_46_DecisionBoundary_randomized_smoothing_Base,46,DecisionBoundary,randomized_smoothing,Base,27,63,0,415,22,0.956,1.0,0.7411764705882353,0.8513513513513514,0.8705882352941177
primary_46_DecisionBoundary_randomized_smoothing_Base,46,DecisionBoundary,randomized_smoothing,Base,28,70,0,415,15,0.97,1.0,0.8235294117647058,0.9032258064516129,0.9117647058823529
primary_46_DecisionBoundary_randomized_smoothing_Base,46,DecisionBoundary,randomized_smoothing,Base,29,64,0,415,21,0.958,1.0,0.7529411764705882,0.8590604026845637,0.8764705882352941
primary_46_DecisionBoundary_randomized_smoothing_Base,46,DecisionBoundary,randomized_smoothing,Base,30,70,0,415,15,0.97,1.0,0.8235294117647058,0.9032258064516129,0.9117647058823529
primary_46_DecisionBoundary_randomized_smoothing_Base,46,DecisionBoundary,randomized_smoothing,Base,31,65,0,415,20,0.96,1.0,0.7647058823529411,0.8666666666666666,0.8823529411764706
primary_46_DecisionBoundary_randomized_smoothing_Base,46,DecisionBoundary,randomized_smoothing,Base,32,62,0,415,23,0.954,1.0,0.7294117647058823,0.8435374149659863,0.8647058823529412
primary_46_DecisionBoundary_randomized_smoothing_Base,46,DecisionBoundary,randomized_smoothing,Base,33,65,0,415,20,0.96,1.0,0.7647058823529411,0.8666666666666666,0.8823529411764706
primary_46_DecisionBoundary_randomized_smoothing_Base,46,DecisionBoundary,randomized_smoothing,Base,34,65,1,414,20,0.958,0.9848484848484849,0.7647058823529411,0.8609271523178808,0.8811481218993622
primary_46_DecisionBoundary_randomized_smoothing_Base,46,DecisionBoundary,randomized_smoothing,Base,35,61,0,415,24,0.952,1.0,0.7176470588235294,0.8356164383561643,0.8588235294117648
primary_46_DecisionBoundary_randomized_smoothing_Base,46,DecisionBoundary,randomized_smoothing,Base,36,67,0,415,18,0.964,1.0,0.788235294117647,0.8815789473684211,0.8941176470588235
primary_46_DecisionBoundary_randomized_smoothing_Base,46,DecisionBoundary,randomized_smoothing,Base,37,71,0,415,14,0.972,1.0,0.8352941176470589,0.9102564102564102,0.9176470588235295
primary_46_DecisionBoundary_randomized_smoothing_Base,46,DecisionBoundary,randomized_smoothing,Base,38,69,0,415,16,0.968,1.0,0.8117647058823529,0.8961038961038961,0.9058823529411765
primary_46_DecisionBoundary_randomized_smoothing_Base,46,DecisionBoundary,randomized_smoothing,Base,39,65,0,415,20,0.96,1.0,0.7647058823529411,0.8666666666666666,0.8823529411764706
primary_46_DecisionBoundary_randomized_smoothing_Base,46,DecisionBoundary,randomized_smoothing,Base,40,76,0,415,9,0.982,1.0,0.8941176470588236,0.9440993788819877,0.9470588235294117
primary_46_DecisionBoundary_randomized_smoothing_Base,46,DecisionBoundary,randomized_smoothing,Base,41,71,0,415,14,0.972,1.0,0.8352941176470589,0.9102564102564102,0.9176470588235295
primary_46_DecisionBoundary_randomized_smoothing_Base,46,DecisionBoundary,randomized_smoothing,Base,42,67,0,415,18,0.964,1.0,0.788235294117647,0.8815789473684211,0.8941176470588235
primary_46_DecisionBoundary_randomized_smoothing_Base,46,DecisionBoundary,randomized_smoothing,Base,43,65,0,415,20,0.96,1.0,0.7647058823529411,0.8666666666666666,0.8823529411764706
primary_46_DecisionBoundary_randomized_smoothing_Base,46,DecisionBoundary,randomized_smoothing,Base,44,63,0,415,22,0.956,1.0,0.7411764705882353,0.8513513513513514,0.8705882352941177
primary_46_DecisionBoundary_randomized_smoothing_Base,46,DecisionBoundary,randomized_smoothing,Base,45,71,0,415,14,0.972,1.0,0.8352941176470589,0.9102564102564102,0.9176470588235295
primary_46_DecisionBoundary_randomized_smoothing_Base,46,DecisionBoundary,randomized_smoothing,Base,46,72,0,415,13,0.974,1.0,0.8470588235294118,0.9171974522292993,0.9235294117647059
primary_46_DecisionBoundary_randomized_smoothing_Base,46,DecisionBoundary,randomized_smoothing,Base,47,66,0,415,19,0.962,1.0,0.7764705882352941,0.8741721854304636,0.888235294117647
primary_46_DecisionBoundary_randomized_smoothing_Base,46,DecisionBoundary,randomized_smoothing,Base,48,73,0,415,12,0.976,1.0,0.8588235294117647,0.9240506329113923,0.9294117647058824
primary_46_DecisionBoundary_randomized_smoothing_Base,46,DecisionBoundary,randomized_smoothing,Base,49,69,0,415,16,0.968,1.0,0.8117647058823529,0.8961038961038961,0.9058823529411765
primary_46_DecisionBoundary_randomized_smoothing_Base,46,DecisionBoundary,randomized_smoothing,Base,50,71,0,415,14,0.972,1.0,0.8352941176470589,0.9102564102564102,0.9176470588235295
primary_46_DecisionBoundary_randomized_smoothing_Base,46,DecisionBoundary,randomized_smoothing,Base,51,71,0,415,14,0.972,1.0,0.8352941176470589,0.9102564102564102,0.9176470588235295
primary_46_DecisionBoundary_randomized_smoothing_Base,46,DecisionBoundary,randomized_smoothing,Base,52,67,0,415,18,0.964,1.0,0.788235294117647,0.8815789473684211,0.8941176470588235
primary_46_DecisionBoundary_randomized_smoothing_Base,46,DecisionBoundary,randomized_smoothing,Base,53,60,0,415,25,0.95,1.0,0.7058823529411765,0.8275862068965517,0.8529411764705883
primary_46_DecisionBoundary_randomized_smoothing_Base,46,DecisionBoundary,randomized_smoothing,Base,54,68,0,415,17,0.966,1.0,0.8,0.888888888888889,0.9
primary_46_DecisionBoundary_randomized_smoothing_Base,46,DecisionBoundary,randomized_smoothing,Base,55,64,0,415,21,0.958,1.0,0.7529411764705882,0.8590604026845637,0.8764705882352941
primary_46_DecisionBoundary_randomized_smoothing_Base,46,DecisionBoundary,randomized_smoothing,Base,56,66,0,415,19,0.962,1.0,0.7764705882352941,0.8741721854304636,0.888235294117647
primary_46_DecisionBoundary_randomized_smoothing_Base,46,DecisionBoundary,randomized_smoothing,Base,57,67,0,415,18,0.964,1.0,0.788235294117647,0.8815789473684211,0.8941176470588235
primary_46_DecisionBoundary_randomized_smoothing_Base,46,DecisionBoundary,randomized_smoothing,Base,58,72,0,415,13,0.974,1.0,0.8470588235294118,0.9171974522292993,0.9235294117647059
primary_46_DecisionBoundary_randomized_smoothing_Base,46,DecisionBoundary,randomized_smoothing,Base,59,66,0,415,19,0.962,1.0,0.7764705882352941,0.8741721854304636,0.888235294117647
primary_46_DecisionBoundary_randomized_smoothing_Base,46,DecisionBoundary,randomized_smoothing,Base,60,64,0,415,21,0.958,1.0,0.7529411764705882,0.8590604026845637,0.8764705882352941
primary_46_DecisionBoundary_randomized_smoothing_Base,46,DecisionBoundary,randomized_smoothing,Base,61,68,0,415,17,0.966,1.0,0.8,0.888888888888889,0.9
primary_46_DecisionBoundary_randomized_smoothing_Base,46,DecisionBoundary,randomized_smoothing,Base,62,66,0,415,19,0.962,1.0,0.7764705882352941,0.8741721854304636,0.888235294117647
primary_46_DecisionBoundary_randomized_smoothing_Base,46,DecisionBoundary,randomized_smoothing,Base,63,67,0,415,18,0.964,1.0,0.788235294117647,0.8815789473684211,0.8941176470588235
primary_46_DecisionBoundary_randomized_smoothing_Base,46,DecisionBoundary,randomized_smoothing,Base,64,65,0,415,20,0.96,1.0,0.7647058823529411,0.8666666666666666,0.8823529411764706
primary_46_DecisionBoundary_randomized_smoothing_Base,46,DecisionBoundary,randomized_smoothing,Base,65,63,0,415,22,0.956,1.0,0.7411764705882353,0.8513513513513514,0.8705882352941177
primary_46_DecisionBoundary_randomized_smoothing_Base,46,DecisionBoundary,randomized_smoothing,Base,66,67,0,415,18,0.964,1.0,0.788235294117647,0.8815789473684211,0.8941176470588235
primary_46_DecisionBoundary_randomized_smoothing_Base,46,DecisionBoundary,randomized_smoothing,Base,67,68,0,415,17,0.966,1.0,0.8,0.888888888888889,0.9
primary_46_DecisionBoundary_randomized_smoothing_Base,46,DecisionBoundary,randomized_smoothing,Base,68,65,0,415,20,0.96,1.0,0.7647058823529411,0.8666666666666666,0.8823529411764706
primary_46_DecisionBoundary_randomized_smoothing_Base,46,DecisionBoundary,randomized_smoothing,Base,69,69,1,414,16,0.966,0.9857142857142858,0.8117647058823529,0.8903225806451613,0.904677533664068
primary_46_DecisionBoundary_randomized_smoothing_Base,46,DecisionBoundary,randomized_smoothing,Base,70,69,0,415,16,0.968,1.0,0.8117647058823529,0.8961038961038961,0.9058823529411765
primary_46_DecisionBoundary_randomized_smoothing_Base,46,DecisionBoundary,randomized_smoothing,Base,71,67,0,415,18,0.964,1.0,0.788235294117647,0.8815789473684211,0.8941176470588235
primary_46_DecisionBoundary_randomized_smoothing_Base,46,DecisionBoundary,randomized_smoothing,Base,72,69,0,415,16,0.968,1.0,0.8117647058823529,0.8961038961038961,0.9058823529411765
primary_46_DecisionBoundary_randomized_smoothing_Base,46,DecisionBoundary,randomized_smoothing,Base,73,65,0,415,20,0.96,1.0,0.7647058823529411,0.8666666666666666,0.8823529411764706
primary_46_DecisionBoundary_randomized_smoothing_Base,46,DecisionBoundary,randomized_smoothing,Base,74,74,0,415,11,0.978,1.0,0.8705882352941177,0.9308176100628931,0.9352941176470588
primary_46_DecisionBoundary_randomized_smoothing_Base,46,DecisionBoundary,randomized_smoothing,Base,75,68,0,415,17,0.966,1.0,0.8,0.888888888888889,0.9
primary_46_DecisionBoundary_randomized_smoothing_Base,46,DecisionBoundary,randomized_smoothing,Base,76,65,0,415,20,0.96,1.0,0.7647058823529411,0.8666666666666666,0.8823529411764706
primary_46_DecisionBoundary_randomized_smoothing_Base,46,DecisionBoundary,randomized_smoothing,Base,77,68,0,415,17,0.966,1.0,0.8,0.888888888888889,0.9
primary_46_DecisionBoundary_randomized_smoothing_Base,46,DecisionBoundary,randomized_smoothing,Base,78,71,0,415,14,0.972,1.0,0.8352941176470589,0.9102564102564102,0.9176470588235295
primary_46_DecisionBoundary_randomized_smoothing_Base,46,DecisionBoundary,randomized_smoothing,Base,79,66,0,415,19,0.962,1.0,0.7764705882352941,0.8741721854304636,0.888235294117647
primary_46_DecisionBoundary_randomized_smoothing_Base,46,DecisionBoundary,randomized_smoothing,Base,80,66,0,415,19,0.962,1.0,0.7764705882352941,0.8741721854304636,0.888235294117647
primary_46_DecisionBoundary_randomized_smoothing_Base,46,DecisionBoundary,randomized_smoothing,Base,81,69,0,415,16,0.968,1.0,0.8117647058823529,0.8961038961038961,0.9058823529411765
primary_46_DecisionBoundary_randomized_smoothing_Base,46,DecisionBoundary,randomized_smoothing,Base,82,70,0,415,15,0.97,1.0,0.8235294117647058,0.9032258064516129,0.9117647058823529
primary_46_DecisionBoundary_randomized_smoothing_Base,46,DecisionBoundary,randomized_smoothing,Base,83,61,0,415,24,0.952,1.0,0.7176470588235294,0.8356164383561643,0.8588235294117648
primary_46_DecisionBoundary_randomized_smoothing_Base,46,DecisionBoundary,randomized_smoothing,Base,84,70,0,415,15,0.97,1.0,0.8235294117647058,0.9032258064516129,0.9117647058823529
primary_46_DecisionBoundary_randomized_smoothing_Base,46,DecisionBoundary,randomized_smoothing,Base,85,64,0,415,21,0.958,1.0,0.7529411764705882,0.8590604026845637,0.8764705882352941
primary_46_DecisionBoundary_randomized_smoothing_Base,46,DecisionBoundary,randomized_smoothing,Base,86,69,1,414,16,0.966,0.9857142857142858,0.8117647058823529,0.8903225806451613,0.904677533664068
primary_46_DecisionBoundary_randomized_smoothing_Base,46,DecisionBoundary,randomized_smoothing,Base,87,63,0,415,22,0.956,1.0,0.7411764705882353,0.8513513513513514,0.8705882352941177
primary_46_DecisionBoundary_randomized_smoothing_Base,46,DecisionBoundary,randomized_smoothing,Base,88,66,0,415,19,0.962,1.0,0.7764705882352941,0.8741721854304636,0.888235294117647
primary_46_DecisionBoundary_randomized_smoothing_Base,46,DecisionBoundary,randomized_smoothing,Base,89,70,0,415,15,0.97,1.0,0.8235294117647058,0.9032258064516129,0.9117647058823529
primary_46_DecisionBoundary_randomized_smoothing_Base,46,DecisionBoundary,randomized_smoothing,Base,90,68,0,415,17,0.966,1.0,0.8,0.888888888888889,0.9
primary_46_DecisionBoundary_randomized_smoothing_Base,46,DecisionBoundary,randomized_smoothing,Base,91,62,0,415,23,0.954,1.0,0.7294117647058823,0.8435374149659863,0.8647058823529412
primary_46_DecisionBoundary_randomized_smoothing_Base,46,DecisionBoundary,randomized_smoothing,Base,92,65,0,415,20,0.96,1.0,0.7647058823529411,0.8666666666666666,0.8823529411764706
primary_46_DecisionBoundary_randomized_smoothing_Base,46,DecisionBoundary,randomized_smoothing,Base,93,71,0,415,14,0.972,1.0,0.8352941176470589,0.9102564102564102,0.9176470588235295
primary_46_DecisionBoundary_randomized_smoothing_Base,46,DecisionBoundary,randomized_smoothing,Base,94,69,0,415,16,0.968,1.0,0.8117647058823529,0.8961038961038961,0.9058823529411765
primary_46_DecisionBoundary_randomized_smoothing_Base,46,DecisionBoundary,randomized_smoothing,Base,95,71,0,415,14,0.972,1.0,0.8352941176470589,0.9102564102564102,0.9176470588235295
primary_46_DecisionBoundary_randomized_smoothing_Base,46,DecisionBoundary,randomized_smoothing,Base,96,65,0,415,20,0.96,1.0,0.7647058823529411,0.8666666666666666,0.8823529411764706
primary_46_DecisionBoundary_randomized_smoothing_Base,46,DecisionBoundary,randomized_smoothing,Base,97,63,0,415,22,0.956,1.0,0.7411764705882353,0.8513513513513514,0.8705882352941177
primary_46_DecisionBoundary_randomized_smoothing_Base,46,DecisionBoundary,randomized_smoothing,Base,98,67,0,415,18,0.964,1.0,0.788235294117647,0.8815789473684211,0.8941176470588235
primary_46_DecisionBoundary_randomized_smoothing_Base,46,DecisionBoundary,randomized_smoothing,Base,99,64,0,415,21,0.958,1.0,0.7529411764705882,0.8590604026845637,0.8764705882352941
primary_46_DecisionBoundary_randomized_smoothing_Base,46,DecisionBoundary,randomized_smoothing,Base,100,73,0,415,12,0.976,1.0,0.8588235294117647,0.9240506329113923,0.9294117647058824
primary_46_DecisionBoundary_randomized_smoothing_Base,46,DecisionBoundary,randomized_smoothing,Base,101,67,0,415,18,0.964,1.0,0.788235294117647,0.8815789473684211,0.8941176470588235
primary_46_DecisionBoundary_randomized_smoothing_Base,46,DecisionBoundary,randomized_smoothing,Base,102,69,0,415,16,0.968,1.0,0.8117647058823529,0.8961038961038961,0.9058823529411765
primary_46_DecisionBoundary_randomized_smoothing_Base,46,DecisionBoundary,randomized_smoothing,Base,103,71,0,415,14,0.972,1.0,0.8352941176470589,0.9102564102564102,0.9176470588235295
primary_46_DecisionBoundary_randomized_smoothing_Base,46,DecisionBoundary,randomized_smoothing,Base,104,73,0,415,12,0.976,1.0,0.8588235294117647,0.9240506329113923,0.9294117647058824
primary_46_DecisionBoundary_randomized_smoothing_Base,46,DecisionBoundary,randomized_smoothing,Base,105,72,0,415,13,0.974,1.0,0.8470588235294118,0.9171974522292993,0.9235294117647059
primary_46_DecisionBoundary_randomized_smoothing_Base,46,DecisionBoundary,randomized_smoothing,Base,106,63,0,415,22,0.956,1.0,0.7411764705882353,0.8513513513513514,0.8705882352941177
primary_46_DecisionBoundary_randomized_smoothing_Base,46,DecisionBoundary,randomized_smoothing,Base,107,66,0,415,19,0.962,1.0,0.7764705882352941,0.8741721854304636,0.888235294117647
primary_46_DecisionBoundary_randomized_smoothing_Base,46,DecisionBoundary,randomized_smoothing,Base,108,71,0,415,14,0.972,1.0,0.8352941176470589,0.9102564102564102,0.9176470588235295
primary_46_DecisionBoundary_randomized_smoothing_Base,46,DecisionBoundary,randomized_smoothing,Base,109,63,0,415,22,0.956,1.0,0.7411764705882353,0.8513513513513514,0.8705882352941177
primary_46_DecisionBoundary_randomized_smoothing_Base,46,DecisionBoundary,randomized_smoothing,Base,110,66,1,414,19,0.96,0.9850746268656716,0.7764705882352941,0.8684210526315789,0.8870304748405387
primary_46_DecisionBoundary_randomized_smoothing_Base,46,DecisionBoundary,randomized_smoothing,Base,111,69,0,415,16,0.968,1.0,0.8117647058823529,0.8961038961038961,0.9058823529411765
primary_46_DecisionBoundary_randomized_smoothing_Base,46,DecisionBoundary,randomized_smoothing,Base,112,72,0,415,13,0.974,1.0,0.8470588235294118,0.9171974522292993,0.9235294117647059
primary_46_DecisionBoundary_randomized_smoothing_Base,46,DecisionBoundary,randomized_smoothing,Base,113,68,0,415,17,0.966,1.0,0.8,0.888888888888889,0.9
primary_46_DecisionBoundary_randomized_smoothing_Base,46,DecisionBoundary,randomized_smoothing,Base,114,65,0,415,20,0.96,1.0,0.7647058823529411,0.8666666666666666,0.8823529411764706
primary_46_DecisionBoundary_randomized_smoothing_Base,46,DecisionBoundary,randomized_smoothing,Base,115,67,0,415,18,0.964,1.0,0.788235294117647,0.8815789473684211,0.8941176470588235
primary_46_DecisionBoundary_randomized_smoothing_Base,46,DecisionBoundary,randomized_smoothing,Base,116,59,0,415,26,0.948,1.0,0.6941176470588235,0.8194444444444444,0.8470588235294118
primary_46_DecisionBoundary_randomized_smoothing_Base,46,DecisionBoundary,randomized_smoothing,Base,117,68,0,415,17,0.966,1.0,0.8,0.888888888888889,0.9
primary_46_DecisionBoundary_randomized_smoothing_Base,46,DecisionBoundary,randomized_smoothing,Base,118,70,0,415,15,0.97,1.0,0.8235294117647058,0.9032258064516129,0.9117647058823529
primary_46_DecisionBoundary_randomized_smoothing_Base,46,DecisionBoundary,randomized_smoothing,Base,119,70,0,415,15,0.97,1.0,0.8235294117647058,0.9032258064516129,0.9117647058823529
primary_46_DecisionBoundary_randomized_smoothing_Base,46,DecisionBoundary,randomized_smoothing,Base,120,76,0,415,9,0.982,1.0,0.8941176470588236,0.9440993788819877,0.9470588235294117
primary_46_DecisionBoundary_randomized_smoothing_Base,46,DecisionBoundary,randomized_smoothing,Base,121,68,0,415,17,0.966,1.0,0.8,0.888888888888889,0.9
primary_46_DecisionBoundary_randomized_smoothing_Base,46,DecisionBoundary,randomized_smoothing,Base,122,70,0,415,15,0.97,1.0,0.8235294117647058,0.9032258064516129,0.9117647058823529
primary_46_DecisionBoundary_randomized_smoothing_Base,46,DecisionBoundary,randomized_smoothing,Base,123,67,0,415,18,0.964,1.0,0.788235294117647,0.8815789473684211,0.8941176470588235
primary_46_DecisionBoundary_randomized_smoothing_Base,46,DecisionBoundary,randomized_smoothing,Base,124,65,0,415,20,0.96,1.0,0.7647058823529411,0.8666666666666666,0.8823529411764706
primary_46_DecisionBoundary_randomized_smoothing_Base,46,DecisionBoundary,randomized_smoothing,Base,125,71,0,415,14,0.972,1.0,0.8352941176470589,0.9102564102564102,0.9176470588235295
primary_46_DecisionBoundary_randomized_smoothing_Base,46,DecisionBoundary,randomized_smoothing,Base,126,73,0,415,12,0.976,1.0,0.8588235294117647,0.9240506329113923,0.9294117647058824
primary_46_DecisionBoundary_randomized_smoothing_Base,46,DecisionBoundary,randomized_smoothing,Base,127,61,0,415,24,0.952,1.0,0.7176470588235294,0.8356164383561643,0.8588235294117648
primary_46_DecisionBoundary_randomized_smoothing_Base,46,DecisionBoundary,randomized_smoothing,Base,128,72,0,415,13,0.974,1.0,0.8470588235294118,0.9171974522292993,0.9235294117647059
primary_46_DecisionBoundary_randomized_smoothing_Base,46,DecisionBoundary,randomized_smoothing,Base,129,66,0,415,19,0.962,1.0,0.7764705882352941,0.8741721854304636,0.888235294117647
primary_46_DecisionBoundary_randomized_smoothing_Base,46,DecisionBoundary,randomized_smoothing,Base,130,73,0,415,12,0.976,1.0,0.8588235294117647,0.9240506329113923,0.9294117647058824
primary_46_DecisionBoundary_randomized_smoothing_Base,46,DecisionBoundary,randomized_smoothing,Base,131,68,0,415,17,0.966,1.0,0.8,0.888888888888889,0.9
primary_46_DecisionBoundary_randomized_smoothing_Base,46,DecisionBoundary,randomized_smoothing,Base,132,65,0,415,20,0.96,1.0,0.7647058823529411,0.8666666666666666,0.8823529411764706
primary_46_DecisionBoundary_randomized_smoothing_Base,46,DecisionBoundary,randomized_smoothing,Base,133,68,0,415,17,0.966,1.0,0.8,0.888888888888889,0.9
primary_46_DecisionBoundary_randomized_smoothing_Base,46,DecisionBoundary,randomized_smoothing,Base,134,63,0,415,22,0.956,1.0,0.7411764705882353,0.8513513513513514,0.8705882352941177
primary_46_DecisionBoundary_randomized_smoothing_Base,46,DecisionBoundary,randomized_smoothing,Base,135,67,0,415,18,0.964,1.0,0.788235294117647,0.8815789473684211,0.8941176470588235
primary_46_DecisionBoundary_randomized_smoothing_Base,46,DecisionBoundary,randomized_smoothing,Base,136,71,0,415,14,0.972,1.0,0.8352941176470589,0.9102564102564102,0.9176470588235295
primary_46_DecisionBoundary_randomized_smoothing_Base,46,DecisionBoundary,randomized_smoothing,Base,137,70,0,415,15,0.97,1.0,0.8235294117647058,0.9032258064516129,0.9117647058823529
primary_46_DecisionBoundary_randomized_smoothing_Base,46,DecisionBoundary,randomized_smoothing,Base,138,68,0,415,17,0.966,1.0,0.8,0.888888888888889,0.9
primary_46_DecisionBoundary_randomized_smoothing_Base,46,DecisionBoundary,randomized_smoothing,Base,139,68,0,415,17,0.966,1.0,0.8,0.888888888888889,0.9
primary_46_DecisionBoundary_randomized_smoothing_Base,46,DecisionBoundary,randomized_smoothing,Base,140,69,0,415,16,0.968,1.0,0.8117647058823529,0.8961038961038961,0.9058823529411765
primary_46_DecisionBoundary_randomized_smoothing_Base,46,DecisionBoundary,randomized_smoothing,Base,141,68,0,415,17,0.966,1.0,0.8,0.888888888888889,0.9
primary_46_DecisionBoundary_randomized_smoothing_Base,46,DecisionBoundary,randomized_smoothing,Base,142,64,0,415,21,0.958,1.0,0.7529411764705882,0.8590604026845637,0.8764705882352941
primary_46_DecisionBoundary_randomized_smoothing_Base,46,DecisionBoundary,randomized_smoothing,Base,143,71,0,415,14,0.972,1.0,0.8352941176470589,0.9102564102564102,0.9176470588235295
primary_46_DecisionBoundary_randomized_smoothing_C1,46,DecisionBoundary,randomized_smoothing,C1,0,71,0,414,15,0.97,1.0,0.8255813953488372,0.9044585987261146,0.9127906976744187
primary_46_DecisionBoundary_randomized_smoothing_C1,46,DecisionBoundary,randomized_smoothing,C1,1,70,0,414,16,0.968,1.0,0.813953488372093,0.8974358974358974,0.9069767441860466
primary_46_DecisionBoundary_randomized_smoothing_C1,46,DecisionBoundary,randomized_smoothing,C1,2,78,1,413,8,0.982,0.9873417721518988,0.9069767441860465,0.9454545454545454,0.9522806426244241
primary_46_DecisionBoundary_randomized_smoothing_C1,46,DecisionBoundary,randomized_smoothing,C1,3,82,0,414,4,0.992,1.0,0.9534883720930233,0.9761904761904763,0.9767441860465116
primary_46_DecisionBoundary_randomized_smoothing_C1,46,DecisionBoundary,randomized_smoothing,C1,4,83,1,413,3,0.992,0.9880952380952381,0.9651162790697675,0.9764705882352942,0.9813504100662847
primary_46_DecisionBoundary_randomized_smoothing_C1,46,DecisionBoundary,randomized_smoothing,C1,5,81,0,414,5,0.99,1.0,0.9418604651162791,0.970059880239521,0.9709302325581395
primary_46_DecisionBoundary_randomized_smoothing_C1,46,DecisionBoundary,randomized_smoothing,C1,6,81,0,414,5,0.99,1.0,0.9418604651162791,0.970059880239521,0.9709302325581395
primary_46_DecisionBoundary_randomized_smoothing_C1,46,DecisionBoundary,randomized_smoothing,C1,7,80,0,414,6,0.988,1.0,0.9302325581395349,0.963855421686747,0.9651162790697674
primary_46_DecisionBoundary_randomized_smoothing_C1,46,DecisionBoundary,randomized_smoothing,C1,8,77,0,414,9,0.982,1.0,0.8953488372093024,0.9447852760736196,0.9476744186046512
primary_46_DecisionBoundary_randomized_smoothing_C1,46,DecisionBoundary,randomized_smoothing,C1,9,84,0,414,2,0.996,1.0,0.9767441860465116,0.988235294117647,0.9883720930232558
primary_46_DecisionBoundary_randomized_smoothing_C1,46,DecisionBoundary,randomized_smoothing,C1,10,81,1,413,5,0.988,0.9878048780487805,0.9418604651162791,0.9642857142857143,0.9697225030895404
primary_46_DecisionBoundary_randomized_smoothing_C1,46,DecisionBoundary,randomized_smoothing,C1,11,79,0,414,7,0.986,1.0,0.9186046511627907,0.9575757575757576,0.9593023255813953
primary_46_DecisionBoundary_randomized_smoothing_C1,46,DecisionBoundary,randomized_smoothing,C1,12,81,0,414,5,0.99,1.0,0.9418604651162791,0.970059880239521,0.9709302325581395
primary_46_DecisionBoundary_randomized_smoothing_C1,46,DecisionBoundary,randomized_smoothing,C1,13,82,0,414,4,0.992,1.0,0.9534883720930233,0.9761904761904763,0.9767441860465116
primary_46_DecisionBoundary_randomized_smoothing_C1,46,DecisionBoundary,randomized_smoothing,C1,14,84,1,413,2,0.994,0.9882352941176471,0.9767441860465116,0.9824561403508771,0.9871643635546568
primary_46_DecisionBoundary_randomized_smoothing_C1,46,DecisionBoundary,randomized_smoothing,C1,15,82,0,414,4,0.992,1.0,0.9534883720930233,0.9761904761904763,0.9767441860465116
primary_46_DecisionBoundary_randomized_smoothing_C1,46,DecisionBoundary,randomized_smoothing,C1,16,76,1,413,10,0.978,0.987012987012987,0.8837209302325582,0.9325153374233128,0.94065273564768
primary_46_DecisionBoundary_randomized_smoothing_C1,46,DecisionBoundary,randomized_smoothing,C1,17,81,0,415,4,0.992,1.0,0.9529411764705882,0.9759036144578312,0.9764705882352941
primary_46_DecisionBoundary_randomized_smoothing_C1,46,DecisionBoundary,randomized_smoothing,C1,18,79,0,415,6,0.988,1.0,0.9294117647058824,0.9634146341463414,0.9647058823529412
primary_46_DecisionBoundary_randomized_smoothing_C1,46,DecisionBoundary,randomized_smoothing,C1,19,80,0,415,5,0.99,1.0,0.9411764705882353,0.9696969696969697,0.9705882352941176
primary_46_DecisionBoundary_randomized_smoothing_C1,46,DecisionBoundary,randomized_smoothing,C1,20,74,1,414,11,0.976,0.9866666666666667,0.8705882352941177,0.925,0.9340892983699505
primary_46_DecisionBoundary_randomized_smoothing_C1,46,DecisionBoundary,randomized_smoothing,C1,21,73,1,414,12,0.974,0.9864864864864865,0.8588235294117647,0.9182389937106918,0.9282069454287739
primary_46_DecisionBoundary_randomized_smoothing_C1,46,DecisionBoundary,randomized_smoothing,C1,22,77,0,415,8,0.984,1.0,0.9058823529411765,0.9506172839506173,0.9529411764705882
primary_46_DecisionBoundary_randomized_smoothing_C1,46,DecisionBoundary,randomized_smoothing,C1,23,78,0,415,7,0.986,1.0,0.9176470588235294,0.9570552147239264,0.9588235294117646
primary_46_DecisionBoundary_randomized_smoothing_C1,46,DecisionBoundary,randomized_smoothing,C1,24,80,1,414,5,0.988,0.9876543209876543,0.9411764705882353,0.963855421686747,0.9693834160170092
primary_46_DecisionBoundary_randomized_smoothing_C1,46,DecisionBoundary,randomized_smoothing,C1,25,76,0,415,9,0.982,1.0,0.8941176470588236,0.9440993788819877,0.9470588235294117
primary_46_DecisionBoundary_randomized_smoothing_C1,46,DecisionBoundary,randomized_smoothing,C1,26,75,0,415,10,0.98,1.0,0.8823529411764706,0.9375,0.9411764705882353
primary_46_DecisionBoundary_randomized_smoothing_C1,46,DecisionBoundary,randomized_smoothing,C1,27,77,0,415,8,0.984,1.0,0.9058823529411765,0.9506172839506173,0.9529411764705882
primary_46_DecisionBoundary_randomized_smoothing_C1,46,DecisionBoundary,randomized_smoothing,C1,28,79,0,415,6,0.988,1.0,0.9294117647058824,0.9634146341463414,0.9647058823529412
primary_46_DecisionBoundary_randomized_smoothing_C1,46,DecisionBoundary,randomized_smoothing,C1,29,78,0,415,7,0.986,1.0,0.9176470588235294,0.9570552147239264,0.9588235294117646
primary_46_DecisionBoundary_randomized_smoothing_C1,46,DecisionBoundary,randomized_smoothing,C1,30,79,0,415,6,0.988,1.0,0.9294117647058824,0.9634146341463414,0.9647058823529412
primary_46_DecisionBoundary_randomized_smoothing_C1,46,DecisionBoundary,randomized_smoothing,C1,31,76,1,414,9,0.98,0.987012987012987,0.8941176470588236,0.9382716049382716,0.9458540042523034
primary_46_DecisionBoundary_randomized_smoothing_C1,46,DecisionBoundary,randomized_smoothing,C1,32,76,0,415,9,0.982,1.0,0.8941176470588236,0.9440993788819877,0.9470588235294117
primary_46_DecisionBoundary_randomized_smoothing_C1,46,DecisionBoundary,randomized_smoothing,C1,33,79,0,415,6,0.988,1.0,0.9294117647058824,0.9634146341463414,0.9647058823529412
primary_46_DecisionBoundary_randomized_smoothing_C1,46,DecisionBoundary,randomized_smoothing,C1,34,78,1,414,7,0.984,0.9873417721518988,0.9176470588235294,0.9512195121951219,0.9576187101346563
primary_46_DecisionBoundary_randomized_smoothing_C1,46,DecisionBoundary,randomized_smoothing,C1,35,73,0,415,12,0.976,1.0,0.8588235294117647,0.9240506329113923,0.9294117647058824
primary_46_DecisionBoundary_randomized_smoothing_C1,46,DecisionBoundary,randomized_smoothing,C1,36,78,0,415,7,0.986,1.0,0.9176470588235294,0.9570552147239264,0.9588235294117646
primary_46_DecisionBoundary_randomized_smoothing_C1,46,DecisionBoundary,randomized_smoothing,C1,37,77,1,414,8,0.982,0.9871794871794872,0.9058823529411765,0.9447852760736197,0.9517363571934798
primary_46_DecisionBoundary_randomized_smoothing_C1,46,DecisionBoundary,randomized_smoothing,C1,38,80,0,415,5,0.99,1.0,0.9411764705882353,0.9696969696969697,0.9705882352941176
primary_46_DecisionBoundary_randomized_smoothing_C1,46,DecisionBoundary,randomized_smoothing,C1,39,79,0,415,6,0.988,1.0,0.9294117647058824,0.9634146341463414,0.9647058823529412
primary_46_DecisionBoundary_randomized_smoothing_C1,46,DecisionBoundary,randomized_smoothing,C1,40,82,0,415,3,0.994,1.0,0.9647058823529412,0.9820359281437125,0.9823529411764707
primary_46_DecisionBoundary_randomized_smoothing_C1,46,DecisionBoundary,randomized_smoothing,C1,41,81,1,414,4,0.99,0.9878048780487805,0.9529411764705882,0.9700598802395209,0.9752657689581856
primary_46_DecisionBoundary_randomized_smoothing_C1,46,DecisionBoundary,randomized_smoothing,C1,42,79,0,415,6,0.988,1.0,0.9294117647058824,0.9634146341463414,0.9647058823529412
primary_46_DecisionBoundary_randomized_smoothing_C1,46,DecisionBoundary,randomized_smoothing,C1,43,77,1,414,8,0.982,0.9871794871794872,0.9058823529411765,0.9447852760736197,0.9517363571934798
primary_46_DecisionBoundary_randomized_smoothing_C1,46,DecisionBoundary,randomized_smoothing,C1,44,77,0,415,8,0.984,1.0,0.9058823529411765,0.9506172839506173,0.9529411764705882
primary_46_DecisionBoundary_randomized_smoothing_C1,46,DecisionBoundary,randomized_smoothing,C1,45,80,1,414,5,0.988,0.9876543209876543,0.9411764705882353,0.963855421686747,0.9693834160170092
primary_46_DecisionBoundary_randomized_smoothing_C1,46,DecisionBoundary,randomized_smoothing,C1,46,80,2,413,5,0.986,0.975609756097561,0.9411764705882353,0.9580838323353293,0.9681785967399008
primary_46_DecisionBoundary_randomized_smoothing_C1,46,DecisionBoundary,randomized_smoothing,C1,47,75,0,415,10,0.98,1.0,0.8823529411764706,0.9375,0.9411764705882353
primary_46_DecisionBoundary_randomized_smoothing_C1,46,DecisionBoundary,randomized_smoothing,C1,48,79,0,415,6,0.988,1.0,0.9294117647058824,0.9634146341463414,0.9647058823529412
primary_46_DecisionBoundary_randomized_smoothing_C1,46,DecisionBoundary,randomized_smoothing,C1,49,77,0,415,8,0.984,1.0,0.9058823529411765,0.9506172839506173,0.9529411764705882
primary_46_DecisionBoundary_randomized_smoothing_C1,46,DecisionBoundary,randomized_smoothing,C1,50,81,0,415,4,0.992,1.0,0.9529411764705882,0.9759036144578312,0.9764705882352941
primary_46_DecisionBoundary_randomized_smoothing_C1,46,DecisionBoundary,randomized_smoothing,C1,51,79,1,414,6,0.986,0.9875,0.9294117647058824,0.9575757575757576,0.9635010630758327
primary_46_DecisionBoundary_randomized_smoothing_C1,46,DecisionBoundary,randomized_smoothing,C1,52,80,2,413,5,0.986,0.975609756097561,0.9411764705882353,0.9580838323353293,0.9681785967399008
primary_46_DecisionBoundary_randomized_smoothing_C1,46,DecisionBoundary,randomized_smoothing,C1,53,74,1,414,11,0.976,0.9866666666666667,0.8705882352941177,0.925,0.9340892983699505
primary_46_DecisionBoundary_randomized_smoothing_C1,46,DecisionBoundary,randomized_smoothing,C1,54,81,0,415,4,0.992,1.0,0.9529411764705882,0.9759036144578312,0.9764705882352941
primary_46_DecisionBoundary_randomized_smoothing_C1,46,DecisionBoundary,randomized_smoothing,C1,55,76,0,415,9,0.982,1.0,0.8941176470588236,0.9440993788819877,0.9470588235294117
primary_46_DecisionBoundary_randomized_smoothing_C1,46,DecisionBoundary,randomized_smoothing,C1,56,74,0,415,11,0.978,1.0,0.8705882352941177,0.9308176100628931,0.9352941176470588
primary_46_DecisionBoundary_randomized_smoothing_C1,46,DecisionBoundary,randomized_smoothing,C1,57,79,1,414,6,0.986,0.9875,0.9294117647058824,0.9575757575757576,0.9635010630758327
primary_46_DecisionBoundary_randomized_smoothing_C1,46,DecisionBoundary,randomized_smoothing,C1,58,82,2,413,3,0.99,0.9761904761904762,0.9647058823529412,0.9704142011834319,0.9799433026222537
primary_46_DecisionBoundary_randomized_smoothing_C1,46,DecisionBoundary,randomized_smoothing,C1,59,73,1,414,12,0.974,0.9864864864864865,0.8588235294117647,0.9182389937106918,0.9282069454287739
primary_46_DecisionBoundary_randomized_smoothing_C1,46,DecisionBoundary,randomized_smoothing,C1,60,81,0,415,4,0.992,1.0,0.9529411764705882,0.9759036144578312,0.9764705882352941
primary_46_DecisionBoundary_randomized_smoothing_C1,46,DecisionBoundary,randomized_smoothing,C1,61,78,0,415,7,0.986,1.0,0.9176470588235294,0.9570552147239264,0.9588235294117646
primary_46_DecisionBoundary_randomized_smoothing_C1,46,DecisionBoundary,randomized_smoothing,C1,62,80,0,415,5,0.99,1.0,0.9411764705882353,0.9696969696969697,0.9705882352941176
primary_46_DecisionBoundary_randomized_smoothing_C1,46,DecisionBoundary,randomized_smoothing,C1,63,75,0,415,10,0.98,1.0,0.8823529411764706,0.9375,0.9411764705882353
primary_46_DecisionBoundary_randomized_smoothing_C1,46,DecisionBoundary,randomized_smoothing,C1,64,75,0,415,10,0.98,1.0,0.8823529411764706,0.9375,0.9411764705882353
primary_46_DecisionBoundary_randomized_smoothing_C1,46,DecisionBoundary,randomized_smoothing,C1,65,76,1,414,9,0.98,0.987012987012987,0.8941176470588236,0.9382716049382716,0.9458540042523034
primary_46_DecisionBoundary_randomized_smoothing_C1,46,DecisionBoundary,randomized_smoothing,C1,66,80,1,414,5,0.988,0.9876543209876543,0.9411764705882353,0.963855421686747,0.9693834160170092
primary_46_DecisionBoundary_randomized_smoothing_C1,46,DecisionBoundary,randomized_smoothing,C1,67,78,0,415,7,0.986,1.0,0.9176470588235294,0.9570552147239264,0.9588235294117646
primary_46_DecisionBoundary_randomized_smoothing_C1,46,DecisionBoundary,randomized_smoothing,C1,68,76,0,415,9,0.982,1.0,0.8941176470588236,0.9440993788819877,0.9470588235294117
primary_46_DecisionBoundary_randomized_smoothing_C1,46,DecisionBoundary,randomized_smoothing,C1,69,80,2,413,5,0.986,0.975609756097561,0.9411764705882353,0.9580838323353293,0.9681785967399008
primary_46_DecisionBoundary_randomized_smoothing_C1,46,DecisionBoundary,randomized_smoothing,C1,70,81,0,415,4,0.992,1.0,0.9529411764705882,0.9759036144578312,0.9764705882352941
primary_46_DecisionBoundary_randomized_smoothing_C1,46,DecisionBoundary,randomized_smoothing,C1,71,77,0,415,8,0.984,1.0,0.9058823529411765,0.9506172839506173,0.9529411764705882
primary_46_DecisionBoundary_randomized_smoothing_C1,46,DecisionBoundary,randomized_smoothing,C1,72,76,1,414,9,0.98,0.987012987012987,0.8941176470588236,0.9382716049382716,0.9458540042523034
primary_46_DecisionBoundary_randomized_smoothing_C1,46,DecisionBoundary,randomized_smoothing,C1,73,76,1,414,9,0.98,0.987012987012987,0.8941176470588236,0.9382716049382716,0.9458540042523034
primary_46_DecisionBoundary_randomized_smoothing_C1,46,DecisionBoundary,randomized_smoothing,C1,74,79,0,415,6,0.988,1.0,0.9294117647058824,0.9634146341463414,0.9647058823529412
primary_46_DecisionBoundary_randomized_smoothing_C1,46,DecisionBoundary,randomized_smoothing,C1,75,77,0,415,8,0.984,1.0,0.9058823529411765,0.9506172839506173,0.9529411764705882
primary_46_DecisionBoundary_randomized_smoothing_C1,46,DecisionBoundary,randomized_smoothing,C1,76,77,1,414,8,0.982,0.9871794871794872,0.9058823529411765,0.9447852760736197,0.9517363571934798
primary_46_DecisionBoundary_randomized_smoothing_C1,46,DecisionBoundary,randomized_smoothing,C1,77,78,0,415,7,0.986,1.0,0.9176470588235294,0.9570552147239264,0.9588235294117646
primary_46_DecisionBoundary_randomized_smoothing_C1,46,DecisionBoundary,randomized_smoothing,C1,78,83,1,414,2,0.994,0.9880952380952381,0.9764705882352941,0.9822485207100591,0.9870304748405386
primary_46_DecisionBoundary_randomized_smoothing_C1,46,DecisionBoundary,randomized_smoothing,C1,79,80,0,415,5,0.99,1.0,0.9411764705882353,0.9696969696969697,0.9705882352941176
primary_46_DecisionBoundary_randomized_smoothing_C1,46,DecisionBoundary,randomized_smoothing,C1,80,79,0,415,6,0.988,1.0,0.9294117647058824,0.9634146341463414,0.9647058823529412
primary_46_DecisionBoundary_randomized_smoothing_C1,46,DecisionBoundary,randomized_smoothing,C1,81,75,0,415,10,0.98,1.0,0.8823529411764706,0.9375,0.9411764705882353
primary_46_DecisionBoundary_randomized_smoothing_C1,46,DecisionBoundary,randomized_smoothing,C1,82,79,1,414,6,0.986,0.9875,0.9294117647058824,0.9575757575757576,0.9635010630758327
primary_46_DecisionBoundary_randomized_smoothing_C1,46,DecisionBoundary,randomized_smoothing,C1,83,77,0,415,8,0.984,1.0,0.9058823529411765,0.9506172839506173,0.9529411764705882
primary_46_DecisionBoundary_randomized_smoothing_C1,46,DecisionBoundary,randomized_smoothing,C1,84,78,0,415,7,0.986,1.0,0.9176470588235294,0.9570552147239264,0.9588235294117646
primary_46_DecisionBoundary_randomized_smoothing_C1,46,DecisionBoundary,randomized_smoothing,C1,85,78,1,414,7,0.984,0.9873417721518988,0.9176470588235294,0.9512195121951219,0.9576187101346563
primary_46_DecisionBoundary_randomized_smoothing_C1,46,DecisionBoundary,randomized_smoothing,C1,86,74,2,413,11,0.974,0.9736842105263158,0.8705882352941177,0.9192546583850931,0.9328844790928419
primary_46_DecisionBoundary_randomized_smoothing_C1,46,DecisionBoundary,randomized_smoothing,C1,87,78,0,415,7,0.986,1.0,0.9176470588235294,0.9570552147239264,0.9588235294117646
primary_46_DecisionBoundary_randomized_smoothing_C1,46,DecisionBoundary,randomized_smoothing,C1,88,80,0,415,5,0.99,1.0,0.9411764705882353,0.9696969696969697,0.9705882352941176
primary_46_DecisionBoundary_randomized_smoothing_C1,46,DecisionBoundary,randomized_smoothing,C1,89,79,1,414,6,0.986,0.9875,0.9294117647058824,0.9575757575757576,0.9635010630758327
primary_46_DecisionBoundary_randomized_smoothing_C1,46,DecisionBoundary,randomized_smoothing,C1,90,81,1,414,4,0.99,0.9878048780487805,0.9529411764705882,0.9700598802395209,0.9752657689581856
primary_46_DecisionBoundary_randomized_smoothing_C1,46,DecisionBoundary,randomized_smoothing,C1,91,78,2,413,7,0.982,0.975,0.9176470588235294,0.9454545454545454,0.9564138908575478
primary_46_DecisionBoundary_randomized_smoothing_C1,46,DecisionBoundary,randomized_smoothing,C1,92,80,0,415,5,0.99,1.0,0.9411764705882353,0.9696969696969697,0.9705882352941176
primary_46_DecisionBoundary_randomized_smoothing_C1,46,DecisionBoundary,randomized_smoothing,C1,93,79,0,415,6,0.988,1.0,0.9294117647058824,0.9634146341463414,0.9647058823529412
primary_46_DecisionBoundary_randomized_smoothing_C1,46,DecisionBoundary,randomized_smoothing,C1,94,82,0,415,3,0.994,1.0,0.9647058823529412,0.9820359281437125,0.9823529411764707
primary_46_DecisionBoundary_randomized_smoothing_C1,46,DecisionBoundary,randomized_smoothing,C1,95,82,1,414,3,0.992,0.9879518072289156,0.9647058823529412,0.9761904761904762,0.9811481218993622
primary_46_DecisionBoundary_randomized_smoothing_C1,46,DecisionBoundary,randomized_smoothing,C1,96,82,0,415,3,0.994,1.0,0.9647058823529412,0.9820359281437125,0.9823529411764707
primary_46_DecisionBoundary_randomized_smoothing_C1,46,DecisionBoundary,randomized_smoothing,C1,97,75,1,414,10,0.978,0.9868421052631579,0.8823529411764706,0.9316770186335402,0.9399716513111269
primary_46_DecisionBoundary_randomized_smoothing_C1,46,DecisionBoundary,randomized_smoothing,C1,98,75,0,415,10,0.98,1.0,0.8823529411764706,0.9375,0.9411764705882353
primary_46_DecisionBoundary_randomized_smoothing_C1,46,DecisionBoundary,randomized_smoothing,C1,99,81,1,414,4,0.99,0.9878048780487805,0.9529411764705882,0.9700598802395209,0.9752657689581856
primary_46_DecisionBoundary_randomized_smoothing_C1,46,DecisionBoundary,randomized_smoothing,C1,100,80,1,414,5,0.988,0.9876543209876543,0.9411764705882353,0.963855421686747,0.9693834160170092
primary_46_DecisionBoundary_randomized_smoothing_C1,46,DecisionBoundary,randomized_smoothing,C1,101,81,0,415,4,0.992,1.0,0.9529411764705882,0.9759036144578312,0.9764705882352941
primary_46_DecisionBoundary_randomized_smoothing_C1,46,DecisionBoundary,randomized_smoothing,C1,102,81,0,415,4,0.992,1.0,0.9529411764705882,0.9759036144578312,0.9764705882352941
primary_46_DecisionBoundary_randomized_smoothing_C1,46,DecisionBoundary,randomized_smoothing,C1,103,79,0,415,6,0.988,1.0,0.9294117647058824,0.9634146341463414,0.9647058823529412
primary_46_DecisionBoundary_randomized_smoothing_C1,46,DecisionBoundary,randomized_smoothing,C1,104,81,0,415,4,0.992,1.0,0.9529411764705882,0.9759036144578312,0.9764705882352941
primary_46_DecisionBoundary_randomized_smoothing_C1,46,DecisionBoundary,randomized_smoothing,C1,105,81,0,415,4,0.992,1.0,0.9529411764705882,0.9759036144578312,0.9764705882352941
primary_46_DecisionBoundary_randomized_smoothing_C1,46,DecisionBoundary,randomized_smoothing,C1,106,74,0,415,11,0.978,1.0,0.8705882352941177,0.9308176100628931,0.9352941176470588
primary_46_DecisionBoundary_randomized_smoothing_C1,46,DecisionBoundary,randomized_smoothing,C1,107,78,0,415,7,0.986,1.0,0.9176470588235294,0.9570552147239264,0.9588235294117646
primary_46_DecisionBoundary_randomized_smoothing_C1,46,DecisionBoundary,randomized_smoothing,C1,108,81,0,415,4,0.992,1.0,0.9529411764705882,0.9759036144578312,0.9764705882352941
primary_46_DecisionBoundary_randomized_smoothing_C1,46,DecisionBoundary,randomized_smoothing,C1,109,76,0,415,9,0.982,1.0,0.8941176470588236,0.9440993788819877,0.9470588235294117
primary_46_DecisionBoundary_randomized_smoothing_C1,46,DecisionBoundary,randomized_smoothing,C1,110,77,1,414,8,0.982,0.9871794871794872,0.9058823529411765,0.9447852760736197,0.9517363571934798
primary_46_DecisionBoundary_randomized_smoothing_C1,46,DecisionBoundary,randomized_smoothing,C1,111,83,1,414,2,0.994,0.9880952380952381,0.9764705882352941,0.9822485207100591,0.9870304748405386
primary_46_DecisionBoundary_randomized_smoothing_C1,46,DecisionBoundary,randomized_smoothing,C1,112,80,1,414,5,0.988,0.9876543209876543,0.9411764705882353,0.963855421686747,0.9693834160170092
primary_46_DecisionBoundary_randomized_smoothing_C1,46,DecisionBoundary,randomized_smoothing,C1,113,77,1,414,8,0.982,0.9871794871794872,0.9058823529411765,0.9447852760736197,0.9517363571934798
primary_46_DecisionBoundary_randomized_smoothing_C1,46,DecisionBoundary,randomized_smoothing,C1,114,79,0,415,6,0.988,1.0,0.9294117647058824,0.9634146341463414,0.9647058823529412
primary_46_DecisionBoundary_randomized_smoothing_C1,46,DecisionBoundary,randomized_smoothing,C1,115,77,0,415,8,0.984,1.0,0.9058823529411765,0.9506172839506173,0.9529411764705882
primary_46_DecisionBoundary_randomized_smoothing_C1,46,DecisionBoundary,randomized_smoothing,C1,116,76,1,414,9,0.98,0.987012987012987,0.8941176470588236,0.9382716049382716,0.9458540042523034
primary_46_DecisionBoundary_randomized_smoothing_C1,46,DecisionBoundary,randomized_smoothing,C1,117,78,0,415,7,0.986,1.0,0.9176470588235294,0.9570552147239264,0.9588235294117646
primary_46_DecisionBoundary_randomized_smoothing_C1,46,DecisionBoundary,randomized_smoothing,C1,118,79,1,414,6,0.986,0.9875,0.9294117647058824,0.9575757575757576,0.9635010630758327
primary_46_DecisionBoundary_randomized_smoothing_C1,46,DecisionBoundary,randomized_smoothing,C1,119,78,0,415,7,0.986,1.0,0.9176470588235294,0.9570552147239264,0.9588235294117646
primary_46_DecisionBoundary_randomized_smoothing_C1,46,DecisionBoundary,randomized_smoothing,C1,120,82,0,415,3,0.994,1.0,0.9647058823529412,0.9820359281437125,0.9823529411764707
primary_46_DecisionBoundary_randomized_smoothing_C1,46,DecisionBoundary,randomized_smoothing,C1,121,77,0,415,8,0.984,1.0,0.9058823529411765,0.9506172839506173,0.9529411764705882
primary_46_DecisionBoundary_randomized_smoothing_C1,46,DecisionBoundary,randomized_smoothing,C1,122,77,0,415,8,0.984,1.0,0.9058823529411765,0.9506172839506173,0.9529411764705882
primary_46_DecisionBoundary_randomized_smoothing_C1,46,DecisionBoundary,randomized_smoothing,C1,123,75,0,415,10,0.98,1.0,0.8823529411764706,0.9375,0.9411764705882353
primary_46_DecisionBoundary_randomized_smoothing_C1,46,DecisionBoundary,randomized_smoothing,C1,124,80,1,414,5,0.988,0.9876543209876543,0.9411764705882353,0.963855421686747,0.9693834160170092
primary_46_DecisionBoundary_randomized_smoothing_C1,46,DecisionBoundary,randomized_smoothing,C1,125,82,2,413,3,0.99,0.9761904761904762,0.9647058823529412,0.9704142011834319,0.9799433026222537
primary_46_DecisionBoundary_randomized_smoothing_C1,46,DecisionBoundary,randomized_smoothing,C1,126,81,0,415,4,0.992,1.0,0.9529411764705882,0.9759036144578312,0.9764705882352941
primary_46_DecisionBoundary_randomized_smoothing_C1,46,DecisionBoundary,randomized_smoothing,C1,127,75,0,415,10,0.98,1.0,0.8823529411764706,0.9375,0.9411764705882353
primary_46_DecisionBoundary_randomized_smoothing_C1,46,DecisionBoundary,randomized_smoothing,C1,128,83,0,415,2,0.996,1.0,0.9764705882352941,0.988095238095238,0.9882352941176471
primary_46_DecisionBoundary_randomized_smoothing_C1,46,DecisionBoundary,randomized_smoothing,C1,129,77,0,415,8,0.984,1.0,0.9058823529411765,0.9506172839506173,0.9529411764705882
primary_46_DecisionBoundary_randomized_smoothing_C1,46,DecisionBoundary,randomized_smoothing,C1,130,82,0,415,3,0.994,1.0,0.9647058823529412,0.9820359281437125,0.9823529411764707
primary_46_DecisionBoundary_randomized_smoothing_C1,46,DecisionBoundary,randomized_smoothing,C1,131,80,1,414,5,0.988,0.9876543209876543,0.9411764705882353,0.963855421686747,0.9693834160170092
primary_46_DecisionBoundary_randomized_smoothing_C1,46,DecisionBoundary,randomized_smoothing,C1,132,77,0,415,8,0.984,1.0,0.9058823529411765,0.9506172839506173,0.9529411764705882
primary_46_DecisionBoundary_randomized_smoothing_C1,46,DecisionBoundary,randomized_smoothing,C1,133,79,1,414,6,0.986,0.9875,0.9294117647058824,0.9575757575757576,0.9635010630758327
primary_46_DecisionBoundary_randomized_smoothing_C1,46,DecisionBoundary,randomized_smoothing,C1,134,77,0,415,8,0.984,1.0,0.9058823529411765,0.9506172839506173,0.9529411764705882
primary_46_DecisionBoundary_randomized_smoothing_C1,46,DecisionBoundary,randomized_smoothing,C1,135,82,0,415,3,0.994,1.0,0.9647058823529412,0.9820359281437125,0.9823529411764707
primary_46_DecisionBoundary_randomized_smoothing_C1,46,DecisionBoundary,randomized_smoothing,C1,136,82,0,415,3,0.994,1.0,0.9647058823529412,0.9820359281437125,0.9823529411764707
primary_46_DecisionBoundary_randomized_smoothing_C1,46,DecisionBoundary,randomized_smoothing,C1,137,78,2,413,7,0.982,0.975,0.9176470588235294,0.9454545454545454,0.9564138908575478
primary_46_DecisionBoundary_randomized_smoothing_C1,46,DecisionBoundary,randomized_smoothing,C1,138,78,0,415,7,0.986,1.0,0.9176470588235294,0.9570552147239264,0.9588235294117646
primary_46_DecisionBoundary_randomized_smoothing_C1,46,DecisionBoundary,randomized_smoothing,C1,139,78,1,414,7,0.984,0.9873417721518988,0.9176470588235294,0.9512195121951219,0.9576187101346563
primary_46_DecisionBoundary_randomized_smoothing_C1,46,DecisionBoundary,randomized_smoothing,C1,140,79,0,415,6,0.988,1.0,0.9294117647058824,0.9634146341463414,0.9647058823529412
primary_46_DecisionBoundary_randomized_smoothing_C1,46,DecisionBoundary,randomized_smoothing,C1,141,77,0,415,8,0.984,1.0,0.9058823529411765,0.9506172839506173,0.9529411764705882
primary_46_DecisionBoundary_randomized_smoothing_C1,46,DecisionBoundary,randomized_smoothing,C1,142,81,0,415,4,0.992,1.0,0.9529411764705882,0.9759036144578312,0.9764705882352941
primary_46_DecisionBoundary_randomized_smoothing_C1,46,DecisionBoundary,randomized_smoothing,C1,143,80,0,415,5,0.99,1.0,0.9411764705882353,0.9696969696969697,0.9705882352941176
